     0.000      0.000   0.000      0.000      0.000   0.000   0.0000  0.0000      0.000      0.000    287.432    -83.347    262.919     49.450 N000001
   459.893   -127.905 -10.975    458.475     60.104 -10.975  -0.1074  0.0947    477.332    -59.587    477.440    -59.682    458.586     60.003 N000002
   864.913   -124.467  -8.714    872.802     36.667  -8.714  -0.0867  0.0332    882.370    -56.153    882.457    -56.186    872.890     36.629 N000003
   332.304    -48.915 -11.517    326.874    146.779 -11.517  -0.1686  0.0850    349.736     19.406    349.905     19.321    327.048    146.683 N000004
  2316.597    -26.265 -10.356   2329.806     41.746 -10.356   0.0968  0.0847   2334.115     42.035   2334.018     41.950   2329.710     41.669 N000005
     0.000      0.000   0.000      0.000      0.000   0.000   0.0000  0.0000      0.000      0.000    742.449     59.317    729.950    159.608 N000006
  1272.411     -5.995 -10.375   1285.979    126.683 -10.375  -0.0890  0.0051   1289.884     62.316   1289.973     62.311   1286.069    126.672 N000007
     0.000      0.000   0.000      0.000      0.000   0.000   0.0000  0.0000      0.000      0.000   2837.039     97.295   2826.267     65.322 N000008
   764.732     70.842  -8.865    770.400    235.685  -8.865   0.0049 -0.2036    782.182    139.160    782.177    139.363    770.395    235.886 N000009
  2272.972     90.613 -11.143   2287.136    158.359 -11.144  -0.0283  0.1130   2290.486    158.915   2290.515    158.802   2287.164    158.247 N000010
  3387.687     96.240 -13.511   3382.986     97.070 -13.511   0.1874 -0.0514   3405.250    164.531   3405.063    164.582   3382.804     97.131 N000011
   132.908    102.730 -12.956    119.962    310.912 -12.957  -0.0916 -0.1834    150.330    171.055    150.422    171.238    120.056    311.088 N000012
     0.000      0.000   0.000      0.000      0.000   0.000   0.0000  0.0000      0.000      0.000    555.473    178.821    538.097    290.300 N000013
   441.586    138.769 -10.334    438.805    324.959 -10.334   0.0863 -0.2309    459.021    207.092    458.935    207.323    438.715    325.194 N000014
  2368.342    183.345 -12.052   2382.070    242.993 -12.052  -0.1580 -0.1551   2385.859    251.648   2386.017    251.803   2382.227    243.135 N000015
     0.000      0.000   0.000      0.000      0.000   0.000   0.0000  0.0000      0.000      0.000   1851.494    255.808   1850.428    280.528 N000016
  1619.956    221.148  -9.664   1636.070    327.249  -9.665  -0.0437  0.1253   1637.441    289.459   1637.485    289.334   1636.114    327.123 N000017
  2881.775    221.447 -10.930   2888.800    248.759 -10.930  -0.1962 -0.0530   2899.313    289.745   2899.510    289.798   2888.993    248.799 N000018
  1939.184    290.858 -10.883   1955.732    375.136 -10.883   0.1844 -0.1417   1956.682    359.167   1956.497    359.309   1955.548    375.287 N000019
   687.850    302.657  -8.961    691.066    470.099  -8.961  -0.0870  0.2817    705.294    370.979    705.381    370.698    691.156    469.814 N000020
     0.000      0.000   0.000      0.000      0.000   0.000   0.0000  0.0000      0.000      0.000   1887.494    390.310   1886.688    410.121 N000021
  1466.402    322.359  -8.748   1481.713    436.769  -8.748  -0.0982 -0.1408   1483.878    390.674   1483.976    390.815   1481.812    436.901 N000022
  2178.143    350.838 -11.760   2193.976    418.701 -11.760   0.1429 -0.1620   2195.650    419.145   2195.507    419.307   2193.834    418.869 N000023
  1247.414    353.508 -10.395   1260.605    482.043 -10.395  -0.0856  0.0083   1264.881    421.826   1264.967    421.817   1260.692    482.029 N000024
     0.000      0.000   0.000      0.000      0.000   0.000   0.0000  0.0000      0.000      0.000   3717.572    452.506   3689.783    358.099 N000025
     0.000      0.000   0.000      0.000      0.000   0.000   0.0000  0.0000      0.000      0.000   1515.477    459.815   1513.531    502.753 N000026
   997.371    398.957 -10.746   1006.744    543.957 -10.746  -0.1294 -0.0429   1014.826    467.278   1014.955    467.321   1006.875    543.990 N000027
     0.000      0.000   0.000      0.000      0.000   0.000   0.0000  0.0000      0.000      0.000   1099.959    476.820   1093.278    547.542 N000028
  1120.647    414.257  -8.840   1132.005    550.619  -8.841   0.1474 -0.2426   1138.108    482.577   1137.960    482.820   1131.855    550.869 N000029
     0.000      0.000   0.000      0.000      0.000   0.000   0.0000  0.0000      0.000      0.000   1112.059    488.820   1105.540    558.573 N000030
     0.000      0.000   0.000      0.000      0.000   0.000   0.0000  0.0000      0.000      0.000   3149.047    489.832   3135.279    428.465 N000031
  3177.504    447.703 -13.307   3180.547    451.165 -13.308   0.0038  0.1575   3195.052    516.001   3195.048    515.844   3180.542    451.012 N000032
  2468.057    458.788  -8.849   2482.027    506.041  -8.850   0.0570 -0.2117   2485.575    527.094   2485.518    527.306   2481.971    506.252 N000033
     0.000      0.000   0.000      0.000      0.000   0.000   0.0000  0.0000      0.000      0.000    213.086    546.747    182.609    680.105 N000034
     0.000      0.000   0.000      0.000      0.000   0.000   0.0000  0.0000      0.000      0.000   2081.000    552.811   2080.187    557.136 N000035
   166.801    499.532 -12.832    152.486    703.304 -12.832  -0.1993  0.0316    184.218    567.863    184.418    567.831    152.693    703.258 N000036
     0.000      0.000   0.000      0.000      0.000   0.000   0.0000  0.0000      0.000      0.000   2335.310    590.809   2333.287    578.035 N000037
     0.000      0.000   0.000      0.000      0.000   0.000   0.0000  0.0000      0.000      0.000   1598.978    598.817   1597.521    634.160 N000038
  1791.303    555.925 -13.048   1808.186    645.216 -13.048  -0.1970 -0.0749   1808.790    624.240   1808.987    624.315   1808.383    645.277 N000039
  1434.800    560.617  -8.600   1449.674    673.785  -8.601  -0.1996  0.1171   1452.272    628.936   1452.472    628.819   1449.876    673.656 N000040
  2792.408    569.078  -8.755   2802.951    593.518  -8.755  -0.0916  0.0779   2809.938    637.382   2810.030    637.304   2803.041    593.436 N000041
     0.000      0.000   0.000      0.000      0.000   0.000   0.0000  0.0000      0.000      0.000   2424.097    638.809   2421.538    619.412 N000042
  3255.288    579.622  -8.637   3257.692    575.040  -8.638  -0.0457  0.1225   3272.837    647.922   3272.883    647.800   3257.735    574.918 N000043
  1815.869    580.655  -8.699   1832.811    667.941  -8.699   1.0690  0.6554   1833.357    648.970   1832.288    648.315   1831.740    667.367 N000044
  2732.668    599.376 -10.257   2744.192    626.939 -10.257   0.1678 -0.1239   2750.195    667.682   2750.027    667.806   2744.027    627.071 N000045
    69.408    608.651 -10.084     50.235    819.615 -10.084  -0.0916  0.1515     86.820    676.985     86.912    676.834     50.332    819.456 N000046
  2019.197    614.634  -8.805   2036.205    687.933  -8.806   0.1970  0.1345   2036.693    682.948   2036.496    682.813   2036.008    687.814 N000047
     0.000      0.000   0.000      0.000      0.000   0.000   0.0000  0.0000      0.000      0.000   2917.641    684.304   2909.282    632.652 N000048
     0.000      0.000   0.000      0.000      0.000   0.000   0.0000  0.0000      0.000      0.000   1161.458    685.323   1155.142    749.593 N000049
  2361.163    627.435 -11.895   2376.655    678.203 -11.895   0.1627 -0.0653   2378.673    695.745   2378.511    695.810   2376.494    678.278 N000050
     0.000      0.000   0.000      0.000      0.000   0.000   0.0000  0.0000      0.000      0.000   2159.501    719.313   2158.754    715.628 N000051
  1650.041    666.808 -11.664   1666.369    764.020 -11.664   0.0406 -0.1915   1667.520    735.127   1667.479    735.318   1666.328    764.212 N000052
     0.000      0.000   0.000      0.000      0.000   0.000   0.0000  0.0000      0.000      0.000   1476.471    736.520   1473.918    778.442 N000053
     0.000      0.000   0.000      0.000      0.000   0.000   0.0000  0.0000      0.000      0.000    414.488    738.269    389.709    856.158 N000054
  2584.561    677.272 -11.018   2598.207    712.716 -11.018   0.0606 -0.2284   2602.080    745.580   2602.020    745.808   2598.148    712.944 N000055
  3247.596    678.569 -12.383   3250.879    672.124 -12.384   0.0957  0.0694   3265.144    746.871   3265.048    746.801   3250.785    672.062 N000056
     0.000      0.000   0.000      0.000      0.000   0.000   0.0000  0.0000      0.000      0.000   1485.471    763.821   1482.942    804.820 N000057
     0.000      0.000   0.000      0.000      0.000   0.000   0.0000  0.0000      0.000      0.000   4087.583    781.793   4052.264    656.306 N000058
     0.000      0.000   0.000      0.000      0.000   0.000   0.0000  0.0000      0.000      0.000    602.932    797.330    583.619    901.055 N000059
  1772.336    731.136  -8.620   1789.164    819.247  -8.620  -0.0641  0.2357   1789.820    799.454   1789.884    799.218   1789.228    819.010 N000060
  2832.690    735.930 -10.399   2843.504    754.357 -10.399   0.1903 -0.0700   2850.220    804.237   2850.029    804.307   2843.317    754.438 N000061
  1304.319    742.739  -8.367   1317.342    862.964  -8.368  -0.2813 -0.0607   1321.782    811.062   1322.063    811.123   1317.627    863.004 N000062
  3791.172    743.519  -9.776   3781.911    702.240  -9.776   0.1715  0.0189   3808.742    811.815   3808.571    811.797   3781.744    702.232 N000063
  2520.522    744.373  -9.074   2535.057    782.712  -9.075   0.2096 -0.0641   2538.038    812.684   2537.828    812.748   2534.850    782.789 N000064
  3816.874    751.915  -9.415   3806.976    708.874  -9.415  -0.1263 -0.0847   3834.445    820.212   3834.572    820.296   3807.099    708.949 N000065
  1728.672    757.587  -9.216   1745.310    848.334  -9.216   0.1717  0.0873   1746.153    825.906   1745.981    825.819   1745.137    848.259 N000066
  3282.148    779.936  -9.601   3285.434    769.077  -9.601   0.1484 -0.0636   3299.697    848.239   3299.548    848.303   3285.289    769.149 N000067
     0.000      0.000   0.000      0.000      0.000   0.000   0.0000  0.0000      0.000      0.000   1344.464    850.823   1340.178    900.784 N000068
   498.546    783.963 -10.610    493.608    962.373 -10.610   0.0458 -0.0374    515.974    852.295    515.928    852.332    493.560    962.414 N000069
     0.000      0.000   0.000      0.000      0.000   0.000   0.0000  0.0000      0.000      0.000   1530.972    856.822   1528.663    893.698 N000070
  1617.323    788.838  -8.653   1633.292    886.853  -8.653  -0.1768 -0.1625   1634.799    857.158   1634.976    857.320   1633.470    887.002 N000071
   937.602    793.506 -10.386    944.180    939.495 -10.386   0.1024  0.0057    955.049    861.833    954.947    861.828    944.075    939.497 N000072
     0.000      0.000   0.000      0.000      0.000   0.000   0.0000  0.0000      0.000      0.000   2862.946    868.474   2856.363    816.534 N000073
  1204.572    806.573 -12.022   1215.960    933.316 -12.022   0.0718  0.0730   1222.030    874.898   1221.958    874.825   1215.887    933.249 N000074
     0.000      0.000   0.000      0.000      0.000   0.000   0.0000  0.0000      0.000      0.000   2092.996    881.816   2092.633    880.074 N000075
  2203.962    816.957  -8.921   2220.760    874.901  -8.921  -0.0384 -0.0434   2221.463    885.271   2221.501    885.315   2220.798    874.941 N000076
  3008.934    818.759 -10.585   3017.490    824.327 -10.585  -0.0412 -0.1659   3026.470    887.065   3026.511    887.231   3017.531    824.487 N000077
  2107.422    841.014 -10.298   2124.525    905.070 -10.298  -0.0779  0.0143   2124.919    909.330   2124.997    909.316   2124.603    905.051 N000078
     0.000      0.000   0.000      0.000      0.000   0.000   0.0000  0.0000      0.000      0.000    161.412    911.337    125.626   1048.542 N000079
  1604.609    846.779 -10.977   1620.382    945.077 -10.977   0.1086 -0.2206   1622.083    915.101   1621.975    915.321   1620.272    945.303 N000080
  1555.802    847.348 -10.387   1571.194    949.032 -10.387  -0.1733 -0.1521   1573.274    915.670   1573.448    915.822   1571.368    949.171 N000081
  2182.701    867.741 -10.399   2199.638    926.385 -10.399   0.2010 -0.2276   2200.200    936.057   2199.999    936.284   2199.438    926.623 N000082
  2864.663    872.194  -8.781   2875.679    885.987  -8.781   0.1631  0.0508   2882.192    940.502   2882.029    940.451   2875.518    885.948 N000083
  2768.830    873.191 -10.400   2781.116    893.159 -10.400  -0.1699  0.1907   2786.355    941.500   2786.525    941.309   2781.283    892.961 N000084
     0.000      0.000   0.000      0.000      0.000   0.000   0.0000  0.0000      0.000      0.000   2570.765    961.895   2567.948    927.271 N000085
  2331.507    902.953  -8.538   2347.854    951.165  -8.538   0.0069 -0.0471   2349.012    971.268   2349.005    971.315   2347.847    951.212 N000086
   391.578    917.217  -8.872    381.925   1103.734  -8.873   0.0780 -0.1578    408.999    985.553    408.921    985.711    381.843   1103.898 N000087
     0.000      0.000   0.000      0.000      0.000   0.000   0.0000  0.0000      0.000      0.000   1308.394    987.826   1303.145   1039.304 N000088
  2812.112    934.340 -10.116   2824.107    950.442 -10.116   0.1123 -0.1604   2829.638   1002.650   2829.526   1002.810   2823.997    950.607 N000089
  2391.536    936.911 -13.216   2407.599    980.640 -13.216   0.0363 -0.0893   2409.044   1005.225   2409.007   1005.315   2407.563    980.731 N000090
   538.643    937.344 -10.053    533.700   1112.618 -10.053   0.1434 -0.1562    556.071   1005.678    555.927   1005.834    533.551   1112.785 N000091
  2149.706    943.911  -8.971   2166.792   1003.778  -8.972   0.0810 -0.0888   2167.203   1012.228   2167.122   1012.317   2166.711   1003.871 N000092
  2880.698    947.390  -8.750   2891.830    958.817  -8.750   0.1982 -0.1103   2898.227   1015.699   2898.028   1015.810   2891.635    958.938 N000093
     0.000      0.000   0.000      0.000      0.000   0.000   0.0000  0.0000      0.000      0.000   1569.471   1018.824   1567.106   1051.547 N000094
  1807.672    952.766  -9.424   1824.438   1035.930  -9.424   0.1362 -0.2342   1825.154   1021.087   1825.018   1021.321   1824.301   1036.171 N000095
  2325.105    956.519 -10.819   2341.577   1004.413 -10.819   0.1051  0.0189   2342.609   1024.834   2342.504   1024.816   2341.473   1004.401 N000096
     0.000      0.000   0.000      0.000      0.000   0.000   0.0000  0.0000      0.000      0.000   2186.998   1026.817   2186.554   1016.846 N000097
  1059.250    965.046 -10.749   1067.354   1101.387 -10.749  -0.2205  0.0457   1076.700   1033.375   1076.920   1033.329   1067.579   1101.325 N000098
     0.000      0.000   0.000      0.000      0.000   0.000   0.0000  0.0000      0.000      0.000   2418.507   1037.440   2417.068   1011.770 N000099
  1086.838    974.184  -9.815   1095.423   1108.469  -9.815  -0.1620  0.1837   1104.289   1042.513   1104.451   1042.329   1095.589   1108.274 N000100
  2042.103    974.455 -13.678   2059.322   1041.274 -13.678   1.1032  0.6551   2059.595   1042.774   2058.492   1042.119   2058.219   1040.701 N000101
     0.000      0.000   0.000      0.000      0.000   0.000   0.0000  0.0000      0.000      0.000   1971.988   1057.870   1971.645   1062.205 N000102
  1409.972   1007.769  -9.913   1423.394   1118.495  -9.914  -0.0278 -0.2048   1427.436   1076.095   1427.464   1076.300   1423.421   1118.696 N000103
  2129.903   1017.181 -10.639   2147.063   1077.520 -10.640  -0.0970  0.1813   2147.398   1085.500   2147.495   1085.319   2147.160   1077.334 N000104
  1972.616   1023.075 -10.505   1989.772   1094.135 -10.505   0.1164  0.0750   1990.104   1091.395   1989.988   1091.320   1989.656   1094.069 N000105
   533.142   1023.572 -10.643    527.254   1199.351 -10.643   0.1420  0.0725    550.568   1091.908    550.426   1091.836    527.108   1199.289 N000106
     0.000      0.000   0.000      0.000      0.000   0.000   0.0000  0.0000      0.000      0.000   1816.981   1096.767   1816.126   1111.467 N000107
  3750.997   1029.708 -10.602   3745.369    984.320 -10.603  -0.0032  0.1601   3768.562   1098.009   3768.565   1097.849   3745.371    984.163 N000108
  2360.192   1044.826 -10.964   2376.609   1089.211 -10.964   0.1918 -0.1741   2377.696   1113.142   2377.504   1113.317   2376.418   1089.396 N000109
     0.000      0.000   0.000      0.000      0.000   0.000   0.0000  0.0000      0.000      0.000   1751.977   1120.323   1750.724   1139.386 N000110
  1826.120   1056.982  -8.999   1842.815   1137.894  -8.999   0.1202 -0.0182   1843.601   1125.304   1843.481   1125.322   1842.694   1137.920 N000111
  3739.570   1057.344 -10.463   3734.468   1012.095 -10.463   0.0448 -0.1555   3757.134   1125.647   3757.089   1125.802   3734.426   1012.250 N000112
     0.000      0.000   0.000      0.000      0.000   0.000   0.0000  0.0000      0.000      0.000   3100.535   1127.809   3091.627   1055.904 N000113
  1396.350   1068.046 -11.741   1409.360   1179.413 -11.742  -0.1503  0.0463   1413.812   1136.374   1413.963   1136.327   1409.512   1179.356 N000114
     0.000      0.000   0.000      0.000      0.000   0.000   0.0000  0.0000      0.000      0.000   2851.525   1140.312   2846.261   1084.453 N000115
  1840.285   1076.889  -8.647   1857.010   1156.640  -8.647  -0.2146 -0.1111   1857.767   1145.212   1857.982   1145.323   1857.225   1156.735 N000116
     0.000      0.000   0.000      0.000      0.000   0.000   0.0000  0.0000      0.000      0.000    967.443   1159.832    954.994   1235.631 N000117
     0.000      0.000   0.000      0.000      0.000   0.000   0.0000  0.0000      0.000      0.000   2753.020   1159.813   2748.987   1110.169 N000118
  1511.495   1095.078 -10.575   1525.755   1198.013 -10.575  -0.0051  0.0780   1528.962   1163.404   1528.967   1163.326   1525.760   1197.935 N000119
  1721.830   1099.418 -10.707   1737.872   1187.337 -10.707  -0.1698 -0.0821   1739.306   1167.742   1739.476   1167.824   1738.042   1187.406 N000120
  1212.819   1115.176  -9.934   1222.875   1239.729  -9.934  -0.6806  2.2389   1230.273   1183.506   1230.954   1181.267   1223.580   1237.446 N000121
  2263.833   1113.163 -12.383   2280.723   1163.284 -12.383  -0.1666  0.1627   2281.333   1181.481   2281.499   1181.319   2280.889   1163.112 N000122
  1165.691   1119.637 -10.432   1174.897   1247.655 -10.432   0.1910  0.0618   1183.143   1187.967   1182.952   1187.905   1174.703   1247.607 N000123
  2214.178   1122.326  -8.744   2231.203   1175.745  -8.744   0.0784 -0.0739   2231.676   1190.646   2231.597   1190.719   2231.125   1175.824 N000124
   455.377   1130.181 -10.917    445.836   1312.303 -10.917  -0.1228  0.1808    472.798   1198.519    472.921   1198.338    445.965   1312.112 N000125
  1378.437   1148.697  -9.722   1390.860   1261.005  -9.722  -0.0630  0.1970   1395.898   1217.026   1395.961   1216.829   1390.925   1260.804 N000126
  2630.435   1168.142 -12.860   2645.170   1192.792 -12.860  -0.0654  0.1418   2647.949   1236.458   2648.014   1236.316   2645.235   1192.648 N000127
   189.454   1182.039  -9.635    169.093   1385.673  -9.635  -0.0465  0.0386    206.862   1250.380    206.909   1250.342    169.142   1385.630 N000128
  1485.483   1197.655 -10.268   1499.045   1301.980 -10.268  -0.0171  0.1286   1502.947   1265.983   1502.965   1265.855   1499.063   1301.851 N000129
  1014.397   1211.769 -10.854   1019.957   1351.007 -10.855  -0.0806 -0.2085   1031.841   1280.102   1031.921   1280.311   1020.038   1351.209 N000130
     0.000      0.000   0.000      0.000      0.000   0.000   0.0000  0.0000      0.000      0.000    789.862   1280.408    771.995   1369.802 N000131
  2029.227   1212.453  -9.862   2046.285   1277.868  -9.862   0.2273 -0.0474   2046.715   1280.775   2046.488   1280.823   2046.057   1277.931 N000132
  3113.005   1219.695 -14.112   3121.943   1211.607 -14.112   0.0051 -0.1175   3130.540   1288.006   3130.534   1288.124   3121.939   1211.723 N000133
  1083.712   1226.635 -11.218   1090.644   1360.640 -11.218   0.1895  0.1352   1101.159   1294.968   1100.969   1294.833   1090.451   1360.519 N000134
  1361.251   1228.535  -8.959   1373.038   1341.854  -8.960  -0.0829  0.0346   1378.709   1296.865   1378.792   1296.830   1373.122   1341.814 N000135
  1437.078   1229.103  -8.789   1449.903   1336.851  -8.789   0.0776  0.1028   1454.540   1297.432   1454.462   1297.329   1449.825   1336.754 N000136
     0.000      0.000   0.000      0.000      0.000   0.000   0.0000  0.0000      0.000      0.000   2271.569   1302.249   2271.023   1283.510 N000137
  2133.119   1238.142 -12.770   2150.221   1296.087 -12.770   0.1194  0.1415   2150.611   1306.464   2150.492   1306.322   2150.102   1295.955 N000138
     0.000      0.000   0.000      0.000      0.000   0.000   0.0000  0.0000      0.000      0.000   1489.963   1312.829   1485.695   1349.608 N000139
  1563.654   1253.064 -10.179   1577.853   1351.488 -10.179   0.1535  0.0637   1581.121   1321.392   1580.967   1321.328   1577.698   1351.436 N000140
     0.000      0.000   0.000      0.000      0.000   0.000   0.0000  0.0000      0.000      0.000   1898.581   1321.825   1897.650   1329.088 N000141
  1783.253   1254.601  -8.826   1799.285   1337.165  -8.826   0.0532  0.1005   1800.730   1322.927   1800.677   1322.826   1799.232   1337.069 N000142
  2117.442   1260.408  -9.147   2134.528   1319.276  -9.148  -0.0580 -0.0586   2134.933   1328.731   2134.991   1328.789   2134.586   1319.330 N000143
  1503.978   1268.056  -8.992   1517.449   1370.787  -8.992  -0.1585  0.1469   1521.442   1336.385   1521.601   1336.238   1517.610   1370.629 N000144
     0.000      0.000   0.000      0.000      0.000   0.000   0.0000  0.0000      0.000      0.000   2454.005   1338.319   2452.770   1306.681 N000145
     0.000      0.000   0.000      0.000      0.000   0.000   0.0000  0.0000      0.000      0.000   1949.483   1339.825   1948.717   1343.363 N000146
     0.000      0.000   0.000      0.000      0.000   0.000   0.0000  0.0000      0.000      0.000   1300.510   1344.832   1293.362   1395.535 N000147
     0.000      0.000   0.000      0.000      0.000   0.000   0.0000  0.0000      0.000      0.000   3645.056   1349.965   3626.857   1239.310 N000148
     0.000      0.000   0.000      0.000      0.000   0.000   0.0000  0.0000      0.000      0.000   1365.957   1356.831   1359.774   1402.649 N000149
     0.000      0.000   0.000      0.000      0.000   0.000   0.0000  0.0000      0.000      0.000   2012.414   1363.753   2011.795   1362.684 N000150
  2789.738   1307.630 -11.005   2803.275   1319.893 -11.005   0.1326  0.1302   2807.257   1375.946   2807.124   1375.816   2803.144   1319.773 N000151
  1347.558   1308.853  -9.761   1358.703   1423.046  -9.762   0.0582 -0.1474   1365.015   1377.184   1364.957   1377.332   1358.643   1423.198 N000152
  1259.035   1313.852 -11.088   1268.711   1434.660 -11.088   0.0346 -0.1478   1276.488   1382.185   1276.453   1382.333   1268.675   1434.810 N000153
  1455.869   1344.591 -12.712   1468.364   1450.695 -12.712  -0.1314  0.0907   1473.330   1412.922   1473.461   1412.831   1468.498   1450.595 N000154
     0.000      0.000   0.000      0.000      0.000   0.000   0.0000  0.0000      0.000      0.000   3656.273   1412.830   3638.271   1300.443 N000155
     0.000      0.000   0.000      0.000      0.000   0.000   0.0000  0.0000      0.000      0.000   1971.983   1418.326   1971.130   1419.828 N000156
     0.000      0.000   0.000      0.000      0.000   0.000   0.0000  0.0000      0.000      0.000   2606.010   1420.069   2603.931   1377.220 N000157
     0.000      0.000   0.000      0.000      0.000   0.000   0.0000  0.0000      0.000      0.000   1480.061   1423.631   1475.131   1460.891 N000158
     0.000      0.000   0.000      0.000      0.000   0.000   0.0000  0.0000      0.000      0.000   1746.473   1425.328   1744.321   1443.038 N000159
  1370.742   1357.831 -11.845   1381.961   1470.255 -11.845   0.1166 -0.1693   1388.199   1426.163   1388.082   1426.332   1381.842   1470.433 N000160
  3972.435   1361.131  -9.290   3963.895   1295.620  -9.290  -0.0649  0.1306   3990.005   1429.435   3990.070   1429.304   3963.957   1295.488 N000161
  1747.030   1367.960 -11.139   1762.449   1452.653 -11.139   0.0304 -0.0405   1764.504   1436.288   1764.473   1436.328   1762.418   1452.696 N000162
     0.000      0.000   0.000      0.000      0.000   0.000   0.0000  0.0000      0.000      0.000   2217.993   1436.323   2217.471   1420.284 N000163
  2509.064   1368.542  -9.977   2525.027   1399.319  -9.978   0.0636 -0.8331   2526.570   1436.862   2526.506   1437.695   2524.965   1400.149 N000164
  2192.682   1374.678 -10.975   2209.653   1427.469 -10.975   0.1818  0.1777   2210.174   1443.001   2209.992   1442.824   2209.471   1427.305 N000165
  2942.838   1378.832  -9.186   2954.834   1379.972  -9.186  -0.1615 -0.0568   2960.363   1447.148   2960.525   1447.205   2954.994   1380.017 N000166
     0.000      0.000   0.000      0.000      0.000   0.000   0.0000  0.0000      0.000      0.000   1421.458   1455.832   1415.534   1497.427 N000167
     0.000      0.000   0.000      0.000      0.000   0.000   0.0000  0.0000      0.000      0.000   1019.410   1456.337   1005.853   1528.492 N000168
     0.000      0.000   0.000      0.000      0.000   0.000   0.0000  0.0000      0.000      0.000   3385.471   1459.811   3373.365   1364.274 N000169
     0.000      0.000   0.000      0.000      0.000   0.000   0.0000  0.0000      0.000      0.000   2195.991   1470.724   2195.447   1456.025 N000170
  1666.436   1403.172 -11.193   1681.031   1493.652 -11.193  -0.0642  0.1721   1683.905   1471.502   1683.969   1471.330   1681.097   1493.476 N000171
     0.000      0.000   0.000      0.000      0.000   0.000   0.0000  0.0000      0.000      0.000   3384.043   1471.812   3372.031   1376.206 N000172
  1633.766   1412.287  -9.625   1648.007   1505.151  -9.626  -0.1507 -0.2125   1651.234   1480.618   1651.384   1480.830   1648.158   1505.352 N000173
  1150.403   1422.009 -10.019   1157.278   1551.168 -10.019  -0.0973  0.0088   1167.849   1490.344   1167.947   1490.336   1157.377   1551.152 N000174
  2172.558   1425.219 -10.972   2189.478   1479.137 -10.973   0.0584  0.0941   2190.049   1493.544   2189.991   1493.450   2189.420   1479.047 N000175
  3240.948   1428.368  -9.262   3248.816   1409.025  -9.262  -0.0521 -0.1318   3258.485   1496.682   3258.537   1496.813   3248.868   1409.152 N000176
  1902.998   1429.158  -9.533   1919.215   1502.355  -9.534  -0.0279  0.1846   1920.478   1497.486   1920.506   1497.301   1919.243   1502.169 N000177
  1397.960   1432.407  -9.376   1409.137   1542.790  -9.376  -0.0395 -0.0636   1415.418   1500.740   1415.457   1500.804   1409.177   1542.851 N000178
     0.000      0.000   0.000      0.000      0.000   0.000   0.0000  0.0000      0.000      0.000    627.423   1503.841    602.346   1607.137 N000179
     0.000      0.000   0.000      0.000      0.000   0.000   0.0000  0.0000      0.000      0.000   2605.508   1524.321   2603.562   1480.598 N000180
  2418.008   1459.632  -8.789   2434.445   1496.045  -8.789   0.0076  0.1325   2435.509   1527.955   2435.501   1527.823   2434.437   1495.914 N000181
  2121.026   1466.504  -9.202   2137.851   1523.886  -9.202   0.0256  0.0043   2138.514   1534.830   2138.488   1534.826   2137.825   1523.884 N000182
   920.109   1470.224  -9.248    921.235   1617.442  -9.249  -0.1684  0.6132    937.546   1538.563    937.714   1537.950    921.413   1616.812 N000183
  2899.678   1480.386 -10.115   2912.491   1483.388 -10.115   0.1516 -0.1138   2917.199   1548.704   2917.048   1548.818   2912.341   1483.511 N000184
  1210.074   1484.436  -8.413   1217.659   1609.185  -8.413  -0.1262 -0.2635   1227.522   1552.772   1227.648   1553.036   1217.786   1609.440 N000185
  1836.356   1487.291 -12.741   1852.006   1565.170 -12.741  -0.1439 -0.2093   1853.832   1555.620   1853.975   1555.829   1852.150   1565.368 N000186
  1463.711   1490.438  -9.834   1475.499   1595.920  -9.834   0.1773 -0.0624   1481.170   1558.771   1480.993   1558.833   1475.320   1595.996 N000187
  1754.188   1492.434 -10.042   1769.202   1576.327 -10.042   0.1879 -0.0661   1771.660   1560.764   1771.472   1560.830   1769.012   1576.407 N000188
     0.000      0.000   0.000      0.000      0.000   0.000   0.0000  0.0000      0.000      0.000   1547.962   1564.833   1543.149   1596.979 N000189
     0.000      0.000   0.000      0.000      0.000   0.000   0.0000  0.0000      0.000      0.000   1581.464   1570.332   1577.033   1599.978 N000190
  2124.791   1503.701 -10.526   2141.556   1560.656 -10.526  -0.1810  0.2011   2142.279   1572.028   2142.460   1571.826   2141.738   1560.443 N000191
  1161.264   1507.470  -9.034   1167.692   1636.057  -9.035   0.1274 -0.0301   1178.710   1575.807   1178.582   1575.837   1167.562   1636.097 N000192
     0.000      0.000   0.000      0.000      0.000   0.000   0.0000  0.0000      0.000      0.000   2280.577   1580.408   2279.868   1559.132 N000193
  1399.496   1535.282 -11.681   1410.046   1645.681 -11.681  -0.0035 -0.2180   1416.952   1603.617   1416.956   1603.835   1410.048   1645.899 N000194
     0.000      0.000   0.000      0.000      0.000   0.000   0.0000  0.0000      0.000      0.000   2193.073   1603.826   2192.345   1588.691 N000195
  2231.982   1536.749 -10.467   2248.752   1585.901 -10.467   0.0082 -0.1725   2249.474   1605.074   2249.465   1605.247   2248.743   1586.073 N000196
  4004.621   1538.898 -12.311   3996.818   1468.516 -12.311   0.1206 -0.1019   4022.189   1607.205   4022.068   1607.307   3996.701   1468.624 N000197
     0.000      0.000   0.000      0.000      0.000   0.000   0.0000  0.0000      0.000      0.000    938.769   1608.756    921.802   1687.953 N000198
  2332.767   1544.841 -10.924   2349.422   1586.784 -10.924  -0.0862 -0.1591   2350.263   1613.166   2350.349   1613.325   2349.508   1586.936 N000199
     0.000      0.000   0.000      0.000      0.000   0.000   0.0000  0.0000      0.000      0.000    503.916   1615.345    473.123   1729.711 N000200
  1848.437   1561.219  -8.814   1863.903   1638.095  -8.815  -0.0632  0.1481   1865.912   1629.550   1865.975   1629.402   1863.967   1637.942 N000201
  1673.886   1563.589 -10.407   1687.840   1653.391 -10.407  -0.1145  0.0892   1691.353   1631.921   1691.467   1631.832   1687.956   1653.293 N000202
     0.000      0.000   0.000      0.000      0.000   0.000   0.0000  0.0000      0.000      0.000   1902.976   1632.830   1901.189   1638.648 N000203
     0.000      0.000   0.000      0.000      0.000   0.000   0.0000  0.0000      0.000      0.000   3071.527   1646.318   3065.240   1569.611 N000204
  1830.495   1585.643 -10.433   1845.738   1663.821 -10.433  -0.0046  0.1433   1847.969   1653.974   1847.974   1653.831   1845.743   1663.677 N000205
  2022.171   1585.852 -11.579   2038.474   1649.972 -11.579   0.1710 -0.1484   2039.653   1654.180   2039.482   1654.329   2038.302   1650.133 N000206
   595.675   1597.743  -9.544    585.557   1772.029  -9.545   0.1753 -0.1412    613.096   1666.088    612.920   1666.229    585.374   1772.186 N000207
  1251.640   1598.543  -9.462   1259.143   1720.502  -9.462   0.1400  0.0426   1269.089   1666.880   1268.949   1666.837   1259.001   1720.470 N000208
  1845.608   1606.368  -9.839   1860.880   1683.416  -9.840   0.1076 -0.1320   1863.082   1674.699   1862.974   1674.831   1860.771   1683.556 N000209
  1677.108   1606.843 -10.599   1690.886   1696.432 -10.599   0.1078 -0.1571   1694.575   1675.176   1694.467   1675.333   1690.776   1696.597 N000210
  1394.953   1608.408  -9.425   1404.938   1719.354  -9.425  -0.0473 -0.0584   1412.407   1676.744   1412.455   1676.803   1404.986   1719.409 N000211
  1714.128   1611.820 -11.188   1728.263   1698.645 -11.188   0.1014 -0.1805   1731.596   1680.152   1731.495   1680.333   1728.160   1698.833 N000212
  2032.933   1627.440 -11.128   2049.162   1690.695 -11.128  -0.0669 -0.0596   2050.415   1695.770   2050.482   1695.829   2049.229   1690.750 N000213
  2210.613   1639.075  -9.559   2227.222   1689.401  -9.559   0.1131  0.0748   2228.103   1707.402   2227.989   1707.328   2227.109   1689.334 N000214
  2771.313   1651.538 -11.017   2785.748   1662.048 -11.018   0.2771  0.0382   2788.826   1719.860   2788.549   1719.822   2785.473   1662.029 N000215
     0.000      0.000   0.000      0.000      0.000   0.000   0.0000  0.0000      0.000      0.000   1077.940   1721.340   1063.380   1790.264 N000216
  1932.725   1653.014 -11.532   1948.383   1723.603 -11.533   0.2249  0.0145   1950.202   1721.345   1949.977   1721.331   1948.157   1723.605 N000217
     0.000      0.000   0.000      0.000      0.000   0.000   0.0000  0.0000      0.000      0.000   2427.970   1721.798   2426.868   1689.429 N000218
  1198.461   1668.365  -8.972   1204.299   1794.842  -8.972  -0.0386 -0.1351   1215.907   1736.704   1215.945   1736.839   1204.337   1794.975 N000219
  1273.886   1668.522  -9.374   1281.244   1789.095  -9.374  -0.1137  0.0221   1291.335   1736.860   1291.449   1736.838   1281.360   1789.064 N000220
     0.000      0.000   0.000      0.000      0.000   0.000   0.0000  0.0000      0.000      0.000   1232.946   1740.839   1221.658   1797.665 N000221
  2389.980   1673.738 -10.150   2406.411   1711.087 -10.151   0.0421  0.0195   2407.476   1742.065   2407.434   1742.045   2406.369   1711.071 N000222
     0.000      0.000   0.000      0.000      0.000   0.000   0.0000  0.0000      0.000      0.000   2128.284   1761.630   2127.116   1750.765 N000223
     0.000      0.000   0.000      0.000      0.000   0.000   0.0000  0.0000      0.000      0.000   2526.001   1763.367   2524.552   1723.859 N000224
   165.378   1696.153 -10.902    136.327   1908.021 -10.902  -0.1217  0.6196    182.779   1764.503    182.900   1763.884    136.465   1907.380 N000225
  3356.318   1697.677 -10.598   3363.541   1667.785 -10.598  -0.2062  0.1532   3373.856   1765.993   3374.062   1765.840   3363.743   1667.619 N000226
  1263.774   1705.098  -9.605   1270.629   1826.675  -9.606   0.1907  0.0978   1281.222   1773.437   1281.031   1773.339   1270.436   1826.591 N000227
  2072.770   1707.154 -10.068   2088.924   1767.392 -10.068  -0.0045  0.1544   2090.253   1775.485   2090.257   1775.330   2088.929   1767.238 N000228
     0.000      0.000   0.000      0.000      0.000   0.000   0.0000  0.0000      0.000      0.000   1695.965   1784.235   1691.719   1805.584 N000229
  1516.178   1728.488  -9.202   1527.225   1830.604  -9.202   0.1783 -0.0119   1533.636   1796.825   1533.458   1796.837   1527.044   1830.630 N000230
  2963.139   1729.012  -9.996   2975.889   1725.726  -9.996   0.1391  0.0124   2980.660   1797.333   2980.521   1797.321   2975.751   1725.723 N000231
  2320.464   1730.673  -8.999   2336.933   1772.862  -9.000  -0.0358  0.1729   2337.957   1799.001   2337.993   1798.828   2336.969   1772.687 N000232
     0.000      0.000   0.000      0.000      0.000   0.000   0.0000  0.0000      0.000      0.000   3721.052   1813.413   3704.388   1691.668 N000233
     0.000      0.000   0.000      0.000      0.000   0.000   0.0000  0.0000      0.000      0.000   2136.484   1833.531   2135.149   1822.019 N000234
  1931.155   1767.358 -10.587   1946.354   1838.110 -10.587   0.1554 -0.1424   1948.631   1835.690   1948.475   1835.833   1946.197   1838.264 N000235
     0.000      0.000   0.000      0.000      0.000   0.000   0.0000  0.0000      0.000      0.000   2265.989   1839.329   2264.898   1818.345 N000236
  1415.759   1773.203 -10.323   1424.874   1883.322 -10.323  -0.0053  0.0264   1433.213   1841.541   1433.218   1841.515   1424.880   1883.295 N000237
  1996.251   1773.857 -11.002   2011.825   1839.760 -11.002   0.2259 -0.1434   2013.729   1842.189   2013.503   1842.332   2011.597   1839.920 N000238
  1544.353   1777.884  -9.470   1555.476   1878.061  -9.470  -0.5558 -0.1615   1561.812   1846.221   1562.368   1846.382   1556.039   1878.180 N000239
  1533.048   1785.213 -10.459   1543.959   1886.299 -10.459   0.0483  0.2127   1550.506   1853.550   1550.458   1853.337   1543.911   1886.089 N000240
  1644.646   1786.245 -10.019   1657.063   1878.750 -10.019   0.1460 -0.0218   1662.109   1854.581   1661.963   1854.603   1656.915   1878.783 N000241
  1957.967   1791.810  -9.878   1973.237   1860.593  -9.878  -0.0331 -0.1903   1975.443   1860.143   1975.476   1860.333   1973.270   1860.781 N000242
  1453.281   1795.046  -9.615   1462.869   1902.376  -9.615  -0.1117  0.0464   1470.736   1863.385   1470.847   1863.338   1462.983   1902.321 N000243
     0.000      0.000   0.000      0.000      0.000   0.000   0.0000  0.0000      0.000      0.000   1422.952   1867.839   1414.230   1910.586 N000244
     0.000      0.000   0.000      0.000      0.000   0.000   0.0000  0.0000      0.000      0.000   1195.942   1873.803   1182.634   1934.539 N000245
  2945.032   1806.686 -10.472   2958.132   1804.253 -10.472   0.0316  0.1863   2962.550   1875.009   2962.519   1874.823   2958.100   1804.070 N000246
  2039.679   1808.668 -10.217   2055.354   1871.383 -10.217   0.1786  0.1681   2057.158   1877.000   2056.980   1876.832   2055.175   1871.228 N000247
  1264.273   1808.819  -9.940   1270.224   1931.094  -9.940  -0.0603 -0.1813   1281.719   1877.159   1281.779   1877.340   1270.284   1931.272 N000248
   762.163   1811.701 -10.357    754.852   1974.748 -10.357   0.1626  0.1480    779.587   1880.047    779.424   1879.899    754.686   1974.612 N000249
  2449.606   1813.008  -9.851   2465.766   1845.750  -9.852   0.1056  0.0081   2467.103   1881.336   2466.997   1881.328   2465.661   1845.750 N000250
  2088.799   1816.247  -8.886   2104.673   1875.325  -8.887  -0.2008 -0.1106   2106.281   1884.578   2106.482   1884.689   2104.874   1875.421 N000251
     0.000      0.000   0.000      0.000      0.000   0.000   0.0000  0.0000      0.000      0.000   1876.972   1885.334   1873.936   1893.254 N000252
     0.000      0.000   0.000      0.000      0.000   0.000   0.0000  0.0000      0.000      0.000   1292.446   1890.841   1281.041   1944.035 N000253
     0.000      0.000   0.000      0.000      0.000   0.000   0.0000  0.0000      0.000      0.000   1995.560   1890.500   1993.357   1889.502 N000254
  1193.002   1823.613 -11.798   1197.281   1951.692 -11.799   0.0016  0.1132   1210.444   1891.955   1210.443   1891.841   1197.280   1951.578 N000255
     0.000      0.000   0.000      0.000      0.000   0.000   0.0000  0.0000      0.000      0.000   2370.993   1891.738   2369.800   1863.089 N000256
     0.000      0.000   0.000      0.000      0.000   0.000   0.0000  0.0000      0.000      0.000   2786.011   1891.825   2783.144   1833.416 N000257
  2273.112   1825.347  -9.396   2289.419   1870.876  -9.396   0.1124 -0.1525   2290.602   1893.677   2290.489   1893.830   2289.306   1871.037 N000258
  1870.761   1825.961  -9.711   1885.242   1901.389  -9.711  -0.1678 -0.0387   1888.233   1894.296   1888.401   1894.334   1885.410   1901.415 N000259
     0.000      0.000   0.000      0.000      0.000   0.000   0.0000  0.0000      0.000      0.000   2826.012   1900.824   2822.858   1839.559 N000260
  2151.683   1833.793 -11.385   2167.734   1888.240 -11.386   0.1829 -0.2066   2169.167   1902.125   2168.984   1902.331   2167.550   1888.460 N000261
     0.000      0.000   0.000      0.000      0.000   0.000   0.0000  0.0000      0.000      0.000   1169.524   1905.425   1155.295   1968.569 N000262
     0.000      0.000   0.000      0.000      0.000   0.000   0.0000  0.0000      0.000      0.000   1483.454   1906.401   1475.468   1944.674 N000263
  3810.247   1846.903 -11.088   3809.530   1785.482 -11.088   0.0566 -0.0970   3827.802   1915.217   3827.746   1915.314   3809.475   1785.582 N000264
     0.000      0.000   0.000      0.000      0.000   0.000   0.0000  0.0000      0.000      0.000   1511.955   1916.339   1504.359   1952.450 N000265
     0.000      0.000   0.000      0.000      0.000   0.000   0.0000  0.0000      0.000      0.000   3010.520   1916.942   3005.690   1842.654 N000266
  1041.139   1852.357 -10.502   1041.463   1992.968 -10.502   0.1393 -0.1434   1058.575   1920.700   1058.436   1920.844   1041.318   1993.124 N000267
  1016.375   1855.446 -10.946   1016.008   1998.107 -10.946  -0.1247 -0.0541   1033.810   1923.790   1033.935   1923.844   1016.135   1998.151 N000268
  2242.448   1862.639 -11.566   2258.636   1910.429 -11.567  -0.0520  0.1387   2259.936   1930.970   2259.988   1930.831   2258.688   1910.286 N000269
  1761.469   1864.329 -10.800   1774.730   1948.221 -10.801  -0.0312 -0.1325   1778.936   1932.665   1778.967   1932.798   1774.761   1948.352 N000270
     0.000      0.000   0.000      0.000      0.000   0.000   0.0000  0.0000      0.000      0.000    289.902   1941.852     -1.000     -1.000 N000271
  2148.631   1873.040 -14.201   2164.551   1927.770 -14.201   0.1314  0.0186   2166.115   1941.372   2165.983   1941.354   2164.419   1927.761 N000272
     0.000      0.000   0.000      0.000      0.000   0.000   0.0000  0.0000      0.000      0.000   1226.407   1945.199   1213.070   2004.154 N000273
  2280.459   1879.102  -9.212   2296.649   1924.115  -9.212  -0.0410  0.1016   2297.948   1947.432   2297.989   1947.331   2296.690   1924.010 N000274
  2585.687   1882.613 -13.222   2601.348   1905.458 -13.222   0.1874  0.1131   2603.189   1950.941   2603.002   1950.828   2601.162   1905.359 N000275
  1631.292   1887.214  -9.107   1642.880   1981.258  -9.107  -0.1575  0.1636   1648.753   1955.552   1648.911   1955.388   1643.041   1981.081 N000276
  1370.688   1888.100 -10.075   1378.041   2002.593 -10.075   0.1521  0.1003   1388.137   1956.441   1387.985   1956.341   1377.887   2002.504 N000277
     0.000      0.000   0.000      0.000      0.000   0.000   0.0000  0.0000      0.000      0.000   2737.977   1958.826   2735.459   1903.665 N000278
  1071.464   1896.419 -10.026   1072.073   2035.052 -10.026  -0.0359 -0.0813   1088.901   1964.763   1088.937   1964.844   1072.109   2035.131 N000279
     0.000      0.000   0.000      0.000      0.000   0.000   0.0000  0.0000      0.000      0.000    970.860   1967.845    950.812   2047.841 N000280
     0.000      0.000   0.000      0.000      0.000   0.000   0.0000  0.0000      0.000      0.000   1805.467   1971.336   1801.308   1985.046 N000281
  2476.297   1903.897 -11.661   2492.281   1934.638 -11.661  -0.2034 -0.1029   2493.794   1972.226   2493.997   1972.329   2492.484   1934.726 N000282
  1733.290   1907.435 -11.375   1745.986   1993.711 -11.375  -0.2104 -0.0646   1750.755   1975.772   1750.965   1975.837   1746.199   1993.760 N000283
     0.000      0.000   0.000      0.000      0.000   0.000   0.0000  0.0000      0.000      0.000   1298.845   1984.842   1286.691   2038.368 N000284
     0.000      0.000   0.000      0.000      0.000   0.000   0.0000  0.0000      0.000      0.000    982.932   1993.908     -1.000     -1.000 N000285
   488.683   1928.659 -10.158    474.128   2064.930 -10.159   0.1827  0.1589    506.094   1997.010    505.911   1996.851    473.940   2064.784 N000286
     0.000      0.000   0.000      0.000      0.000   0.000   0.0000  0.0000      0.000      0.000   2679.505   2002.756   2677.302   1951.735 N000287
     0.000      0.000   0.000      0.000      0.000   0.000   0.0000  0.0000      0.000      0.000   2642.586   2005.328   2640.545   1956.967 N000288
  2720.014   1937.598 -10.198   2735.011   1950.732 -10.198   0.0144  0.0975   2737.521   2005.925   2737.507   2005.827   2734.997   1950.636 N000289
  2285.326   1944.246  -9.027   2301.360   1989.000  -9.027   0.0760  0.1831   2302.814   2012.577   2302.738   2012.394   2301.284   1988.822 N000290
  2451.773   1954.344 -11.047   2467.736   1986.897 -11.047  -0.2274 -0.1561   2469.268   2022.674   2469.495   2022.830   2467.963   1987.037 N000291
  2648.149   1955.009 -10.455   2663.505   1973.306 -10.455   0.1489  0.0088   2665.653   2023.337   2665.504   2023.328   2663.357   1973.308 N000292
  3182.587   1956.504 -12.055   3193.326   1936.911 -12.056   0.0867  0.0040   3200.114   2024.826   3200.027   2024.822   3193.240   1936.913 N000293
     0.000      0.000   0.000      0.000      0.000   0.000   0.0000  0.0000      0.000      0.000   1419.450   2029.841     -1.000     -1.000 N000294
  3862.151   1961.712  -8.784   3861.115   1895.932  -8.784  -0.0487  0.2118   3879.708   2030.027   3879.756   2029.815   3861.161   1895.718 N000295
   523.216   1963.473 -10.370    509.583   2097.269 -10.370   0.2160 -0.0269    540.628   2031.824    540.412   2031.851    509.359   2097.315 N000296
  2103.838   1963.596 -11.555   2119.242   2021.928 -11.556  -0.1625  0.0959   2121.318   2031.930   2121.480   2031.834   2119.406   2021.819 N000297
     0.000      0.000   0.000      0.000      0.000   0.000   0.0000  0.0000      0.000      0.000   1137.938   2034.345   1125.743   2049.238 N000298
     0.000      0.000   0.000      0.000      0.000   0.000   0.0000  0.0000      0.000      0.000   2464.495   2041.831   2462.938   2006.426 N000299
   583.388   1980.661 -10.142    571.855   2109.490 -10.142  -0.1125  0.1612    600.802   2049.012    600.914   2048.850    571.974   2109.316 N000300
     0.000      0.000   0.000      0.000      0.000   0.000   0.0000  0.0000      0.000      0.000   2892.313   2048.126   2888.759   1981.832 N000301
     0.000      0.000   0.000      0.000      0.000   0.000   0.0000  0.0000      0.000      0.000   2568.099   2067.330   2566.273   2024.394 N000302
  2820.402   2004.923  -9.373   2834.779   2010.819  -9.373  -0.0978 -0.0771   2837.913   2073.250   2838.010   2073.327   2834.876   2010.889 N000303
   167.949   2007.838 -13.372    138.318   2173.683 -13.373  -0.0509 -0.1625    185.345   2076.193    185.396   2076.355    138.369   2173.844 N000304
  1392.788   2011.373 -10.618   1403.490   2072.890 -10.618  -0.1623 -0.1265   1410.236   2079.716   1410.399   2079.842   1403.655   2073.005 N000305
     0.000      0.000   0.000      0.000      0.000   0.000   0.0000  0.0000      0.000      0.000   2027.975   2082.836     -1.000     -1.000 N000306
  3153.481   2021.544  -8.754   3164.750   2003.804  -8.754  -0.2192  0.1440   3171.005   2089.868   3171.225   2089.724   3164.966   2003.645 N000307
     0.000      0.000   0.000      0.000      0.000   0.000   0.0000  0.0000      0.000      0.000   2479.495   2098.331     -1.000     -1.000 N000308
     0.000      0.000   0.000      0.000      0.000   0.000   0.0000  0.0000      0.000      0.000   2392.491   2099.282     -1.000     -1.000 N000309
  3055.513   2046.096  -9.949   3067.916   2035.218  -9.949   0.0135  0.0962   3073.033   2114.421   3073.020   2114.325   3067.902   2035.123 N000310
     0.000      0.000   0.000      0.000      0.000   0.000   0.0000  0.0000      0.000      0.000   2174.981   2116.335   2176.165   2050.309 N000311
     0.000      0.000   0.000      0.000      0.000   0.000   0.0000  0.0000      0.000      0.000   2371.490   2124.395     -1.000     -1.000 N000312
     0.000      0.000   0.000      0.000      0.000   0.000   0.0000  0.0000      0.000      0.000   2575.070   2128.688     -1.000     -1.000 N000313
     0.000      0.000   0.000      0.000      0.000   0.000   0.0000  0.0000      0.000      0.000   3137.022   2140.825     -1.000     -1.000 N000314
  2527.611   2092.914 -10.329   2546.355   2067.729 -10.329   0.1109 -0.0857   2545.107   2161.246   2544.997   2161.332   2546.244   2067.823 N000315
  1732.884   2095.070 -11.693   1748.151   2130.246 -11.694  -0.1164  0.0701   1750.346   2163.410   1750.462   2163.340   1748.269   2130.166 N000316
     0.000      0.000   0.000      0.000      0.000   0.000   0.0000  0.0000      0.000      0.000   1622.068   2169.342   1618.193   2146.336 N000317
  1967.793   2121.562 -11.456   1985.176   2138.671 -11.456  -0.2073  0.0619   1985.265   2189.900   1985.472   2189.838   1985.385   2138.593 N000318
     0.000      0.000   0.000      0.000      0.000   0.000   0.0000  0.0000      0.000      0.000   1385.946   2194.344   1377.860   2190.599 N000319
   811.416   2130.283 -11.922    806.107   2241.682 -11.922  -0.0838 -0.2167    828.838   2198.634    828.922   2198.850    806.191   2241.895 N000320
     0.000      0.000   0.000      0.000      0.000   0.000   0.0000  0.0000      0.000      0.000   1464.565   2207.344   1457.875   2197.338 N000321
     0.000      0.000   0.000      0.000      0.000   0.000   0.0000  0.0000      0.000      0.000   1959.471   2207.776   1959.111   2158.648 N000322
  2323.957   2141.170  -9.471   2342.866   2131.246  -9.471  -0.0429  0.1286   2341.444   2209.505   2341.487   2209.376   2342.909   2131.114 N000323
     0.000      0.000   0.000      0.000      0.000   0.000   0.0000  0.0000      0.000      0.000   1986.972   2222.339   1986.776   2171.183 N000324
  2225.342   2155.907 -11.215   2244.018   2153.495 -11.215  -0.1315 -0.0931   2242.825   2224.243   2242.956   2224.336   2244.150   2153.579 N000325
   509.034   2157.382 -11.718    492.240   2295.726 -11.718   0.0343 -0.1178    526.443   2225.736    526.408   2225.854    492.203   2295.849 N000326
  2086.316   2159.362 -10.312   2104.365   2167.583 -10.312  -0.1835 -0.1379   2103.793   2227.699   2103.977   2227.837   2104.549   2167.708 N000327
  2050.818   2164.479 -12.472   2068.638   2175.460 -12.473  -0.1578 -0.0207   2068.293   2232.817   2068.451   2232.838   2068.797   2175.469 N000328
  2163.643   2166.206 -11.979   2182.067   2168.545 -11.979   0.1428  0.2063   2181.123   2234.543   2180.980   2234.337   2181.924   2168.349 N000329
  1638.296   2175.093 -11.105   1651.892   2218.421 -11.105  -0.2040  0.0927   1655.753   2243.435   1655.957   2243.342   1652.100   2218.311 N000330
  1728.571   2174.954 -10.602   1743.354   2211.115 -10.602   0.0706 -0.0465   1746.031   2243.295   1745.961   2243.341   1743.282   2211.168 N000331
  2448.908   2179.034 -11.470   2467.791   2159.865 -11.470  -0.0925  0.0344   2466.399   2247.368   2466.492   2247.334   2467.883   2159.823 N000332
  2248.175   2181.990  -9.610   2266.868   2177.967  -9.610   0.1753 -0.0098   2265.658   2250.326   2265.483   2250.336   2266.692   2177.990 N000333
  1763.288   2185.177 -11.282   1778.429   2218.688 -11.282  -0.1856  0.1510   1780.750   2253.519   1780.936   2253.368   1778.618   2218.521 N000334
  2502.607   2190.873  -9.833   2521.418   2167.730  -9.833   0.1066 -0.1269   2520.101   2259.207   2519.994   2259.333   2521.312   2167.865 N000335
     0.000      0.000   0.000      0.000      0.000   0.000   0.0000  0.0000      0.000      0.000   1466.449   2260.345   1459.379   2250.770 N000336
     0.000      0.000   0.000      0.000      0.000   0.000   0.0000  0.0000      0.000      0.000   1347.443   2266.913   1337.949   2267.187 N000337
     0.000      0.000   0.000      0.000      0.000   0.000   0.0000  0.0000      0.000      0.000   1195.437   2268.848   1182.446   2281.785 N000338
     0.000      0.000   0.000      0.000      0.000   0.000   0.0000  0.0000      0.000      0.000   3170.522   2268.827   3167.688   2129.920 N000339
  3571.156   2200.420 -10.323   3579.851   2100.493 -10.324   0.1558 -0.0800   3588.696   2268.742   3588.540   2268.822   3579.699   2100.583 N000340
  1108.129   2206.049 -11.768   1110.745   2293.287 -11.769   0.1286  0.0489   1125.562   2274.397   1125.434   2274.349   1110.613   2293.248 N000341
     0.000      0.000   0.000      0.000      0.000   0.000   0.0000  0.0000      0.000      0.000   1253.677   2285.181   1241.922   2293.478 N000342
  2552.412   2220.855 -11.155   2571.131   2194.091 -11.155  -0.0878 -0.1447   2569.908   2289.189   2569.996   2289.333   2571.219   2194.230 N000343
  1499.198   2236.942  -9.867   1510.133   2292.153  -9.867   0.1101 -0.0580   1516.648   2305.287   1516.538   2305.345   1510.020   2292.221 N000344
     0.000      0.000   0.000      0.000      0.000   0.000   0.0000  0.0000      0.000      0.000   3051.516   2309.367   3050.067   2178.965 N000345
  2149.868   2248.577 -10.084   2167.986   2252.470 -10.084  -0.1323  0.0774   2167.346   2316.916   2167.478   2316.838   2168.119   2252.382 N000346
   437.597   2251.669 -11.504    416.419   2398.307 -11.504   0.0972  0.1695    455.001   2320.026    454.904   2319.856    416.320   2398.143 N000347
     0.000      0.000   0.000      0.000      0.000   0.000   0.0000  0.0000      0.000      0.000   3198.772   2326.327   3195.873   2185.332 N000348
  1379.202   2258.432 -10.448   1387.653   2323.770 -10.448   0.2024 -0.0677   1396.647   2326.779   1396.445   2326.846   1387.446   2323.855 N000349
  1305.797   2261.573 -12.379   1312.645   2333.045 -12.379  -0.2032  0.0729   1323.238   2329.920   1323.441   2329.847   1312.853   2332.954 N000350
  2148.720   2272.321 -10.316   2166.757   2276.466 -10.317   0.2204 -0.1791   2166.198   2340.659   2165.978   2340.839   2166.535   2276.663 N000351
  2591.394   2274.437 -11.329   2610.045   2244.952 -11.330  -0.1055 -0.0626   2608.891   2342.771   2608.997   2342.834   2610.150   2245.007 N000352
  1352.332   2277.303 -11.148   1360.046   2345.127 -11.149  -0.1676  0.2792   1369.776   2345.650   1369.943   2345.371   1360.220   2344.830 N000353
     0.000      0.000   0.000      0.000      0.000   0.000   0.0000  0.0000      0.000      0.000   3247.524   2345.827   3244.152   2201.327 N000354
     0.000      0.000   0.000      0.000      0.000   0.000   0.0000  0.0000      0.000      0.000   2320.942   2346.837   2322.085   2270.787 N000355
  2743.746   2279.684  -8.842   2761.899   2238.897  -8.842   0.2459  0.1838   2761.249   2348.016   2761.003   2347.832   2761.654   2238.731 N000356
     0.000      0.000   0.000      0.000      0.000   0.000   0.0000  0.0000      0.000      0.000   1002.927   2350.851    983.833   2381.413 N000357
   389.750   2287.728 -10.494    365.916   2439.486 -10.494  -0.0280 -0.0772    407.151   2356.086    407.179   2356.163    365.944   2439.562 N000358
     0.000      0.000   0.000      0.000      0.000   0.000   0.0000  0.0000      0.000      0.000   1756.960   2356.393   1753.748   2324.452 N000359
  1240.106   2292.684  -9.147   1245.140   2370.107  -9.147   0.1061  0.1127   1257.544   2361.033   1257.438   2360.920   1245.033   2370.001 N000360
  2658.212   2295.483 -11.025   2676.698   2261.096 -11.026   0.1846 -0.0168   2675.712   2363.817   2675.527   2363.833   2676.514   2261.126 N000361
     0.000      0.000   0.000      0.000      0.000   0.000   0.0000  0.0000      0.000      0.000   1743.459   2369.343   1739.992   2338.624 N000362
     0.000      0.000   0.000      0.000      0.000   0.000   0.0000  0.0000      0.000      0.000   1268.823   2372.349   1256.574   2380.648 N000363
     0.000      0.000   0.000      0.000      0.000   0.000   0.0000  0.0000      0.000      0.000   1733.458   2372.177   1729.840   2342.291 N000364
     0.000      0.000   0.000      0.000      0.000   0.000   0.0000  0.0000      0.000      0.000   2004.220   2374.841   2003.538   2323.528 N000365
     0.000      0.000   0.000      0.000      0.000   0.000   0.0000  0.0000      0.000      0.000   3455.033   2376.825   3449.053   2217.574 N000366
     0.000      0.000   0.000      0.000      0.000   0.000   0.0000  0.0000      0.000      0.000   1414.445   2377.347   1405.367   2373.564 N000367
     0.000      0.000   0.000      0.000      0.000   0.000   0.0000  0.0000      0.000      0.000    581.909   2377.956    547.719   2446.080 N000368
     0.000      0.000   0.000      0.000      0.000   0.000   0.0000  0.0000      0.000      0.000    617.410   2377.998    584.636   2442.943 N000369
     0.000      0.000   0.000      0.000      0.000   0.000   0.0000  0.0000      0.000      0.000    942.924   2378.052    921.661   2414.288 N000370
     0.000      0.000   0.000      0.000      0.000   0.000   0.0000  0.0000      0.000      0.000   2270.982   2380.838   2271.895   2308.843 N000371
  2705.021   2314.502  -9.262   2723.361   2276.702  -9.262   0.0208  0.0020   2722.522   2382.835   2722.501   2382.833   2723.340   2276.702 N000372
     0.000      0.000   0.000      0.000      0.000   0.000   0.0000  0.0000      0.000      0.000   1687.502   2384.253   1683.150   2358.207 N000373
  1187.788   2324.676 -10.244   1191.208   2407.017 -10.244  -0.2477  0.1758   1205.223   2393.025   1205.471   2392.850   1191.464   2406.817 N000374
     0.000      0.000   0.000      0.000      0.000   0.000   0.0000  0.0000      0.000      0.000   2446.417   2394.265   2447.665   2308.932 N000375
     0.000      0.000   0.000      0.000      0.000   0.000   0.0000  0.0000      0.000      0.000   2122.475   2395.840   2122.588   2335.467 N000376
  1675.786   2333.893  -9.485   1688.849   2375.944  -9.485  -0.1142 -0.1072   1693.242   2402.237   1693.356   2402.345   1688.964   2376.043 N000377
  2144.110   2336.137 -11.583   2161.904   2341.128 -11.584   0.1100  0.1370   2161.586   2404.477   2161.476   2404.340   2161.794   2340.998 N000378
     0.000      0.000   0.000      0.000      0.000   0.000   0.0000  0.0000      0.000      0.000    577.408   2411.825    542.519   2481.095 N000379
     0.000      0.000   0.000      0.000      0.000   0.000   0.0000  0.0000      0.000      0.000   1114.961   2415.851   1098.312   2437.920 N000380
     0.000      0.000   0.000      0.000      0.000   0.000   0.0000  0.0000      0.000      0.000   1479.155   2417.805   1471.008   2409.238 N000381
     0.000      0.000   0.000      0.000      0.000   0.000   0.0000  0.0000      0.000      0.000   1674.899   2432.845   1670.017   2408.424 N000382
  2445.047   2366.816  -9.227   2463.742   2348.849  -9.228   0.0467  0.0035   2462.536   2435.153   2462.489   2435.149   2463.695   2348.849 N000383
     0.000      0.000   0.000      0.000      0.000   0.000   0.0000  0.0000      0.000      0.000   2523.992   2435.336   2525.213   2344.362 N000384
  2015.941   2372.591 -11.755   2032.673   2387.948 -11.756  -0.0590  0.0909   2033.411   2440.932   2033.470   2440.842   2032.733   2387.852 N000385
  1267.728   2373.821  -9.862   1272.591   2450.203  -9.862   0.2778 -0.1286   1285.166   2442.171   1284.888   2442.299   1272.305   2450.357 N000386
  2680.516   2373.998  -9.613   2698.974   2338.287  -9.613   0.0161 -0.0024   2698.015   2442.332   2697.999   2442.334   2698.958   2338.291 N000387
   346.799   2387.083 -10.091    319.348   2545.153 -10.091  -0.2006  0.0834    364.198   2455.443    364.398   2455.360    319.559   2545.049 N000388
  2072.291   2386.875  -9.238   2089.411   2397.938  -9.239  -0.0214 -0.1248   2089.764   2455.216   2089.785   2455.341   2089.432   2398.062 N000389
  1688.182   2392.530 -10.390   1701.007   2434.323 -10.391   0.1820  0.0297   1705.638   2460.875   1705.456   2460.845   1700.822   2434.307 N000390
  1179.704   2394.631 -10.211   1182.154   2478.849 -10.211  -0.3257  1.1898   1197.138   2462.982   1197.463   2461.792   1182.501   2477.610 N000391
     0.000      0.000   0.000      0.000      0.000   0.000   0.0000  0.0000      0.000      0.000    688.912   2462.856    657.643   2523.245 N000392
     0.000      0.000   0.000      0.000      0.000   0.000   0.0000  0.0000      0.000      0.000    404.337   2476.359    360.972   2562.906 N000393
  1635.545   2418.528 -10.349   1647.357   2464.977 -10.349   0.0445  0.0282   1652.998   2486.875   1652.953   2486.846   1647.312   2464.952 N000394
  2762.430   2426.376  -8.939   2780.650   2384.793  -8.939  -0.0702 -0.1245   2779.932   2494.710   2780.002   2494.834   2780.720   2384.913 N000395
  1724.493   2429.601 -11.350   1737.582   2468.941 -11.351  -0.0065  0.1010   1741.950   2497.947   1741.957   2497.846   1737.589   2468.838 N000396
     0.000      0.000   0.000      0.000      0.000   0.000   0.0000  0.0000      0.000      0.000   1619.889   2501.347   1613.579   2482.381 N000397
  1672.222   2434.320 -11.049   1684.487   2477.991 -11.050   0.1929 -0.1797   1689.677   2502.667   1689.484   2502.846   1684.290   2478.189 N000398
  1311.943   2435.028  -9.756   1317.218   2508.705  -9.756  -0.0575  0.0279   1329.382   2503.378   1329.439   2503.350   1317.277   2508.672 N000399
  2477.103   2440.482  -9.158   2495.721   2420.598  -9.158   0.1938  0.0732   2494.592   2508.820   2494.398   2508.747   2495.527   2420.539 N000400
     0.000      0.000   0.000      0.000      0.000   0.000   0.0000  0.0000      0.000      0.000   1995.468   2511.843   1994.047   2462.621 N000401
  2961.090   2447.514 -12.555   2978.314   2391.212 -12.555   0.0898  0.0140   2978.600   2515.847   2978.510   2515.833   2978.225   2391.205 N000402
     0.000      0.000   0.000      0.000      0.000   0.000   0.0000  0.0000      0.000      0.000   3900.050   2520.879   3887.445   2330.368 N000403
  2506.424   2455.270 -11.090   2525.042   2433.258 -11.090  -0.0756 -0.2024   2523.915   2523.607   2523.990   2523.810   2525.118   2433.456 N000404
     0.000      0.000   0.000      0.000      0.000   0.000   0.0000  0.0000      0.000      0.000    479.902   2525.859    439.061   2606.720 N000405
  1639.232   2459.251 -12.783   1650.776   2505.994 -12.783   0.2321  0.0916   1656.685   2527.598   1656.453   2527.506   1650.541   2505.920 N000406
  1392.990   2475.157  -9.889   1399.678   2542.684  -9.890  -0.0105  0.1570   1410.432   2543.507   1410.442   2543.350   1399.690   2542.523 N000407
     0.000      0.000   0.000      0.000      0.000   0.000   0.0000  0.0000      0.000      0.000   2293.680   2545.941   2294.192   2473.575 N000408
  1824.582   2490.532  -9.876   1838.610   2522.584  -9.876   0.0824  0.0318   1842.043   2558.877   1841.960   2558.845   1838.527   2522.559 N000409
     0.000      0.000   0.000      0.000      0.000   0.000   0.0000  0.0000      0.000      0.000   2515.790   2558.738   2516.860   2469.301 N000410
  2378.289   2491.838  -9.415   2396.618   2480.011  -9.415  -0.1828 -0.1618   2395.774   2560.178   2395.956   2560.340   2396.801   2480.160 N000411
  1743.813   2492.312 -11.129   1756.712   2530.968 -11.129  -0.1869 -0.1879   1761.270   2560.658   1761.457   2560.846   1756.900   2531.143 N000412
     0.000      0.000   0.000      0.000      0.000   0.000   0.0000  0.0000      0.000      0.000    722.412   2564.357    690.896   2624.075 N000413
     0.000      0.000   0.000      0.000      0.000   0.000   0.0000  0.0000      0.000      0.000   2281.479   2565.841   2281.870   2494.632 N000414
  2120.911   2501.033  -9.236   2137.886   2509.476  -9.236  -0.0504  0.0711   2138.384   2569.375   2138.434   2569.304   2137.937   2509.400 N000415
  3015.507   2502.676 -10.001   3032.486   2442.594 -10.001   0.0072  0.1758   3033.019   2571.009   3033.012   2570.833   3032.478   2442.418 N000416
  1317.280   2505.219 -10.525   1321.936   2579.707 -10.525  -0.1613  0.2192   1334.718   2573.570   1334.879   2573.351   1322.103   2579.469 N000417
     0.000      0.000   0.000      0.000      0.000   0.000   0.0000  0.0000      0.000      0.000   4100.058   2582.322   4083.836   2378.010 N000418
     0.000      0.000   0.000      0.000      0.000   0.000   0.0000  0.0000      0.000      0.000   2306.571   2582.432   2307.018   2509.434 N000419
  2656.226   2516.531  -9.030   2674.735   2483.571  -9.031   0.2257  0.0312   2673.722   2584.868   2673.496   2584.837   2674.510   2483.557 N000420
  1998.631   2516.785 -10.472   2014.476   2535.160 -10.472   0.1308 -0.2483   2016.098   2585.129   2015.968   2585.377   2014.343   2535.422 N000421
  2267.649   2527.695  -8.913   2285.432   2524.868  -8.913   0.1494  0.1951   2285.128   2596.036   2284.979   2595.841   2285.283   2524.683 N000422
     0.000      0.000   0.000      0.000      0.000   0.000   0.0000  0.0000      0.000      0.000   2237.977   2596.342   2238.021   2528.886 N000423
  2180.792   2528.884  -8.948   2198.065   2532.915  -8.948  -0.1525 -0.0608   2198.267   2597.226   2198.420   2597.287   2198.218   2532.964 N000424
     0.000      0.000   0.000      0.000      0.000   0.000   0.0000  0.0000      0.000      0.000   2590.659   2602.338   2591.712   2507.538 N000425
  2793.462   2533.831 -11.052   2811.644   2490.577 -11.052  -0.0385 -0.1693   2810.963   2602.167   2811.002   2602.336   2811.682   2490.745 N000426
  3088.685   2537.319 -11.706   3105.206   2471.984 -11.706   0.1849 -0.1814   3106.199   2605.651   3106.014   2605.833   3105.023   2472.181 N000427
     0.000      0.000   0.000      0.000      0.000   0.000   0.0000  0.0000      0.000      0.000    490.440   2616.361    448.504   2698.641 N000428
     0.000      0.000   0.000      0.000      0.000   0.000   0.0000  0.0000      0.000      0.000    809.915   2636.458    780.571   2690.014 N000429
  1399.582   2568.795 -11.571   1405.456   2637.479 -11.571   0.0821 -0.2050   1417.023   2637.146   1416.941   2637.351   1405.370   2637.695 N000430
     0.000      0.000   0.000      0.000      0.000   0.000   0.0000  0.0000      0.000      0.000    819.415   2637.858    790.394   2690.591 N000431
  1486.276   2571.644  -9.758   1493.972   2633.032  -9.758  -0.1742  0.1440   1503.720   2639.994   1503.895   2639.850   1494.151   2632.871 N000432
  2637.182   2573.964 -12.961   2655.671   2542.950 -12.961   0.1825 -0.0356   2654.677   2642.302   2654.494   2642.338   2655.488   2543.000 N000433
  1166.335   2576.549 -10.148   1166.281   2665.480 -10.148  -0.1384  0.0495   1183.766   2644.903   1183.904   2644.854   1166.424   2665.417 N000434
  2097.199   2582.922 -10.558   2113.586   2594.287 -10.558   0.1986 -0.0784   2114.669   2651.266   2114.471   2651.344   2113.385   2594.382 N000435
  2321.036   2583.483  -9.337   2338.889   2577.106  -9.337   0.0364 -0.0172   2338.517   2651.824   2338.480   2651.842   2338.853   2577.126 N000436
   944.273   2589.319 -10.702    937.291   2698.127 -10.702  -0.2269 -0.1811    961.694   2657.675    961.921   2657.856    937.523   2698.292 N000437
  1718.748   2590.803 -11.024   1730.489   2633.086 -11.024   0.1427 -0.1966   1736.202   2659.152   1736.060   2659.348   1730.342   2633.298 N000438
  2504.554   2596.050  -9.348   2522.943   2575.492  -9.348   0.0545  0.0498   2522.043   2664.390   2521.988   2664.340   2522.889   2575.446 N000439
  1263.935   2597.906  -9.823   1266.232   2678.811  -9.823  -0.0653 -0.0941   1281.369   2666.259   1281.435   2666.353   1266.298   2678.901 N000440
     0.000      0.000   0.000      0.000      0.000   0.000   0.0000  0.0000      0.000      0.000   2177.073   2667.744   2176.406   2606.003 N000441
     0.000      0.000   0.000      0.000      0.000   0.000   0.0000  0.0000      0.000      0.000   1719.453   2674.349   1713.343   2649.936 N000442
  1108.388   2608.286 -10.243   1106.271   2702.993 -10.243  -0.1122 -0.1616   1125.816   2676.641   1125.928   2676.802   1106.384   2703.149 N000443
  2854.356   2619.995  -9.003   2872.368   2572.789  -9.003  -0.0887 -0.0048   2871.859   2688.332   2871.947   2688.337   2872.456   2572.787 N000444
     0.000      0.000   0.000      0.000      0.000   0.000   0.0000  0.0000      0.000      0.000    689.609   2689.860    654.816   2755.742 N000445
     0.000      0.000   0.000      0.000      0.000   0.000   0.0000  0.0000      0.000      0.000   2589.091   2689.739   2590.027   2595.913 N000446
  1419.998   2627.619 -12.296   1425.699   2695.720 -12.297  -0.0017  0.1185   1437.439   2695.970   1437.441   2695.852   1425.702   2695.599 N000447
  2569.486   2628.712  -9.259   2587.899   2603.467  -9.260  -0.0145  0.2120   2586.976   2697.052   2586.991   2696.840   2587.914   2603.251 N000448
   273.860   2638.500 -10.109    238.216   2810.513 -10.109  -0.1398  0.0002    291.251   2706.865    291.391   2706.864    238.363   2810.499 N000449
     0.000      0.000   0.000      0.000      0.000   0.000   0.0000  0.0000      0.000      0.000   1280.434   2713.854   1264.704   2727.509 N000450
    92.125   2649.570 -10.053     46.657   2839.450 -10.053   0.1255  0.0701    109.509   2717.937    109.383   2717.866     46.526   2839.390 N000451
  3528.533   2658.288 -10.469   3540.784   2561.349 -10.470   0.0332  0.1217   3546.065   2726.618   3546.032   2726.497   3540.751   2561.229 N000452
  2958.288   2660.793 -10.147   2975.890   2606.050 -10.148  -0.1846 -0.1794   2975.794   2729.129   2975.979   2729.308   2976.074   2606.217 N000453
  3749.293   2660.718  -9.776   3758.234   2548.015  -9.776  -0.1733  0.1513   3766.834   2729.046   3767.008   2728.894   3758.404   2547.851 N000454
  2453.887   2663.076 -11.172   2472.008   2647.246 -11.172  -0.0908  0.0762   2471.373   2731.418   2471.463   2731.342   2472.100   2647.162 N000455
     0.000      0.000   0.000      0.000      0.000   0.000   0.0000  0.0000      0.000      0.000   2257.076   2732.344   2256.683   2665.119 N000456
     0.000      0.000   0.000      0.000      0.000   0.000   0.0000  0.0000      0.000      0.000   1376.938   2732.853   1363.394   2738.564 N000457
  2758.968   2670.188  -9.077   2777.250   2630.736  -9.078  -0.0321  0.1878   2776.466   2738.526   2776.498   2738.338   2777.282   2630.544 N000458
     0.000      0.000   0.000      0.000      0.000   0.000   0.0000  0.0000      0.000      0.000   3633.941   2737.923   3627.482   2566.388 N000459
     0.000      0.000   0.000      0.000      0.000   0.000   0.0000  0.0000      0.000      0.000   1436.273   2752.770   1423.890   2753.798 N000460
  2685.571   2684.511 -13.427   2703.935   2650.875 -13.427   0.0712  0.0107   2703.066   2752.850   2702.995   2752.839   2703.864   2650.870 N000461
     0.000      0.000   0.000      0.000      0.000   0.000   0.0000  0.0000      0.000      0.000   3199.016   2754.734   3197.666   2615.089 N000462
  2938.594   2687.947  -8.705   2956.319   2634.934  -8.705   0.0945  0.0475   2956.100   2756.284   2956.006   2756.237   2956.225   2634.893 N000463
     0.000      0.000   0.000      0.000      0.000   0.000   0.0000  0.0000      0.000      0.000   1597.914   2761.851   1588.840   2749.286 N000464
  1944.865   2699.814 -11.405   1958.958   2725.337 -11.405  -0.1354 -0.1859   1962.327   2768.162   1962.463   2768.348   1959.094   2725.515 N000465
     0.000      0.000   0.000      0.000      0.000   0.000   0.0000  0.0000      0.000      0.000   3026.508   2784.336   3026.411   2657.898 N000466
     0.000      0.000   0.000      0.000      0.000   0.000   0.0000  0.0000      0.000      0.000    319.891   2785.865    266.697   2889.296 N000467
  2035.975   2723.375 -11.536   2050.968   2741.844 -11.536  -0.0248 -0.1247   2053.441   2791.722   2053.466   2791.847   2050.992   2741.969 N000468
     0.000      0.000   0.000      0.000      0.000   0.000   0.0000  0.0000      0.000      0.000   2778.685   2798.277   2779.438   2690.949 N000469
   483.703   2730.648 -10.714    456.321   2885.603 -10.714   0.0495  0.1477    501.102   2799.011    501.053   2798.864    456.272   2885.456 N000470
     0.000      0.000   0.000      0.000      0.000   0.000   0.0000  0.0000      0.000      0.000   1790.455   2802.438   1784.404   2774.486 N000471
     0.000      0.000   0.000      0.000      0.000   0.000   0.0000  0.0000      0.000      0.000    956.318   2819.309    929.346   2864.342 N000472
     0.000      0.000   0.000      0.000      0.000   0.000   0.0000  0.0000      0.000      0.000   1750.953   2819.851   1744.103   2795.550 N000473
  1622.296   2750.605 -10.460   1630.910   2804.021 -10.460  -0.7041 -1.3955   1639.744   2818.956   1640.448   2820.352   1631.614   2805.386 N000474
  2483.884   2764.660  -9.441   2501.822   2747.804  -9.441  -0.1160  0.1596   2501.369   2833.002   2501.485   2832.843   2501.939   2747.633 N000475
  2038.590   2768.846  -8.965   2053.321   2787.897  -8.965   0.0903 -0.1540   2056.056   2837.194   2055.966   2837.348   2053.229   2788.061 N000476
     0.000      0.000   0.000      0.000      0.000   0.000   0.0000  0.0000      0.000      0.000    824.912   2837.575    792.923   2895.112 N000477
     0.000      0.000   0.000      0.000      0.000   0.000   0.0000  0.0000      0.000      0.000   1180.785   2844.714   1160.604   2870.252 N000478
  3340.770   2779.750 -11.771   3355.763   2697.309 -11.771  -0.0197  0.0916   3358.292   2848.083   3358.311   2847.992   3355.782   2697.215 N000479
  2465.783   2784.423  -8.809   2483.606   2769.284  -8.809   0.0330 -0.0767   2483.267   2852.767   2483.234   2852.843   2483.573   2769.364 N000480
  2231.666   2792.592  -9.919   2248.091   2796.338  -9.920   0.1660  0.0923   2249.140   2860.938   2248.974   2860.846   2247.924   2796.258 N000481
  1085.713   2793.207  -9.290   1080.355   2894.485  -9.290   0.1359  0.2068   1103.137   2861.565   1103.001   2861.358   1080.218   2894.285 N000482
     0.000      0.000   0.000      0.000      0.000   0.000   0.0000  0.0000      0.000      0.000   2778.996   2861.340   2779.707   2754.728 N000483
     0.000      0.000   0.000      0.000      0.000   0.000   0.0000  0.0000      0.000      0.000   2018.464   2864.348   2015.110   2818.642 N000484
  1779.049   2796.847 -11.884   1790.008   2837.990 -11.884   0.0492 -0.1533   1796.503   2865.198   1796.454   2865.351   1789.957   2838.151 N000485
  1917.345   2801.188 -10.307   1930.338   2830.858 -10.308  -0.1555  0.1879   1934.804   2869.537   1934.960   2869.349   1930.497   2830.654 N000486
  3779.206   2803.218 -12.418   3788.597   2689.064 -12.418   0.2056  0.2185   3796.746   2871.548   3796.540   2871.330   3788.394   2688.859 N000487
     0.000      0.000   0.000      0.000      0.000   0.000   0.0000  0.0000      0.000      0.000   2473.783   2871.844   2474.028   2789.395 N000488
  2687.637   2812.881  -9.855   2705.844   2780.632  -9.855   0.1374 -0.1185   2705.130   2881.223   2704.993   2881.341   2705.706   2780.763 N000489
     0.000      0.000   0.000      0.000      0.000   0.000   0.0000  0.0000      0.000      0.000   2595.051   2885.343   2595.629   2793.467 N000490
  2312.132   2829.224  -9.334   2328.976   2827.082  -9.334   0.0962  0.1529   2329.608   2897.570   2329.512   2897.417   2328.880   2826.934 N000491
  1950.200   2833.290  -9.380   1963.387   2860.859  -9.380   0.1583 -0.1269   1967.661   2901.639   1967.503   2901.766   1963.226   2861.001 N000492
  2102.250   2841.151 -10.360   2117.205   2856.304 -10.360   0.0837  0.1514   2119.718   2909.500   2119.634   2909.348   2117.121   2856.156 N000493
     0.000      0.000   0.000      0.000      0.000   0.000   0.0000  0.0000      0.000      0.000   2481.983   2910.844   2482.136   2828.335 N000494
     0.000      0.000   0.000      0.000      0.000   0.000   0.0000  0.0000      0.000      0.000   1106.424   2912.768   1083.002   2946.781 N000495
     0.000      0.000   0.000      0.000      0.000   0.000   0.0000  0.0000      0.000      0.000    759.408   2917.077    723.516   2983.060 N000496
  2503.956   2851.234 -13.106   2521.718   2834.053 -13.107  -0.0438  0.1687   2521.441   2919.578   2521.485   2919.409   2521.763   2833.879 N000497
     0.000      0.000   0.000      0.000      0.000   0.000   0.0000  0.0000      0.000      0.000    773.409   2933.363    737.780   2998.547 N000498
     0.000      0.000   0.000      0.000      0.000   0.000   0.0000  0.0000      0.000      0.000   1270.430   2940.358   1251.537   2960.405 N000499
  1217.215   2878.778 -11.273   1214.628   2970.564 -11.273   0.1897 -0.2216   1234.643   2947.136   1234.454   2947.358   1214.430   2970.808 N000500
     0.000      0.000   0.000      0.000      0.000   0.000   0.0000  0.0000      0.000      0.000   1971.960   2952.350   1967.355   2912.242 N000501
  1918.797   2889.719 -11.498   1931.108   2921.071 -11.498  -0.2031  0.2195   1936.256   2958.070   1936.459   2957.851   1931.316   2920.830 N000502
     0.000      0.000   0.000      0.000      0.000   0.000   0.0000  0.0000      0.000      0.000   1782.952   2961.853   1775.347   2937.867 N000503
     0.000      0.000   0.000      0.000      0.000   0.000   0.0000  0.0000      0.000      0.000    537.398   2962.366    491.122   3050.825 N000504
  1543.353   2897.506  -9.189   1548.826   2961.024  -9.190  -0.1017  0.0056   1560.795   2965.861   1560.897   2965.855   1548.930   2961.010 N000505
     0.000      0.000   0.000      0.000      0.000   0.000   0.0000  0.0000      0.000      0.000   2504.927   2975.789   2504.959   2892.487 N000506
  1044.340   2910.853 -10.554   1035.884   3019.181 -10.554  -0.1605 -0.1466   1061.760   2979.214   1061.921   2979.360   1036.048   3019.317 N000507
  1142.294   2912.304 -11.524   1136.973   3011.767 -11.524  -0.2065 -0.1964   1159.718   2980.663   1159.925   2980.859   1137.183   3011.950 N000508
     0.000      0.000   0.000      0.000      0.000   0.000   0.0000  0.0000      0.000      0.000   2060.464   2992.850   2056.710   2946.201 N000509
  2538.756   2927.008  -9.423   2556.424   2908.258  -9.423   0.1018  0.0470   2556.240   2995.353   2556.139   2995.306   2556.322   2908.218 N000510
  2792.178   2931.260 -10.385   2810.249   2892.466 -10.385   0.1783  0.0499   2809.674   2999.603   2809.496   2999.553   2810.071   2892.429 N000511
   719.754   2933.936 -10.370    698.824   3073.105 -10.370   0.1794 -0.0635    737.161   3002.301    736.981   3002.364    698.636   3073.187 N000512
  1641.194   2940.526  -8.792   1648.250   2996.636  -8.792   0.1944  0.0255   1658.640   3008.880   1658.446   3008.855   1648.052   2996.627 N000513
  1407.320   2948.135 -10.324   1408.994   3024.862 -10.324  -0.1803  0.1355   1424.755   3016.493   1424.936   3016.357   1409.181   3024.707 N000514
     0.000      0.000   0.000      0.000      0.000   0.000   0.0000  0.0000      0.000      0.000   1844.787   3016.603   1837.719   2988.615 N000515
     0.000      0.000   0.000      0.000      0.000   0.000   0.0000  0.0000      0.000      0.000   2170.968   3016.849   2168.319   2961.522 N000516
     0.000      0.000   0.000      0.000      0.000   0.000   0.0000  0.0000      0.000      0.000   2333.023   3018.348   2331.856   2949.725 N000517
  1658.308   2954.717  -9.930   1665.556   3009.700  -9.931  -0.1925  0.1888   1675.754   3023.071   1675.947   3022.882   1665.754   3009.490 N000518
  2884.636   2958.007 -10.774   2902.586   2912.357 -10.774   0.1359  0.0070   2902.135   3026.349   2901.999   3026.342   2902.451   2912.360 N000519
     0.000      0.000   0.000      0.000      0.000   0.000   0.0000  0.0000      0.000      0.000   1745.949   3056.854   1736.757   3038.273 N000520
     0.000      0.000   0.000      0.000      0.000   0.000   0.0000  0.0000      0.000      0.000   3813.038   3060.332   3805.807   2878.177 N000521
  2429.635   3029.808  -9.829   2446.387   3021.730  -9.829   0.1346 -0.0041   2447.113   3098.156   2446.979   3098.160   2446.252   3021.745 N000522
  1490.638   3031.067 -10.204   1493.336   3102.683 -10.205   0.1378  0.0396   1508.076   3099.425   1507.938   3099.385   1493.195   3102.655 N000523
   770.991   3032.510 -12.324    750.327   3170.172 -12.324  -0.0094  0.0097    788.398   3100.875    788.407   3100.865    750.337   3170.162 N000524
   607.040   3036.061 -10.422    579.282   3189.525 -10.423   0.0404  0.0611    624.440   3104.428    624.400   3104.367    579.241   3189.465 N000525
  3828.520   3039.874 -11.806   3838.634   2924.147 -11.806   0.0197 -0.1261   3846.059   3108.207   3846.039   3108.333   3838.615   2924.276 N000526
  2170.603   3050.419 -11.334   2184.953   3064.182 -11.334   0.1033 -0.0809   2188.071   3118.770   2187.967   3118.851   2184.848   3064.273 N000527
  3529.364   3055.719 -10.626   3543.381   2962.158 -10.626  -0.1361  0.1241   3546.890   3124.056   3547.026   3123.932   3543.515   2962.022 N000528
  3439.581   3072.699  -9.533   3454.566   2986.072  -9.533   0.0811  0.1993   3457.103   3141.037   3457.022   3140.838   3454.485   2985.876 N000529
   248.728   3078.221  -9.336    202.140   3268.620  -9.336  -0.0219  0.1137    266.112   3146.593    266.134   3146.479    202.166   3268.499 N000530
  1858.335   3083.876 -11.128   1867.987   3124.901 -11.128  -0.1654 -0.0909   1875.788   3152.230   1875.953   3152.321   1868.154   3124.980 N000531
     0.000      0.000   0.000      0.000      0.000   0.000   0.0000  0.0000      0.000      0.000   3350.817   3160.739   3349.250   3014.069 N000532
  1746.038   3109.815 -10.551   1753.362   3161.225 -10.551   0.0379 -0.1848   1763.486   3178.171   1763.448   3178.356   1753.321   3161.418 N000533
  1922.544   3114.398 -11.257   1932.985   3150.700 -11.258   0.0718 -0.1022   1940.000   3182.752   1939.928   3182.854   1932.911   3150.811 N000534
  1963.788   3115.270 -10.663   1974.871   3148.064 -10.664  -0.2120 -0.2004   1981.245   3183.624   1981.457   3183.825   1975.085   3148.251 N000535
     0.000      0.000   0.000      0.000      0.000   0.000   0.0000  0.0000      0.000      0.000   1866.058   3184.855   1857.774   3159.213 N000536
     0.000      0.000   0.000      0.000      0.000   0.000   0.0000  0.0000      0.000      0.000   1561.439   3188.359   1546.865   3189.417 N000537
  2342.740   3121.228  -9.024   2358.397   3122.208  -9.024   0.2405  0.1827   2360.214   3189.578   2359.974   3189.395   2358.155   3122.041 N000538
     0.000      0.000   0.000      0.000      0.000   0.000   0.0000  0.0000      0.000      0.000   2478.229   3200.849   2477.261   3123.965 N000539
  1853.951   3143.006 -11.101   1862.955   3185.965 -11.101  -0.0493  0.0060   1871.403   3211.362   1871.452   3211.356   1863.005   3185.955 N000540
     0.000      0.000   0.000      0.000      0.000   0.000   0.0000  0.0000      0.000      0.000   2283.648   3217.351   2280.938   3157.006 N000541
     0.000      0.000   0.000      0.000      0.000   0.000   0.0000  0.0000      0.000      0.000    460.891   3236.371    405.095   3342.616 N000542
   918.534   3179.072 -10.965    901.022   3307.947 -10.965   0.0338  0.0719    935.945   3247.438    935.911   3247.366    900.988   3307.876 N000543
  2339.144   3205.981 -10.576   2354.278   3209.215 -10.577   0.1445 -0.0191   2356.617   3274.332   2356.472   3274.351   2354.132   3209.246 N000544
  2133.608   3213.254  -9.584   2146.339   3234.057  -9.584   0.1078  0.0039   2151.071   3281.608   2150.963   3281.604   2146.230   3234.062 N000545
     0.000      0.000   0.000      0.000      0.000   0.000   0.0000  0.0000      0.000      0.000    556.394   3314.394    503.575   3414.387 N000546
   875.311   3253.104 -10.131    854.692   3388.884 -10.131  -0.1617  0.1039    892.719   3321.472    892.881   3321.368    854.862   3388.761 N000547
  1867.089   3269.850  -8.964   1875.052   3315.242  -8.965   0.0892 -0.1504   1884.540   3338.207   1884.451   3338.357   1874.960   3315.404 N000548
   784.904   3276.206 -10.335    760.073   3421.632 -10.335  -0.0961  0.2059    802.308   3344.575    802.404   3344.369    760.177   3421.408 N000549
  2252.640   3345.369  -8.865   2265.896   3359.535  -8.866   0.1402 -0.1309   2270.107   3413.724   2269.966   3413.855   2265.753   3359.682 N000550
  2506.807   3346.811 -14.231   2522.581   3339.489 -14.232  -0.1452  0.0016   2524.285   3415.163   2524.430   3415.161   2522.727   3339.476 N000551
     0.000      0.000   0.000      0.000      0.000   0.000   0.0000  0.0000      0.000      0.000   2436.974   3422.853   2434.490   3354.717 N000552
  1373.477   3356.545 -10.550   1368.476   3449.141 -10.550  -0.0227  0.0451   1390.906   3424.909   1390.928   3424.864   1368.500   3449.092 N000553
     0.000      0.000   0.000      0.000      0.000   0.000   0.0000  0.0000      0.000      0.000   2464.030   3478.354   2461.461   3409.435 N000554
     0.000      0.000   0.000      0.000      0.000   0.000   0.0000  0.0000      0.000      0.000   1484.932   3478.864   1464.391   3496.380 N000555
  2330.148   3426.580 -11.412   2343.734   3436.402 -11.413   0.1480  0.0800   2347.617   3494.935   2347.469   3494.855   2343.585   3436.332 N000556
  2849.860   3439.890  -9.215   2867.002   3406.556  -9.216  -0.1403 -0.1105   2867.351   3508.239   2867.491   3508.350   2867.142   3406.658 N000557
     0.000      0.000   0.000      0.000      0.000   0.000   0.0000  0.0000      0.000      0.000   2350.826   3516.855   2346.822   3458.685 N000558
     0.000      0.000   0.000      0.000      0.000   0.000   0.0000  0.0000      0.000      0.000   3245.007   3539.346   3244.501   3408.007 N000559
     0.000      0.000   0.000      0.000      0.000   0.000   0.0000  0.0000      0.000      0.000   1997.953   3549.860   1988.381   3523.505 N000560
     0.000      0.000   0.000      0.000      0.000   0.000   0.0000  0.0000      0.000      0.000    624.893   3556.374    569.799   3660.291 N000561
  1739.075   3488.925  -9.616   1741.835   3552.830  -9.616   0.0752 -0.0752   1756.517   3557.287   1756.442   3557.362   1741.757   3552.914 N000562
     0.000      0.000   0.000      0.000      0.000   0.000   0.0000  0.0000      0.000      0.000   1861.947   3569.861   1849.454   3556.331 N000563
  1836.773   3514.290  -9.077   1841.409   3570.263  -9.078   0.0230 -0.1788   1854.219   3582.652   1854.196   3582.830   1841.383   3570.450 N000564
     0.000      0.000   0.000      0.000      0.000   0.000   0.0000  0.0000      0.000      0.000   1037.411   3591.770    999.812   3656.270 N000565
     0.000      0.000   0.000      0.000      0.000   0.000   0.0000  0.0000      0.000      0.000   3344.010   3614.846   3343.174   3477.474 N000566
  2185.856   3550.876 -11.007   2196.513   3577.047 -11.007  -0.1445 -1.0612   2203.316   3619.235   2203.461   3620.296   2196.650   3578.130 N000567
     0.000      0.000   0.000      0.000      0.000   0.000   0.0000  0.0000      0.000      0.000   2158.459   3625.359   2150.900   3587.316 N000568
     0.000      0.000   0.000      0.000      0.000   0.000   0.0000  0.0000      0.000      0.000   1617.535   3662.065   1597.946   3674.268 N000569
   835.859   3644.120  -9.123    805.282   3800.814  -9.124  -0.0787  0.1204    853.260   3712.495    853.338   3712.374    805.367   3800.680 N000570
     0.000      0.000   0.000      0.000      0.000   0.000   0.0000  0.0000      0.000      0.000    861.901   3712.374    814.317   3799.817 N000571
     0.000      0.000   0.000      0.000      0.000   0.000   0.0000  0.0000      0.000      0.000   2599.414   3725.231   2596.564   3652.179 N000572
  4043.895   3666.779  -9.042   4055.010   3545.260  -9.042  -0.0496  0.0573   4061.434   3735.120   4061.483   3735.063   4055.059   3545.198 N000573
  2865.681   3674.152  -9.217   2882.116   3646.042  -9.217   0.1805  0.1523   2883.169   3742.506   2882.988   3742.353   2881.935   3645.900 N000574
     0.000      0.000   0.000      0.000      0.000   0.000   0.0000  0.0000      0.000      0.000    825.536   3755.512    775.288   3848.764 N000575
  3546.247   3689.008 -10.264   3562.055   3606.248 -10.264   0.0906  0.0080   3563.764   3757.354   3563.674   3757.346   3561.964   3606.247 N000576
     0.000      0.000   0.000      0.000      0.000   0.000   0.0000  0.0000      0.000      0.000   1998.450   3762.935   1986.543   3744.088 N000577
     0.000      0.000   0.000      0.000      0.000   0.000   0.0000  0.0000      0.000      0.000   1474.927   3764.369   1449.588   3794.183 N000578
  2607.760   3705.278  -9.824   2622.326   3699.956  -9.825  -0.7398  1.2782   2625.237   3773.635   2625.977   3772.357   2623.080   3698.572 N000579
  3489.560   3720.254 -10.630   3505.719   3642.794 -10.630   0.0603  0.0540   3507.075   3788.601   3507.014   3788.547   3505.659   3642.744 N000580
     0.000      0.000   0.000      0.000      0.000   0.000   0.0000  0.0000      0.000      0.000    775.674   3790.321    722.235   3890.435 N000581
  3857.828   3732.610 -10.402   3871.374   3626.760 -10.402  -0.1456  0.1099   3875.358   3800.954   3875.504   3800.844   3871.518   3626.636 N000582
  1977.720   3747.489  -9.905   1982.569   3799.349  -9.906   0.2204 -0.0114   1995.169   3815.853   1994.949   3815.864   1982.344   3799.381 N000583
  1945.024   3779.406 -10.100   1948.783   3835.527 -10.100   0.0236 -0.0943   1962.470   3847.771   1962.447   3847.865   1948.758   3835.627 N000584
     0.000      0.000   0.000      0.000      0.000   0.000   0.0000  0.0000      0.000      0.000   1530.428   3866.870   1505.087   3895.901 N000585
     0.000      0.000   0.000      0.000      0.000   0.000   0.0000  0.0000      0.000      0.000   1647.051   3869.868   1625.127   3887.931 N000586
     0.000      0.000   0.000      0.000      0.000   0.000   0.0000  0.0000      0.000      0.000   2644.476   3893.858   2640.968   3822.677 N000587
   917.317   3841.649  -8.775    885.803   4000.111  -8.775  -0.0835  0.1487    934.718   3910.025    934.802   3909.877    885.894   3999.946 N000588
  2034.956   3867.747 -10.386   2039.535   3919.261 -10.386  -0.0445  0.2117   2052.405   3936.113   2052.450   3935.901   2039.583   3919.036 N000589
  3376.396   3871.539 -10.243   3393.012   3807.561 -10.243  -0.1035  0.0391   3393.904   3939.890   3394.007   3939.851   3393.116   3807.512 N000590
     0.000      0.000   0.000      0.000      0.000   0.000   0.0000  0.0000      0.000      0.000   3863.628   3940.646   3860.315   3771.091 N000591
  1310.847   3904.900 -11.587   1294.126   4027.015 -11.587  -0.1534 -0.1004   1328.264   3973.273   1328.418   3973.374   1294.283   4027.105 N000592
   961.417   3908.542  -9.875    930.285   4066.084  -9.875  -0.0550  0.0424    978.820   3976.920    978.875   3976.877    930.343   4066.034 N000593
     0.000      0.000   0.000      0.000      0.000   0.000   0.0000  0.0000      0.000      0.000   1803.910   3977.035   1784.629   3985.056 N000594
  1002.738   3915.050  -9.817    973.303   4068.712  -9.817   0.1855  0.0503   1020.142   3983.427   1019.957   3983.377    973.111   4068.679 N000595
  3265.338   3919.427  -8.664   3282.011   3866.052  -8.664  -0.1615 -0.0732   3282.840   3987.780   3283.002   3987.853   3282.173   3866.114 N000596
  1338.268   3948.564 -12.528   1321.677   4070.173 -12.529   0.0942  0.0640   1355.686   4016.938   1355.592   4016.874   1321.581   4070.115 N000597
  1290.622   3957.112 -11.328   1272.077   4083.900 -11.328   0.1222  0.1120   1308.038   4025.487   1307.916   4025.375   1271.953   4083.795 N000598
  1938.479   3984.654 -11.550   1939.350   4050.228 -11.550  -0.0212  0.1538   1955.922   4053.022   1955.944   4052.868   1939.374   4050.065 N000599
  3642.859   3990.053  -9.348   3658.713   3908.437  -9.348  -0.1409  0.0193   3660.376   4058.403   3660.517   4058.383   3658.853   3908.406 N000600
     0.000      0.000   0.000      0.000      0.000   0.000   0.0000  0.0000      0.000      0.000   1795.436   4093.370     -1.000     -1.000 N000601
  2733.094   4037.081  -9.610   2746.667   4033.093  -9.610   0.0941  0.0809   2750.571   4105.441   2750.477   4105.361   2746.573   4033.017 N000602
     0.000      0.000   0.000      0.000      0.000   0.000   0.0000  0.0000      0.000      0.000   2386.860   4181.366     -1.000     -1.000 N000603
