   269.811   -151.758 -11.674    267.379     44.996 -11.677  -0.1893 -0.0911    291.738    -87.558    291.927    -87.467    267.574     45.073 N000001
     0.000      0.000   0.000      0.000      0.000   0.000   0.0000  0.0000      0.000      0.000    481.933    -63.803    463.214     55.635 N000002
     0.000      0.000   0.000      0.000      0.000   0.000   0.0000  0.0000      0.000      0.000    886.945    -60.309    877.461     32.281 N000003
     0.000      0.000   0.000      0.000      0.000   0.000   0.0000  0.0000      0.000      0.000    354.400     15.199    331.697    142.300 N000004
     0.000      0.000   0.000      0.000      0.000   0.000   0.0000  0.0000      0.000      0.000   2338.486     37.821   2334.112     37.377 N000005
   724.994     -9.083  -9.910    734.539    155.161  -9.913  -0.0057 -0.0835    746.933     55.110    746.939     55.193    734.545    155.243 N000006
     0.000      0.000   0.000      0.000      0.000   0.000   0.0000  0.0000      0.000      0.000   1294.455     58.186   1290.591    122.334 N000007
     0.000      0.000   0.000      0.000      0.000   0.000   0.0000  0.0000      0.000      0.000   2841.500     93.164   2830.620     61.042 N000008
   765.409     71.435 -10.213    775.682    231.853 -10.215   0.6817  0.3897    787.348    135.628    786.666    135.238    774.987    231.514 N000009
  2272.980     90.635 -11.157   2291.558    154.076 -11.160  -0.0198  0.1353   2294.963    154.807   2294.983    154.672   2291.577    153.943 N000010
  3387.668     96.270 -13.490   3387.270     92.834 -13.493   0.1684 -0.0214   3409.684    160.427   3409.516    160.448   3387.107     92.865 N000011
   132.928    102.749 -12.965    124.670    306.518 -12.968  -0.0721 -0.1644    154.848    166.950    154.920    167.115    124.744    306.676 N000012
   537.976    110.387  -9.557    542.667    285.803  -9.560  -0.0570 -0.1131    559.908    174.583    559.965    174.696    542.725    285.911 N000013
     0.000      0.000   0.000      0.000      0.000   0.000   0.0000  0.0000      0.000      0.000    463.428    203.198    443.356    320.796 N000014
  2368.337    183.371 -12.062   2386.471    238.710 -12.064  -0.1631 -0.1285   2390.321    247.542   2390.484    247.671   2386.633    238.825 N000015
  1833.926    187.401 -10.786   1854.816    276.105 -10.788  -0.0745 -0.0988   1855.894    251.580   1855.969    251.678   1854.890    276.197 N000016
     0.000      0.000   0.000      0.000      0.000   0.000   0.0000  0.0000      0.000      0.000   1641.962    285.204   1640.604    322.779 N000017
  2881.773    221.466 -10.952   2893.153    244.484 -10.954  -0.1977 -0.0339   2903.772    285.630   2903.970    285.664   2893.347    244.505 N000018
     0.000      0.000   0.000      0.000      0.000   0.000   0.0000  0.0000      0.000      0.000   1960.970    355.177   1960.003    370.950 N000019
     0.000      0.000   0.000      0.000      0.000   0.000   0.0000  0.0000      0.000      0.000    709.871    366.569    695.772    465.413 N000020
  1869.837    322.151  -8.805   1890.989    405.937  -8.808  -0.1633  0.1509   1891.804    386.329   1891.968    386.178   1891.152    405.778 N000021
     0.000      0.000   0.000      0.000      0.000   0.000   0.0000  0.0000      0.000      0.000   1488.456    386.684   1486.324    432.540 N000022
     0.000      0.000   0.000      0.000      0.000   0.000   0.0000  0.0000      0.000      0.000   2199.976    415.174   2198.265    414.536 N000023
     0.000      0.000   0.000      0.000      0.000   0.000   0.0000  0.0000      0.000      0.000   1269.449    417.687   1265.231    477.654 N000024
     0.000      0.000   0.000      0.000      0.000   0.000   0.0000  0.0000      0.000      0.000   3722.021    448.367   3694.067    353.819 N000025
     0.000      0.000   0.000      0.000      0.000   0.000   0.0000  0.0000      0.000      0.000   1519.956    455.683   1518.043    498.386 N000026
     0.000      0.000   0.000      0.000      0.000   0.000   0.0000  0.0000      0.000      0.000   1019.441    463.190   1011.453    539.597 N000027
  1082.423    408.700  -8.827   1097.767    543.355  -8.830  -0.0768  0.2002   1104.367    472.889   1104.443    472.689   1097.845    543.152 N000028
     0.000      0.000   0.000      0.000      0.000   0.000   0.0000  0.0000      0.000      0.000   1142.444    478.689   1136.411    546.480 N000029
     0.000      0.000   0.000      0.000      0.000   0.000   0.0000  0.0000      0.000      0.000   1116.544    484.689   1110.107    554.182 N000030
  3131.632    421.715 -10.395   3139.747    424.332 -10.398   0.1320  0.1819   3153.635    485.876   3153.503    485.694   3139.616    424.163 N000031
  3177.487    447.733 -13.312   3184.858    446.892 -13.315  -0.0128  0.1876   3199.492    511.893   3199.504    511.706   3184.869    446.708 N000032
     0.000      0.000   0.000      0.000      0.000   0.000   0.0000  0.0000      0.000      0.000   2489.983    523.170   2486.377    501.921 N000033
   195.750    478.457  -8.888    187.392    675.690  -8.890   0.0833  0.0403    217.666    542.659    217.583    542.618    187.306    675.656 N000034
  2063.268    484.583  -9.294   2084.404    552.884  -9.296  -0.2316  0.0835   2085.240    548.759   2085.471    548.676   2084.635    552.787 N000035
   166.792    499.547 -12.816    157.180    698.867 -12.819  -0.2076  0.0472    188.708    563.749    188.915    563.702    157.396    698.805 N000036
     0.000      0.000   0.000      0.000      0.000   0.000   0.0000  0.0000      0.000      0.000   2339.778    586.672   2337.710    573.693 N000037
  1581.291    530.632  -8.793   1601.817    629.927  -8.796  -0.2090  0.1316   1603.247    594.814   1603.456    594.682   1602.027    629.783 N000038
  1791.302    555.960 -13.053   1812.669    640.881 -13.055  -0.1976 -0.0402   1813.265    620.139   1813.462    620.180   1812.867    640.908 N000039
     0.000      0.000   0.000      0.000      0.000   0.000   0.0000  0.0000      0.000      0.000   1456.952    624.685   1454.402    669.269 N000040
     0.000      0.000   0.000      0.000      0.000   0.000   0.0000  0.0000      0.000      0.000   2814.491    633.166   2807.417    589.107 N000041
     0.000      0.000   0.000      0.000      0.000   0.000   0.0000  0.0000      0.000      0.000   2428.563    634.671   2425.951    615.069 N000042
     0.000      0.000   0.000      0.000      0.000   0.000   0.0000  0.0000      0.000      0.000   3277.338    643.659   3262.066    570.605 N000043
     0.000      0.000   0.000      0.000      0.000   0.000   0.0000  0.0000      0.000      0.000   1836.763    644.179   1836.221    662.996 N000044
  2732.645    599.405 -10.280   2748.553    622.634 -10.282   0.1453 -0.0953   2754.635    663.571   2754.489    663.667   2748.410    622.737 N000045
     0.000      0.000   0.000      0.000      0.000   0.000   0.0000  0.0000      0.000      0.000     91.411    672.704     55.057    814.985 N000046
     0.000      0.000   0.000      0.000      0.000   0.000   0.0000  0.0000      0.000      0.000   2040.968    678.677   2040.468    683.449 N000047
  2900.269    616.020  -8.887   2913.804    628.332  -8.890   0.1614  0.0204   2922.262    680.185   2922.101    680.164   2913.645    628.322 N000048
  1143.890    616.926  -9.833   1159.598    745.119  -9.835  -0.1103 -0.0741   1165.832    681.115   1165.942    681.189   1159.710    745.185 N000049
  2361.165    627.476 -11.909   2381.079    673.892 -11.912   0.1649 -0.0244   2383.143    691.647   2382.978    691.672   2380.915    673.927 N000050
  2141.791    650.905  -8.641   2162.990    711.187  -8.643  -0.2094 -0.0946   2163.762    715.080   2163.971    715.175   2163.199    711.266 N000051
  1650.049    666.852 -11.662   1670.880    759.676 -11.664   0.0495 -0.1481   1672.006    731.034   1671.956    731.182   1670.830    759.826 N000052
     0.000      0.000   0.000      0.000      0.000   0.000   0.0000  0.0000      0.000      0.000   1480.951    732.384   1478.440    774.044 N000053
     0.000      0.000   0.000      0.000      0.000   0.000   0.0000  0.0000      0.000      0.000    418.982    734.137    394.386    851.700 N000054
  2584.538    677.270 -11.044   2602.586    708.369 -11.046   0.0385 -0.2303   2606.522    741.439   2606.484    741.669   2602.549    708.597 N000055
  3247.576    678.596 -12.383   3255.192    667.829 -12.386   0.0761  0.0964   3269.579    742.756   3269.503    742.660   3255.117    667.739 N000056
     0.000      0.000   0.000      0.000      0.000   0.000   0.0000  0.0000      0.000      0.000   1489.951    759.684   1487.471    800.421 N000057
  4070.193    713.602 -11.481   4056.713    652.096 -11.484   0.1925  0.1017   4092.219    777.750   4092.027    777.648   4056.525    652.008 N000058
   585.661    729.127  -9.482    588.433    896.716  -9.485   0.1610  0.1268    607.585    793.323    607.424    793.197    588.269    896.602 N000059
     0.000      0.000   0.000      0.000      0.000   0.000   0.0000  0.0000      0.000      0.000   1794.359    795.080   1793.722    814.623 N000060
  2832.694    735.928 -10.603   2847.884    750.012 -10.605   0.1936 -0.0717   2854.684    800.094   2854.490    800.165   2847.693    750.095 N000061
     0.000      0.000   0.000      0.000      0.000   0.000   0.0000  0.0000      0.000      0.000   1326.545    806.987   1322.177    858.592 N000062
  3791.117    743.684  -9.368   3786.145    698.095  -9.370   0.1172  0.1839   3813.135    807.836   3813.018    807.652   3786.029    697.923 N000063
     0.000      0.000   0.000      0.000      0.000   0.000   0.0000  0.0000      0.000      0.000   2542.293    808.607   2539.258    778.433 N000064
  3816.805    751.915  -9.430   3811.193    704.569  -9.432  -0.1952 -0.0845   3838.824    816.067   3839.019    816.152   3811.383    704.640 N000065
  1728.678    757.608  -9.220   1749.810    843.962  -9.222   0.1780  0.1084   1750.635    821.789   1750.457    821.681   1749.632    843.867 N000066
  3282.144    779.942  -9.615   3289.764    764.752  -9.617   0.1441 -0.0576   3304.147    844.102   3304.003    844.159   3289.623    764.817 N000067
     0.000      0.000   0.000      0.000      0.000   0.000   0.0000  0.0000      0.000      0.000   1348.945    846.686   1344.729    896.369 N000068
   498.533    783.964 -10.646    498.262    957.911 -10.648   0.0328 -0.0359    520.454    848.162    520.421    848.198    498.228    957.949 N000069
  1513.508    788.626  -9.396   1533.197    889.416  -9.398   0.0076  0.1262   1535.458    852.810   1535.451    852.684   1533.190    889.292 N000070
     0.000      0.000   0.000      0.000      0.000   0.000   0.0000  0.0000      0.000      0.000   1639.454    853.182   1637.985    882.600 N000071
   937.609    793.557 -10.394    948.791    935.106 -10.397   0.1091  0.0566    959.543    857.748    959.434    857.692    948.680    935.058 N000072
  2845.691    800.247  -8.575   2861.012    812.247  -8.578   0.2742  0.0805   2867.681    864.413   2867.406    864.332   2860.741    812.186 N000073
  1204.567    806.604 -12.036   1220.523    928.922 -12.039   0.0669  0.1038   1226.508    870.792   1226.441    870.688   1220.455    928.824 N000074
     0.000      0.000   0.000      0.000      0.000   0.000   0.0000  0.0000      0.000      0.000   2097.467    877.676   2097.094    875.691 N000075
  2203.944    816.884  -8.877   2225.191    870.454  -8.880  -0.0560 -0.1159   2225.915    881.058   2225.971    881.174   2225.247    870.564 N000076
  3008.936    818.794 -10.603   3021.855    820.016 -10.606  -0.0392 -0.1314   3030.930    882.957   3030.969    883.088   3021.895    820.142 N000077
  2107.418    841.005 -10.330   2128.979    900.677 -10.332  -0.0819  0.0046   2129.385    905.180   2129.467    905.176   2129.061    900.667 N000078
   144.197    843.032 -11.531    130.558   1044.064 -11.533   0.1972  0.0324    166.107    907.235    165.910    907.203    130.353   1044.047 N000079
  1604.619    846.807 -10.960   1624.911    940.695 -10.963   0.1187 -0.1934   1626.571    910.989   1626.452    911.183   1624.791    940.895 N000080
  1555.799    847.359 -10.400   1575.717    944.633 -10.403  -0.1758 -0.1405   1577.750    911.543   1577.926    911.683   1575.894    944.760 N000081
  2182.708    867.824 -10.338   2204.097    922.083 -10.340   0.2083 -0.1450   2204.677    931.998   2204.469    932.143   2203.889    922.240 N000082
     0.000      0.000   0.000      0.000      0.000   0.000   0.0000  0.0000      0.000      0.000   2886.489    936.308   2879.896    881.593 N000083
     0.000      0.000   0.000      0.000      0.000   0.000   0.0000  0.0000      0.000      0.000   2790.986    937.167   2785.672    888.602 N000084
  2553.260    893.625  -8.705   2572.366    922.942  -8.707   0.0100  0.0419   2575.240    957.795   2575.230    957.753   2572.356    922.901 N000085
     0.000      0.000   0.000      0.000      0.000   0.000   0.0000  0.0000      0.000      0.000   2353.473    967.173   2352.283    946.832 N000086
     0.000      0.000   0.000      0.000      0.000   0.000   0.0000  0.0000      0.000      0.000    413.416    981.575    386.527   1099.411 N000087
  1290.784    919.466  -9.019   1307.556   1034.848  -9.022  -0.1493 -0.0344   1312.726    983.653   1312.876    983.687   1307.707   1034.871 N000088
  2812.090    934.346 -10.115   2828.472    946.087 -10.117   0.0899 -0.1537   2834.077    998.512   2833.987    998.666   2828.384    946.244 N000089
  2391.530    936.941 -13.219   2412.022    976.290 -13.222   0.0303 -0.0587   2413.505   1001.113   2413.474   1001.172   2411.992    976.350 N000090
     0.000      0.000   0.000      0.000      0.000   0.000   0.0000  0.0000      0.000      0.000    560.420   1001.698    538.220   1108.306 N000091
  2149.474    942.749 -10.160   2171.017    998.254 -10.163  -0.1515 -1.2510   2171.441   1006.924   2171.592   1008.175   2171.169    999.479 N000092
     0.000      0.000   0.000      0.000      0.000   0.000   0.0000  0.0000      0.000      0.000   2902.489   1011.665   2896.016    954.576 N000093
     0.000      0.000   0.000      0.000      0.000   0.000   0.0000  0.0000      0.000      0.000   1573.949   1014.684   1571.636   1047.125 N000094
     0.000      0.000   0.000      0.000      0.000   0.000   0.0000  0.0000      0.000      0.000   1829.493   1017.180   1828.799   1031.762 N000095
  2325.086    956.567 -10.796   2345.995   1000.076 -10.798   0.0857  0.0667   2347.058   1020.740   2346.972   1020.673   2345.910   1000.016 N000096
     0.000      0.000   0.000      0.000      0.000   0.000   0.0000  0.0000      0.000      0.000   2191.468   1022.675   2191.010   1012.453 N000097
  1059.283    965.066 -10.729   1071.983   1096.954 -10.732  -0.1877  0.0660   1081.218   1029.256   1081.405   1029.190   1072.175   1096.874 N000098
     0.000      0.000   0.000      0.000      0.000   0.000   0.0000  0.0000      0.000      0.000   2422.974   1033.297   2421.497   1007.387 N000099
     0.000      0.000   0.000      0.000      0.000   0.000   0.0000  0.0000      0.000      0.000   1108.935   1038.190   1100.182   1103.824 N000100
     0.000      0.000   0.000      0.000      0.000   0.000   0.0000  0.0000      0.000      0.000   2062.964   1037.977   2062.691   1036.302 N000101
  1954.261    989.605  -8.867   1975.889   1057.870  -8.869  -0.2392  0.0548   1976.222   1053.783   1976.461   1053.728   1976.129   1057.799 N000102
  1409.980   1007.831  -9.837   1427.952   1114.121  -9.840  -0.0204 -0.1423   1431.924   1072.017   1431.944   1072.159   1427.972   1114.261 N000103
  2129.903   1017.202 -10.645   2151.523   1073.140 -10.648  -0.0969  0.2023   2151.869   1081.378   2151.966   1081.176   2151.620   1072.933 N000104
  1972.576   1023.089 -10.493   1994.213   1089.744 -10.495   0.0756  0.0892   1994.536   1087.267   1994.461   1087.178   1994.138   1089.661 N000105
     0.000      0.000   0.000      0.000      0.000   0.000   0.0000  0.0000      0.000      0.000    554.918   1087.698    531.783   1194.800 N000106
     0.000      0.000   0.000      0.000      0.000   0.000   0.0000  0.0000      0.000      0.000   1821.456   1092.625   1820.622   1107.049 N000107
  3751.050   1029.740 -10.523   3749.720    980.011 -10.526   0.0499  0.1921   3773.063   1093.893   3773.013   1093.701   3749.670    979.826 N000108
  2360.175   1044.859 -10.951   2381.031   1084.852 -10.954   0.1753 -0.1408   2382.147   1109.032   2381.972   1109.173   2380.857   1085.003 N000109
  1734.439   1052.053  -9.120   1755.175   1135.018  -9.122  -0.0608  0.0525   1756.393   1116.234   1756.453   1116.181   1755.236   1134.962 N000110
     0.000      0.000   0.000      0.000      0.000   0.000   0.0000  0.0000      0.000      0.000   1847.956   1121.180   1847.196   1133.501 N000111
  3739.566   1057.382 -10.475   3738.765   1007.792 -10.478   0.0409 -0.1181   3761.578   1121.535   3761.537   1121.653   3738.726   1007.910 N000112
     0.000      0.000   0.000      0.000      0.000   0.000   0.0000  0.0000      0.000      0.000   3104.993   1123.663   3095.989   1051.539 N000113
  1396.355   1068.067 -11.735   1413.920   1174.990 -11.737  -0.1451  0.0668   1418.298   1132.253   1418.443   1132.186   1414.067   1174.913 N000114
     0.000      0.000   0.000      0.000      0.000   0.000   0.0000  0.0000      0.000      0.000   2855.985   1136.166   2850.650   1080.077 N000115
     0.000      0.000   0.000      0.000      0.000   0.000   0.0000  0.0000      0.000      0.000   1862.456   1141.180   1861.726   1152.314 N000116
   950.131   1091.273 -11.868    959.748   1230.922 -11.871   0.1312 -0.2269    972.061   1155.465    971.930   1155.692    959.612   1231.158 N000117
     0.000      0.000   0.000      0.000      0.000   0.000   0.0000  0.0000      0.000      0.000   2757.482   1155.667   2753.386   1105.787 N000118
  1511.455   1095.088 -10.585   1530.257   1193.586 -10.587  -0.0450  0.0878   1533.401   1159.272   1533.446   1159.184   1530.303   1193.496 N000119
  1721.822   1099.444 -10.705   1742.376   1182.934 -10.708  -0.1782 -0.0563   1743.774   1163.625   1743.952   1163.682   1742.555   1182.977 N000120
     0.000      0.000   0.000      0.000      0.000   0.000   0.0000  0.0000      0.000      0.000   1235.437   1177.126   1228.162   1232.988 N000121
  2263.826   1113.180 -12.396   2285.165   1158.898 -12.399  -0.1742  0.1802   2285.794   1177.354   2285.968   1177.174   2285.339   1158.708 N000122
  1165.554   1119.660 -10.558   1179.347   1243.226 -10.561   0.0538  0.0850   1187.490   1183.849   1187.436   1183.764   1179.293   1243.145 N000123
  2214.151   1122.290  -8.742   2235.634   1171.304  -8.745   0.0511 -0.1100   2236.118   1186.465   2236.067   1186.575   2235.583   1171.416 N000124
   455.362   1130.200 -10.907    450.515   1307.816 -10.910  -0.1384  0.2002    477.276   1194.399    477.415   1194.199    450.660   1307.604 N000125
  1378.408   1148.681  -9.738   1395.393   1256.538  -9.740  -0.0916  0.1810   1400.350   1212.867   1400.442   1212.686   1395.487   1256.351 N000126
     0.000      0.000   0.000      0.000      0.000   0.000   0.0000  0.0000      0.000      0.000   2652.478   1232.169   2649.649   1188.254 N000127
   189.411   1182.072  -9.605    173.787   1381.175  -9.607  -0.0892  0.0715    211.317   1246.274    211.406   1246.203    173.881   1381.096 N000128
     0.000      0.000   0.000      0.000      0.000   0.000   0.0000  0.0000      0.000      0.000   1507.444   1261.711   1503.613   1297.398 N000129
  1014.394   1211.794 -10.847   1024.569   1346.550 -10.850  -0.0836 -0.1837   1036.324   1275.985   1036.407   1276.169   1024.653   1346.727 N000130
     0.000      0.000   0.000      0.000      0.000   0.000   0.0000  0.0000      0.000      0.000    794.351   1276.266    776.644   1365.304 N000131
  2029.184   1212.470  -9.880   2050.726   1273.462  -9.882   0.1842 -0.0305   2051.144   1276.647   2050.960   1276.677   2050.541   1273.505 N000132
  3113.066   1219.820 -14.139   3126.370   1207.347 -14.141   0.0663  0.0080   3135.058   1283.983   3134.992   1283.975   3126.305   1207.343 N000133
     0.000      0.000   0.000      0.000      0.000   0.000   0.0000  0.0000      0.000      0.000   1105.454   1290.691   1095.058   1356.040 N000134
  1361.262   1228.575  -8.944   1377.616   1337.431  -8.946  -0.0717  0.0754   1383.202   1292.762   1383.273   1292.687   1377.689   1337.350 N000135
     0.000      0.000   0.000      0.000      0.000   0.000   0.0000  0.0000      0.000      0.000   1458.942   1293.186   1454.382   1332.296 N000136
     0.000      0.000   0.000      0.000      0.000   0.000   0.0000  0.0000      0.000      0.000   2276.038   1298.103   2275.479   1279.093 N000137
  2133.117   1238.169 -12.764   2154.693   1291.690 -12.767   0.1173  0.1689   2155.080   1302.345   2154.962   1302.176   2154.576   1291.531 N000138
  1472.575   1244.491  -8.842   1490.324   1345.135  -8.845   0.0745 -0.0087   1494.517   1308.677   1494.443   1308.685   1490.248   1345.149 N000139
  1563.654   1253.018 -10.233   1582.395   1346.988 -10.236   0.1539  0.0182   1585.599   1317.202   1585.446   1317.184   1582.240   1346.981 N000140
  1881.424   1253.695  -9.065   1902.477   1324.821  -9.067   0.3236  0.1948   1903.379   1317.874   1903.055   1317.680   1902.153   1324.650 N000141
     0.000      0.000   0.000      0.000      0.000   0.000   0.0000  0.0000      0.000      0.000   1805.152   1318.681   1803.748   1332.626 N000142
  2117.467   1260.446  -9.101   2139.027   1314.884  -9.103  -0.0328 -0.0210   2139.429   1324.622   2139.462   1324.643   2139.060   1314.902 N000143
     0.000      0.000   0.000      0.000      0.000   0.000   0.0000  0.0000      0.000      0.000   1526.080   1332.094   1522.161   1366.170 N000144
     0.000      0.000   0.000      0.000      0.000   0.000   0.0000  0.0000      0.000      0.000   2458.471   1334.172   2457.209   1302.268 N000145
     0.000      0.000   0.000      0.000      0.000   0.000   0.0000  0.0000      0.000      0.000   1953.956   1335.679   1953.215   1338.926 N000146
  1282.868   1276.428  -9.238   1297.753   1391.004  -9.241  -0.1876 -0.0716   1304.805   1340.616   1304.992   1340.688   1297.943   1391.062 N000147
  3627.289   1281.784 -10.978   3630.971   1235.081 -10.981  -0.2107  0.1258   3649.295   1345.939   3649.506   1345.813   3631.176   1234.944 N000148
     0.000      0.000   0.000      0.000      0.000   0.000   0.0000  0.0000      0.000      0.000   1370.439   1352.687   1364.347   1398.178 N000149
     0.000      0.000   0.000      0.000      0.000   0.000   0.0000  0.0000      0.000      0.000   2016.886   1359.607   2016.284   1358.247 N000150
  2789.739   1307.615 -11.077   2807.680   1315.476 -11.079   0.1337  0.1150   2811.720   1371.782   2811.586   1371.667   2807.547   1315.371 N000151
  1347.536   1308.855  -9.695   1363.254   1418.577  -9.697   0.0355 -0.1448   1369.474   1373.042   1369.438   1373.187   1363.217   1418.724 N000152
  1259.015   1313.888 -11.076   1273.271   1430.218 -11.079   0.0149 -0.1124   1280.951   1378.076   1280.936   1378.188   1273.255   1430.331 N000153
  1455.856   1344.615 -12.718   1472.914   1446.249 -12.721  -0.1437  0.1147   1477.797   1408.800   1477.941   1408.686   1473.060   1446.124 N000154
  3638.683   1344.355 -14.319   3642.555   1295.909 -14.322  -0.0341 -0.1666   3660.688   1408.510   3660.723   1408.677   3642.589   1296.071 N000155
     0.000      0.000   0.000      0.000      0.000   0.000   0.0000  0.0000      0.000      0.000   1976.456   1414.179   1975.628   1415.383 N000156
     0.000      0.000   0.000      0.000      0.000   0.000   0.0000  0.0000      0.000      0.000   2610.474   1415.920   2608.357   1372.805 N000157
  1462.768   1355.567  -9.439   1479.854   1456.674  -9.442   0.1684  0.2673   1484.709   1419.753   1484.541   1419.486   1479.685   1456.419 N000158
     0.000      0.000   0.000      0.000      0.000   0.000   0.0000  0.0000      0.000      0.000   1750.949   1421.182   1748.844   1438.580 N000159
     0.000      0.000   0.000      0.000      0.000   0.000   0.0000  0.0000      0.000      0.000   1392.563   1422.187   1386.414   1465.955 N000160
     0.000      0.000   0.000      0.000      0.000   0.000   0.0000  0.0000      0.000      0.000   3994.515   1425.151   3968.247   1291.127 N000161
  1747.039   1367.986 -11.116   1766.982   1448.221 -11.118   0.0393 -0.0139   1768.989   1432.168   1768.949   1432.182   1766.943   1448.238 N000162
  2200.709   1367.902  -8.645   2222.150   1415.736  -8.648   0.2088 -0.0981   2222.671   1432.077   2222.463   1432.175   2221.941   1415.848 N000163
     0.000      0.000   0.000      0.000      0.000   0.000   0.0000  0.0000      0.000      0.000   2530.972   1433.546   2529.401   1395.729 N000164
     0.000      0.000   0.000      0.000      0.000   0.000   0.0000  0.0000      0.000      0.000   2214.462   1438.675   2213.944   1422.869 N000165
  2943.182   1378.574  -9.440   2959.561   1375.291  -9.442   0.1822 -0.3145   2965.167   1442.740   2964.984   1443.054   2959.382   1375.614 N000166
  1403.806   1387.453  -9.076   1419.908   1492.915  -9.079  -0.1940 -0.0474   1425.745   1451.639   1425.939   1451.686   1420.105   1492.948 N000167
     0.000      0.000   0.000      0.000      0.000   0.000   0.0000  0.0000      0.000      0.000   1023.896   1452.192   1010.479   1523.988 N000168
     0.000      0.000   0.000      0.000      0.000   0.000   0.0000  0.0000      0.000      0.000   3389.925   1455.659   3377.709   1359.887 N000169
     0.000      0.000   0.000      0.000      0.000   0.000   0.0000  0.0000      0.000      0.000   2200.461   1466.576   2199.922   1451.585 N000170
  1666.393   1403.165 -11.209   1685.523   1489.182 -11.211  -0.1072  0.1652   1688.339   1467.348   1688.446   1467.183   1685.632   1489.009 N000171
     0.000      0.000   0.000      0.000      0.000   0.000   0.0000  0.0000      0.000      0.000   3388.496   1467.659   3376.378   1371.817 N000172
     0.000      0.000   0.000      0.000      0.000   0.000   0.0000  0.0000      0.000      0.000   1655.862   1476.683   1652.699   1500.883 N000173
  1150.400   1422.005 -10.017   1161.882   1546.666 -10.020  -0.1004  0.0051   1172.331   1486.195   1172.431   1486.190   1161.984   1546.653 N000174
  2172.565   1425.262 -10.975   2193.961   1474.736 -10.978   0.0651  0.1366   2194.526   1489.437   2194.461   1489.301   2193.896   1474.605 N000175
     0.000      0.000   0.000      0.000      0.000   0.000   0.0000  0.0000      0.000      0.000   3262.992   1492.661   3253.223   1404.756 N000176
  1903.026   1429.130  -9.554   1923.750   1497.868  -9.557  -0.0002  0.1564   1924.979   1493.310   1924.979   1493.153   1923.751   1497.712 N000177
  1398.038   1432.249  -9.490   1413.790   1538.142  -9.493   0.0385 -0.2215   1419.977   1496.436   1419.938   1496.657   1413.750   1538.366 N000178
     0.000      0.000   0.000      0.000      0.000   0.000   0.0000  0.0000      0.000      0.000    631.915   1499.697    607.034   1602.601 N000179
  2587.953   1456.135  -9.768   2607.946   1476.308  -9.771  -0.0470  0.1346   2609.926   1520.305   2609.973   1520.170   2607.993   1476.171 N000180
     0.000      0.000   0.000      0.000      0.000   0.000   0.0000  0.0000      0.000      0.000   2439.968   1523.672   2438.887   1491.479 N000181
     0.000      0.000   0.000      0.000      0.000   0.000   0.0000  0.0000      0.000      0.000   2142.959   1530.677   2142.308   1519.434 N000182
     0.000      0.000   0.000      0.000      0.000   0.000   0.0000  0.0000      0.000      0.000    942.201   1533.804    926.058   1612.293 N000183
  2899.384   1480.339 -10.448   2916.598   1478.946 -10.450  -0.1427 -0.1607   2921.365   1544.505   2921.508   1544.666   2916.740   1479.095 N000184
     0.000      0.000   0.000      0.000      0.000   0.000   0.0000  0.0000      0.000      0.000   1232.132   1548.889   1222.388   1604.937 N000185
  1836.328   1487.316 -12.735   1856.496   1560.731 -12.738  -0.1716 -0.1836   1858.279   1551.497   1858.450   1551.681   1856.668   1560.902 N000186
     0.000      0.000   0.000      0.000      0.000   0.000   0.0000  0.0000      0.000      0.000   1485.473   1554.686   1479.882   1591.509 N000187
  1754.178   1492.426 -10.021   1773.722   1571.848 -10.023   0.1784 -0.0738   1776.126   1556.608   1775.948   1556.682   1773.542   1571.935 N000188
     0.000      0.000   0.000      0.000      0.000   0.000   0.0000  0.0000      0.000      0.000   1552.441   1560.685   1547.701   1592.495 N000189
     0.000      0.000   0.000      0.000      0.000   0.000   0.0000  0.0000      0.000      0.000   1585.942   1566.184   1581.587   1595.495 N000190
     0.000      0.000   0.000      0.000      0.000   0.000   0.0000  0.0000      0.000      0.000   2146.931   1567.677   2146.223   1555.989 N000191
     0.000      0.000   0.000      0.000      0.000   0.000   0.0000  0.0000      0.000      0.000   1183.066   1571.690   1172.171   1631.589 N000192
     0.000      0.000   0.000      0.000      0.000   0.000   0.0000  0.0000      0.000      0.000   2285.046   1576.258   2284.336   1554.685 N000193
  1399.489   1535.294 -11.682   1414.616   1641.197 -11.685  -0.0112 -0.2063   1421.425   1599.480   1421.437   1599.687   1414.626   1641.403 N000194
     0.000      0.000   0.000      0.000      0.000   0.000   0.0000  0.0000      0.000      0.000   2197.543   1599.676   2196.825   1584.236 N000195
  2231.929   1536.770 -10.467   2253.173   1581.474 -10.469  -0.0446 -0.1513   2253.890   1600.945   2253.935   1601.096   2253.218   1581.622 N000196
  4004.590   1538.897 -12.334   4001.082   1464.140 -12.337   0.0900 -0.1025   4026.603   1603.048   4026.513   1603.151   4000.996   1464.247 N000197
     0.000      0.000   0.000      0.000      0.000   0.000   0.0000  0.0000      0.000      0.000    943.256   1604.610    926.451   1683.424 N000198
     0.000      0.000   0.000      0.000      0.000   0.000   0.0000  0.0000      0.000      0.000   2354.817   1609.174   2353.967   1582.488 N000199
   486.649   1546.937  -9.569    477.994   1725.076  -9.571   0.1492 -0.0627    508.559   1611.137    508.410   1611.199    477.838   1725.151 N000200
     0.000      0.000   0.000      0.000      0.000   0.000   0.0000  0.0000      0.000      0.000   1870.450   1625.252   1868.487   1633.469 N000201
  1673.850   1563.607 -10.383   1692.347   1648.928 -10.385  -0.1499  0.1073   1695.794   1627.790   1695.944   1627.683   1692.499   1648.810 N000202
  1885.540   1564.655  -8.572   1905.745   1634.328  -8.574   0.0404  0.1554   1907.491   1628.835   1907.451   1628.680   1905.705   1634.176 N000203
  3054.160   1577.827  -9.595   3069.785   1565.009  -9.597   0.1602 -0.1733   3076.145   1641.991   3075.985   1642.164   3069.627   1565.192 N000204
     0.000      0.000   0.000      0.000      0.000   0.000   0.0000  0.0000      0.000      0.000   1852.449   1649.681   1850.268   1659.200 N000205
     0.000      0.000   0.000      0.000      0.000   0.000   0.0000  0.0000      0.000      0.000   2043.954   1650.178   2042.803   1645.665 N000206
   595.661   1597.752  -9.525    590.237   1767.480  -9.527   0.1610 -0.1329    617.573   1661.950    617.412   1662.083    590.069   1767.627 N000207
  1251.665   1598.533  -9.462   1263.767   1715.977  -9.464   0.1648  0.0334   1273.596   1662.722   1273.431   1662.689   1263.599   1715.956 N000208
  1845.585   1606.409  -9.827   1865.379   1678.980  -9.830   0.0853 -0.0908   1867.534   1670.590   1867.449   1670.681   1865.293   1679.077 N000209
  1677.086   1606.878 -10.572   1695.408   1691.980 -10.575   0.0860 -0.1222   1699.030   1671.061   1698.944   1671.183   1695.321   1692.109 N000210
  1394.935   1608.380  -9.455   1409.497   1714.821  -9.457  -0.0654 -0.0868   1416.870   1672.567   1416.935   1672.654   1409.563   1714.903 N000211
     0.000      0.000   0.000      0.000      0.000   0.000   0.0000  0.0000      0.000      0.000   1735.971   1676.183   1732.699   1694.346 N000212
  2032.882   1627.465 -11.119   2053.613   1686.253 -11.122  -0.1176 -0.0348   2054.836   1691.643   2054.954   1691.678   2053.731   1686.279 N000213
  2210.580   1639.052  -9.612   2231.668   1684.918  -9.615   0.0805  0.0521   2232.540   1703.228   2232.459   1703.176   2231.588   1684.872 N000214
  2771.174   1651.507 -10.840   2790.029   1657.587 -10.842   0.1386  0.0069   2793.150   1715.675   2793.011   1715.668   2789.891   1657.590 N000215
     0.000      0.000   0.000      0.000      0.000   0.000   0.0000  0.0000      0.000      0.000   1082.425   1717.192   1068.008   1785.731 N000216
  1932.712   1653.053 -11.515   1952.886   1719.163 -11.517   0.2120  0.0528   1954.663   1717.232   1954.451   1717.180   1952.673   1719.126 N000217
  2410.256   1653.330 -10.257   2431.111   1684.847 -10.260  -0.2157 -0.1424   2432.221   1717.503   2432.437   1717.645   2431.325   1684.974 N000218
  1198.471   1668.430  -8.922   1208.922   1790.381  -8.925  -0.0292 -0.0699   1220.400   1732.620   1220.429   1732.690   1208.951   1790.449 N000219
  1273.798   1668.500  -9.402   1285.758   1784.559  -9.404  -0.2016  0.0004   1295.729   1732.689   1295.931   1732.689   1285.963   1784.543 N000220
  1215.585   1672.499 -12.465   1226.357   1793.131 -12.467   0.0852 -0.0013   1237.515   1736.688   1237.429   1736.690   1226.270   1793.139 N000221
  2390.011   1673.754 -10.156   2410.902   1706.642 -10.158   0.0733  0.0351   2411.975   1737.927   2411.901   1737.892   2410.829   1706.612 N000222
     0.000      0.000   0.000      0.000      0.000   0.000   0.0000  0.0000      0.000      0.000   2132.755   1757.477   2131.612   1746.292 N000223
     0.000      0.000   0.000      0.000      0.000   0.000   0.0000  0.0000      0.000      0.000   2530.467   1759.213   2529.001   1719.403 N000224
   165.590   1695.507 -10.687    141.337   1902.742 -10.690   0.0903 -0.0260    187.488   1759.711    187.398   1759.737    141.242   1902.776 N000225
  3356.274   1697.675 -10.602   3367.856   1663.367 -10.604  -0.2503  0.1515   3378.266   1761.835   3378.516   1761.684   3368.101   1663.200 N000226
  1263.690   1704.906  -9.063   1275.147   1821.962  -9.066   0.1065 -0.0941   1285.620   1769.095   1285.514   1769.189   1275.038   1822.065 N000227
  2072.748   1707.187 -10.043   2093.395   1762.949 -10.045  -0.0270  0.1873   2094.702   1771.365   2094.729   1771.178   2093.423   1762.760 N000228
     0.000      0.000   0.000      0.000      0.000   0.000   0.0000  0.0000      0.000      0.000   1700.442   1780.083   1696.269   1801.083 N000229
  1516.149   1728.473  -9.139   1531.769   1826.078  -9.141   0.1488 -0.0270   1538.086   1792.658   1537.937   1792.685   1531.618   1826.117 N000230
     0.000      0.000   0.000      0.000      0.000   0.000   0.0000  0.0000      0.000      0.000   2984.980   1793.165   2980.147   1721.284 N000231
     0.000      0.000   0.000      0.000      0.000   0.000   0.0000  0.0000      0.000      0.000   2342.461   1794.674   2341.440   1768.220 N000232
     0.000      0.000   0.000      0.000      0.000   0.000   0.0000  0.0000      0.000      0.000   3725.502   1809.255   3708.715   1687.258 N000233
     0.000      0.000   0.000      0.000      0.000   0.000   0.0000  0.0000      0.000      0.000   2140.955   1829.377   2139.645   1817.537 N000234
  1931.258   1769.602 -11.764   1950.971   1835.857 -11.767   0.2584  2.1022   1953.207   1833.782   1952.949   1831.680   1950.720   1833.771 N000235
  2248.684   1771.024  -8.830   2269.564   1813.880  -8.833   0.1843  0.0236   2270.643   1835.199   2270.458   1835.175   2269.379   1813.870 N000236
  1415.746   1773.258 -10.293   1429.450   1878.853 -10.296  -0.0187  0.0813   1437.680   1837.445   1437.698   1837.363   1429.470   1878.770 N000237
  1996.209   1773.848 -10.947   2016.294   1835.265 -10.950   0.1839 -0.1519   2018.160   1838.027   2017.976   1838.179   2016.108   1835.431 N000238
     0.000      0.000   0.000      0.000      0.000   0.000   0.0000  0.0000      0.000      0.000   1566.847   1842.231   1560.610   1873.663 N000239
  1532.996   1785.237 -10.446   1548.475   1881.809 -10.449  -0.0044  0.2373   1554.933   1849.423   1554.937   1849.185   1548.481   1881.570 N000240
     0.000      0.000   0.000      0.000      0.000   0.000   0.0000  0.0000      0.000      0.000   1666.440   1850.450   1661.471   1874.271 N000241
  1957.940   1791.824  -9.882   1977.729   1856.115  -9.884  -0.0603 -0.1755   1979.889   1856.004   1979.949   1856.179   1977.789   1856.286 N000242
     0.000      0.000   0.000      0.000      0.000   0.000   0.0000  0.0000      0.000      0.000   1475.327   1859.186   1467.564   1897.795 N000243
  1405.631   1799.492  -9.220   1418.955   1906.039  -9.222   0.1306 -0.0079   1427.564   1863.679   1427.433   1863.687   1418.822   1906.057 N000244
     0.000      0.000   0.000      0.000      0.000   0.000   0.0000  0.0000      0.000      0.000   1200.426   1869.652   1187.259   1929.994 N000245
  2945.012   1806.721 -10.439   2962.521   1799.840 -10.442   0.0124  0.2214   2966.991   1870.887   2966.978   1870.666   2962.508   1799.620 N000246
  2039.681   1808.666 -10.236   2059.866   1866.889 -10.239   0.1809  0.1660   2061.633   1872.844   2061.452   1872.678   2059.685   1866.736 N000247
  1264.256   1808.883  -9.845   1274.813   1926.620  -9.848  -0.0775 -0.1173   1286.185   1873.072   1286.262   1873.189   1274.891   1926.732 N000248
     0.000      0.000   0.000      0.000      0.000   0.000   0.0000  0.0000      0.000      0.000    783.914   1875.749    759.375   1970.037 N000249
     0.000      0.000   0.000      0.000      0.000   0.000   0.0000  0.0000      0.000      0.000   2471.464   1877.173   2470.120   1841.278 N000250
  2088.881   1816.211  -8.902   2109.259   1870.793  -8.904  -0.1192 -0.1464   2110.834   1880.388   2110.953   1880.535   2109.378   1870.930 N000251
     0.000      0.000   0.000      0.000      0.000   0.000   0.0000  0.0000      0.000      0.000   1881.446   1881.181   1878.464   1888.750 N000252
     0.000      0.000   0.000      0.000      0.000   0.000   0.0000  0.0000      0.000      0.000   1296.929   1886.689   1285.654   1939.494 N000253
     0.000      0.000   0.000      0.000      0.000   0.000   0.0000  0.0000      0.000      0.000   2000.033   1886.346   1997.876   1885.005 N000254
  1193.006   1823.613 -11.815   1201.911   1947.145 -11.817   0.0059  0.1133   1214.932   1887.803   1214.926   1887.690   1201.906   1947.031 N000255
     0.000      0.000   0.000      0.000      0.000   0.000   0.0000  0.0000      0.000      0.000   2375.461   1887.583   2374.272   1858.613 N000256
     0.000      0.000   0.000      0.000      0.000   0.000   0.0000  0.0000      0.000      0.000   2790.473   1887.668   2787.570   1828.957 N000257
     0.000      0.000   0.000      0.000      0.000   0.000   0.0000  0.0000      0.000      0.000   2294.958   1889.675   2293.789   1866.556 N000258
  1870.767   1825.974  -9.665   1889.775   1896.897  -9.667  -0.1619 -0.0262   1892.713   1890.155   1892.875   1890.181   1889.938   1896.911 N000259
  2808.391   1832.604 -10.529   2827.173   1835.212 -10.532  -0.1089  0.1038   2830.365   1896.771   2830.474   1896.668   2827.281   1835.101 N000260
  2151.698   1833.821 -11.379   2172.246   1883.777 -11.382   0.1983 -0.1794   2173.653   1897.997   2173.455   1898.177   2172.047   1883.971 N000261
     0.000      0.000   0.000      0.000      0.000   0.000   0.0000  0.0000      0.000      0.000   1174.008   1901.274   1159.926   1964.017 N000262
  1465.537   1837.977  -9.527   1479.580   1940.094  -9.529  -0.4629 -0.0858   1487.471   1902.163   1487.934   1902.249   1480.050   1940.144 N000263
  3810.224   1846.923 -11.087   3813.829   1781.087 -11.089   0.0334 -0.0768   3832.227   1911.077   3832.194   1911.154   3813.797   1781.165 N000264
     0.000      0.000   0.000      0.000      0.000   0.000   0.0000  0.0000      0.000      0.000   1516.435   1912.186   1508.944   1947.920 N000265
  2993.110   1848.764 -11.053   3010.204   1838.338 -11.055   0.1102  0.1444   3015.089   1912.929   3014.979   1912.784   3010.095   1838.202 N000266
  1041.119   1852.380 -10.464   1046.089   1988.433 -10.466   0.1190 -0.1196   1063.041   1916.573   1062.922   1916.692   1045.966   1988.564 N000267
     0.000      0.000   0.000      0.000      0.000   0.000   0.0000  0.0000      0.000      0.000   1038.421   1919.693   1020.788   1993.589 N000268
  2242.436   1862.654 -11.630   2263.110   1905.958 -11.632  -0.0640  0.1539   2264.393   1926.829   2264.457   1926.676   2263.175   1905.799 N000269
     0.000      0.000   0.000      0.000      0.000   0.000   0.0000  0.0000      0.000      0.000   1783.443   1928.644   1779.308   1943.837 N000270
     0.000      0.000   0.000      0.000      0.000   0.000   0.0000  0.0000      0.000      0.000    294.399   1937.703     -1.000     -1.000 N000271
  2148.630   1873.145 -14.209   2169.049   1923.381 -14.211   0.1298  0.1234   2170.584   1937.322   2170.454   1937.199   2168.919   1923.267 N000272
     0.000      0.000   0.000      0.000      0.000   0.000   0.0000  0.0000      0.000      0.000   1230.890   1941.047   1217.695   1999.601 N000273
     0.000      0.000   0.000      0.000      0.000   0.000   0.0000  0.0000      0.000      0.000   2302.458   1943.175   2301.173   1919.523 N000274
  2585.674   1882.619 -13.210   2605.784   1900.992 -13.213   0.1745  0.1193   2607.641   1946.790   2607.467   1946.671   2605.610   1900.885 N000275
     0.000      0.000   0.000      0.000      0.000   0.000   0.0000  0.0000      0.000      0.000   1653.388   1951.234   1647.606   1976.555 N000276
     0.000      0.000   0.000      0.000      0.000   0.000   0.0000  0.0000      0.000      0.000   1392.467   1952.188   1382.491   1997.961 N000277
  2720.225   1890.583  -9.678   2739.653   1899.297  -9.681  -0.2434  0.0834   2742.196   1954.752   2742.439   1954.669   2739.895   1899.196 N000278
  1071.475   1896.415 -10.037   1076.731   2030.483 -10.040  -0.0247 -0.0850   1093.397   1960.607   1093.422   1960.692   1076.755   2030.567 N000279
     0.000      0.000   0.000      0.000      0.000   0.000   0.0000  0.0000      0.000      0.000    975.347   1963.694    955.477   2043.268 N000280
     0.000      0.000   0.000      0.000      0.000   0.000   0.0000  0.0000      0.000      0.000   1809.943   1967.182   1805.853   1980.528 N000281
  2476.293   1903.923 -11.647   2496.740   1930.184 -11.649  -0.2068 -0.0767   2498.256   1968.096   2498.463   1968.172   2496.946   1930.246 N000282
     0.000      0.000   0.000      0.000      0.000   0.000   0.0000  0.0000      0.000      0.000   1755.441   1971.683   1750.745   1989.238 N000283
     0.000      0.000   0.000      0.000      0.000   0.000   0.0000  0.0000      0.000      0.000   1303.328   1980.689   1291.309   2033.816 N000284
     0.000      0.000   0.000      0.000      0.000   0.000   0.0000  0.0000      0.000      0.000    987.418   1989.756     -1.000     -1.000 N000285
     0.000      0.000   0.000      0.000      0.000   0.000   0.0000  0.0000      0.000      0.000    510.404   1992.700    478.663   2060.183 N000286
  2662.009   1934.317  -9.174   2681.755   1947.147  -9.176   0.0086 -0.1113   2683.977   1998.487   2683.968   1998.598   2681.746   1947.259 N000287
  2625.182   1936.814  -8.998   2645.091   1952.296  -9.001   0.0986 -0.1859   2647.149   2000.984   2647.050   2001.170   2644.993   1952.489 N000288
     0.000      0.000   0.000      0.000      0.000   0.000   0.0000  0.0000      0.000      0.000   2741.970   2001.669   2739.435   1946.162 N000289
     0.000      0.000   0.000      0.000      0.000   0.000   0.0000  0.0000      0.000      0.000   2307.207   2008.238   2305.769   1984.327 N000290
  2451.759   1954.357 -11.059   2472.188   1982.424 -11.062  -0.2407 -0.1426   2473.721   2018.530   2473.962   2018.673   2472.428   1982.549 N000291
  2648.118   1954.983 -10.452   2667.921   1968.803 -10.454   0.1185 -0.0171   2670.086   2019.153   2669.967   2019.170   2667.803   1968.829 N000292
  3182.571   1956.514 -12.041   3197.699   1932.467 -12.043   0.0710  0.0138   3204.554   2020.677   3204.483   2020.663   3197.629   1932.458 N000293
     0.000      0.000   0.000      0.000      0.000   0.000   0.0000  0.0000      0.000      0.000   1423.931   2025.687     -1.000     -1.000 N000294
     0.000      0.000   0.000      0.000      0.000   0.000   0.0000  0.0000      0.000      0.000   3884.203   2025.653   3865.478   1891.292 N000295
     0.000      0.000   0.000      0.000      0.000   0.000   0.0000  0.0000      0.000      0.000    544.905   2027.700    514.076   2092.711 N000296
  2103.836   1963.613 -11.547   2123.751   2017.438 -11.550  -0.1644  0.1133   2125.787   2027.791   2125.951   2027.678   2123.917   2017.312 N000297
     0.000      0.000   0.000      0.000      0.000   0.000   0.0000  0.0000      0.000      0.000   1142.422   2030.191     -1.000     -1.000 N000298
  2446.980   1973.369 -10.283   2467.385   2001.806 -10.286  -0.0199 -0.1310   2468.941   2037.542   2468.961   2037.673   2467.404   2001.936 N000299
     0.000      0.000   0.000      0.000      0.000   0.000   0.0000  0.0000      0.000      0.000    605.406   2044.699    576.687   2104.714 N000300
     0.000      0.000   0.000      0.000      0.000   0.000   0.0000  0.0000      0.000      0.000   2896.774   2043.967   2893.181   1977.360 N000301
     0.000      0.000   0.000      0.000      0.000   0.000   0.0000  0.0000      0.000      0.000   2572.564   2063.172   2570.725   2019.906 N000302
  2820.400   2004.990  -9.353   2839.207   2006.410  -9.355  -0.1000 -0.0096   2842.372   2069.158   2842.472   2069.168   2839.307   2006.412 N000303
   167.948   2007.851 -13.362    143.095   2169.063 -13.364  -0.0516 -0.1494    189.842   2072.055    189.894   2072.205    143.147   2169.211 N000304
  1392.738   2011.397 -10.638   1408.028   2068.367 -10.640  -0.2117 -0.1034   1414.668   2075.584   1414.880   2075.688   1408.243   2068.454 N000305
     0.000      0.000   0.000      0.000      0.000   0.000   0.0000  0.0000      0.000      0.000   2032.448   2078.679     -1.000     -1.000 N000306
     0.000      0.000   0.000      0.000      0.000   0.000   0.0000  0.0000      0.000      0.000   3175.681   2085.563   3169.361   1999.181 N000307
     0.000      0.000   0.000      0.000      0.000   0.000   0.0000  0.0000      0.000      0.000   2483.961   2094.173     -1.000     -1.000 N000308
     0.000      0.000   0.000      0.000      0.000   0.000   0.0000  0.0000      0.000      0.000   2396.958   2095.124     -1.000     -1.000 N000309
     0.000      0.000   0.000      0.000      0.000   0.000   0.0000  0.0000      0.000      0.000   3077.478   2110.165   3072.308   2030.652 N000310
     0.000      0.000   0.000      0.000      0.000   0.000   0.0000  0.0000      0.000      0.000   2179.452   2112.177     -1.000     -1.000 N000311
     0.000      0.000   0.000      0.000      0.000   0.000   0.0000  0.0000      0.000      0.000   2375.957   2120.237     -1.000     -1.000 N000312
     0.000      0.000   0.000      0.000      0.000   0.000   0.0000  0.0000      0.000      0.000   2579.535   2124.529     -1.000     -1.000 N000313
     0.000      0.000   0.000      0.000      0.000   0.000   0.0000  0.0000      0.000      0.000   3141.480   2136.664     -1.000     -1.000 N000314
  2527.618   2092.906 -10.317   2550.811   2063.229 -10.320   0.1176 -0.0937   2549.580   2157.078   2549.462   2157.172   2550.694   2063.331 N000315
  1732.883   2095.096 -11.711   1752.693   2125.735 -11.713  -0.1172  0.0965   1754.821   2159.280   1754.939   2159.183   1752.812   2125.629 N000316
     0.000      0.000   0.000      0.000      0.000   0.000   0.0000  0.0000      0.000      0.000   1626.546   2165.185   1622.760   2141.790 N000317
  1967.801   2121.583 -11.342   1989.707   2134.164 -11.345  -0.1987  0.0826   1989.746   2185.762   1989.945   2185.680   1989.907   2134.066 N000318
  1368.391   2125.802 -10.511   1382.356   2185.841 -10.514  -0.1090 -0.1977   1390.318   2189.990   1390.427   2190.188   1382.465   2186.032 N000319
   811.423   2130.280 -11.930    810.801   2237.071 -11.932  -0.0767 -0.2201    833.334   2194.476    833.411   2194.696    810.878   2237.288 N000320
     0.000      0.000   0.000      0.000      0.000   0.000   0.0000  0.0000      0.000      0.000   1469.045   2203.187   1462.470   2192.774 N000321
  1940.305   2140.908 -10.913   1961.923   2155.728 -10.915  -1.6947  1.4701   1962.249   2205.088   1963.944   2203.618   1963.637   2154.117 N000322
     0.000      0.000   0.000      0.000      0.000   0.000   0.0000  0.0000      0.000      0.000   2345.955   2205.217   2347.387   2126.604 N000323
  1969.417   2154.163  -9.924   1991.215   2166.822  -9.926  -0.0832  0.1626   1991.361   2218.343   1991.445   2218.180   1991.299   2166.652 N000324
  2225.344   2155.910 -11.242   2248.512   2148.981 -11.245  -0.1299 -0.0897   2247.296   2220.087   2247.426   2220.176   2248.642   2149.061 N000325
   509.032   2157.394 -11.711    496.973   2291.108 -11.714   0.0325 -0.1057    530.934   2221.594    530.902   2221.700    496.938   2291.218 N000326
     0.000      0.000   0.000      0.000      0.000   0.000   0.0000  0.0000      0.000      0.000   2108.448   2223.678   2109.059   2163.182 N000327
  2050.825   2164.486 -12.467   2073.158   2170.938 -12.469  -0.1512 -0.0135   2072.772   2228.665   2072.923   2228.679   2073.310   2170.940 N000328
     0.000      0.000   0.000      0.000      0.000   0.000   0.0000  0.0000      0.000      0.000   2185.450   2230.177   2186.424   2163.826 N000329
  1638.275   2175.106 -11.067   1656.439   2213.882 -11.069  -0.2249  0.1065   1660.210   2239.291   1660.435   2239.185   1656.668   2213.757 N000330
     0.000      0.000   0.000      0.000      0.000   0.000   0.0000  0.0000      0.000      0.000   1750.437   2239.183   1747.838   2206.619 N000331
  2448.893   2179.040 -11.470   2472.241   2155.365 -11.472  -0.1073  0.0403   2470.851   2243.214   2470.958   2243.173   2472.348   2155.316 N000332
     0.000      0.000   0.000      0.000      0.000   0.000   0.0000  0.0000      0.000      0.000   2269.952   2246.176   2271.184   2173.471 N000333
     0.000      0.000   0.000      0.000      0.000   0.000   0.0000  0.0000      0.000      0.000   1785.412   2249.209   1783.169   2213.974 N000334
  2502.635   2190.890  -9.837   2525.906   2163.239  -9.839   0.1351 -0.1101   2524.595   2255.062   2524.460   2255.173   2525.771   2163.360 N000335
  1449.150   2191.821  -9.954   1464.130   2246.006  -9.957   0.1497 -0.1789   1471.078   2256.008   1470.929   2256.187   1463.976   2246.199 N000336
     0.000      0.000   0.000      0.000      0.000   0.000   0.0000  0.0000      0.000      0.000   1351.925   2262.755   1342.556   2262.608 N000337
     0.000      0.000   0.000      0.000      0.000   0.000   0.0000  0.0000      0.000      0.000   1199.921   2264.691   1187.081   2277.195 N000338
  3153.042   2200.436 -11.240   3172.116   2125.380 -11.242   0.0417 -0.0637   3175.021   2264.600   3174.979   2264.664   3172.075   2125.447 N000339
  3571.124   2200.460 -10.350   3584.160   2096.082 -10.353   0.1243 -0.0401   3593.115   2264.618   3592.991   2264.658   3584.038   2096.130 N000340
  1108.111   2206.075 -11.775   1115.371   2288.720 -11.778   0.1112  0.0754   1130.030   2270.267   1129.919   2270.192   1115.258   2288.653 N000341
  1236.032   2216.847 -11.349   1246.339   2288.921 -11.352  -0.2061  0.0142   1257.954   2281.038   1258.160   2281.023   1246.550   2288.890 N000342
  2552.407   2220.877 -11.178   2575.581   2189.607 -11.181  -0.0932 -0.1229   2574.368   2285.049   2574.461   2285.172   2575.674   2189.723 N000343
  1499.225   2237.019  -9.905   1514.751   2287.656  -9.908   0.1369  0.0192   1521.155   2301.206   1521.018   2301.187   1514.612   2287.648 N000344
     0.000      0.000   0.000      0.000      0.000   0.000   0.0000  0.0000      0.000      0.000   3055.975   2305.204   3054.470   2174.481 N000345
  2149.866   2248.582 -10.097   2172.491   2247.942 -10.099  -0.1339  0.0817   2171.815   2312.759   2171.949   2312.678   2172.626   2247.849 N000346
   437.570   2251.664 -11.510    421.141   2393.655 -11.513   0.0696  0.1637    459.468   2315.865    459.398   2315.701    421.071   2393.494 N000347
     0.000      0.000   0.000      0.000      0.000   0.000   0.0000  0.0000      0.000      0.000   3203.229   2322.163   3200.260   2180.853 N000348
  1379.163   2258.423 -10.451   1392.223   2319.180 -10.454   0.1626 -0.0767   1401.088   2322.612   1400.926   2322.688   1392.056   2319.271 N000349
     0.000      0.000   0.000      0.000      0.000   0.000   0.0000  0.0000      0.000      0.000   1327.924   2325.689   1317.474   2328.365 N000350
  2148.704   2272.383 -10.311   2171.248   2271.994 -10.314   0.2036 -0.1173   2170.652   2336.560   2170.448   2336.678   2171.043   2272.128 N000351
  2591.382   2274.464 -11.250   2614.486   2240.469 -11.252  -0.1185 -0.0357   2613.343   2338.636   2613.461   2338.671   2614.604   2240.496 N000352
  1352.331   2277.202 -11.215   1364.661   2340.436 -11.217  -0.1689  0.1780   1374.256   2341.391   1374.425   2341.213   1364.835   2340.242 N000353
  3229.864   2277.451  -9.034   3248.402   2196.809  -9.036  -0.1363 -0.0491   3251.844   2341.614   3251.980   2341.663   3248.537   2196.849 N000354
  2303.278   2278.369  -9.521   2326.394   2266.141  -9.524  -0.1798 -0.1313   2325.231   2342.544   2325.411   2342.675   2326.574   2266.259 N000355
     0.000      0.000   0.000      0.000      0.000   0.000   0.0000  0.0000      0.000      0.000   2765.466   2343.669   2766.089   2234.226 N000356
   985.343   2282.667  -9.720    988.336   2376.981  -9.723  -0.1573  0.1671   1007.257   2346.861   1007.414   2346.694    988.500   2376.798 N000357
   389.748   2287.727 -10.500    370.676   2434.828 -10.502  -0.0300 -0.0785    411.644   2351.929    411.674   2352.008    370.706   2434.905 N000358
     0.000      0.000   0.000      0.000      0.000   0.000   0.0000  0.0000      0.000      0.000   1761.436   2352.233   1758.309   2319.890 N000359
     0.000      0.000   0.000      0.000      0.000   0.000   0.0000  0.0000      0.000      0.000   1261.921   2356.762   1249.664   2365.404 N000360
  2658.199   2295.524 -11.018   2681.133   2256.628 -11.020   0.1709  0.0242   2680.162   2359.695   2679.991   2359.671   2680.963   2256.617 N000361
     0.000      0.000   0.000      0.000      0.000   0.000   0.0000  0.0000      0.000      0.000   1747.935   2365.184   1744.556   2334.060 N000362
  1251.264   2303.944  -9.931   1261.080   2376.003  -9.933  -0.1205 -0.0556   1273.186   2368.135   1273.306   2368.190   1261.203   2376.049 N000363
     0.000      0.000   0.000      0.000      0.000   0.000   0.0000  0.0000      0.000      0.000   1737.935   2368.017   1734.406   2337.725 N000364
  1986.747   2306.652 -10.474   2008.065   2319.134 -10.476  -0.0030  0.1523   2008.690   2370.832   2008.693   2370.680   2008.069   2318.980 N000365
  3437.206   2308.282  -9.094   3453.126   2212.906  -9.097  -0.2943 -0.2177   3459.191   2372.442   3459.486   2372.660   3453.417   2213.102 N000366
     0.000      0.000   0.000      0.000      0.000   0.000   0.0000  0.0000      0.000      0.000   1418.926   2373.188   1409.971   2368.974 N000367
     0.000      0.000   0.000      0.000      0.000   0.000   0.0000  0.0000      0.000      0.000    586.401   2373.800    552.456   2441.432 N000368
     0.000      0.000   0.000      0.000      0.000   0.000   0.0000  0.0000      0.000      0.000    621.902   2373.842    589.361   2438.298 N000369
     0.000      0.000   0.000      0.000      0.000   0.000   0.0000  0.0000      0.000      0.000    947.412   2373.895    926.343   2409.664 N000370
  2253.347   2312.547 -10.933   2276.236   2304.368 -10.935  -0.1529  0.0469   2275.298   2376.723   2275.451   2376.676   2276.390   2304.309 N000371
  2704.998   2314.553  -9.250   2727.783   2272.245  -9.253  -0.0016  0.0534   2726.962   2378.723   2726.964   2378.670   2727.785   2272.191 N000372
     0.000      0.000   0.000      0.000      0.000   0.000   0.0000  0.0000      0.000      0.000   1691.979   2380.094   1687.722   2353.636 N000373
  1187.764   2324.741 -10.263   1195.820   2402.479 -10.266  -0.2719  0.2406   1209.683   2388.932   1209.955   2388.691   1196.101   2402.211 N000374
     0.000      0.000   0.000      0.000      0.000   0.000   0.0000  0.0000      0.000      0.000   2450.884   2390.102   2452.141   2304.406 N000375
  2105.171   2327.688  -9.257   2127.274   2331.098  -9.260   0.1705  0.1876   2127.117   2391.866   2126.946   2391.678   2127.103   2330.922 N000376
     0.000      0.000   0.000      0.000      0.000   0.000   0.0000  0.0000      0.000      0.000   1697.833   2398.184   1693.536   2371.470 N000377
  2144.110   2336.137 -11.573   2166.415   2336.584 -11.576   0.1099  0.1367   2166.057   2400.314   2165.947   2400.178   2166.305   2336.455 N000378
   560.076   2343.294 -10.222    547.340   2476.257 -10.224   0.0758 -0.1746    581.976   2407.494    581.900   2407.669    547.258   2476.442 N000379
  1097.443   2347.357  -9.785   1102.881   2433.166  -9.788  -0.0863 -0.1435   1119.359   2411.549   1119.446   2411.692   1102.968   2433.304 N000380
  1461.760   2349.575  -9.386   1475.661   2404.762  -9.388   0.0515  0.1172   1483.687   2413.763   1483.635   2413.646   1475.610   2404.647 N000381
     0.000      0.000   0.000      0.000      0.000   0.000   0.0000  0.0000      0.000      0.000   1679.377   2428.685   1674.591   2403.846 N000382
  2445.009   2366.866  -9.170   2468.180   2344.372  -9.173   0.0090  0.0536   2466.965   2431.040   2466.956   2430.986   2468.171   2344.319 N000383
     0.000      0.000   0.000      0.000      0.000   0.000   0.0000  0.0000      0.000      0.000   2528.457   2431.173   2529.682   2339.835 N000384
     0.000      0.000   0.000      0.000      0.000   0.000   0.0000  0.0000      0.000      0.000   2037.943   2436.680   2037.262   2383.297 N000385
     0.000      0.000   0.000      0.000      0.000   0.000   0.0000  0.0000      0.000      0.000   1289.371   2438.140   1276.937   2445.751 N000386
  2680.464   2373.983  -9.583   2703.373   2333.758  -9.586  -0.0362 -0.0166   2702.426   2438.154   2702.462   2438.170   2703.409   2333.772 N000387
     0.000      0.000   0.000      0.000      0.000   0.000   0.0000  0.0000      0.000      0.000    368.894   2451.203    324.335   2540.374 N000388
     0.000      0.000   0.000      0.000      0.000   0.000   0.0000  0.0000      0.000      0.000   2094.257   2451.179   2093.950   2393.508 N000389
     0.000      0.000   0.000      0.000      0.000   0.000   0.0000  0.0000      0.000      0.000   1709.933   2456.684   1705.396   2429.728 N000390
  1180.147   2393.471  -9.678   1187.269   2473.015  -9.681   0.1180  0.0302   1202.065   2457.663   1201.947   2457.632   1187.148   2472.994 N000391
     0.000      0.000   0.000      0.000      0.000   0.000   0.0000  0.0000      0.000      0.000    693.403   2458.698    662.367   2518.592 N000392
     0.000      0.000   0.000      0.000      0.000   0.000   0.0000  0.0000      0.000      0.000    408.832   2472.202    365.740   2558.231 N000393
     0.000      0.000   0.000      0.000      0.000   0.000   0.0000  0.0000      0.000      0.000   1657.431   2482.685   1651.895   2460.365 N000394
  2762.414   2426.442  -9.033   2785.077   2380.339  -9.035  -0.0857 -0.0583   2784.378   2490.611   2784.464   2490.669   2785.162   2380.391 N000395
     0.000      0.000   0.000      0.000      0.000   0.000   0.0000  0.0000      0.000      0.000   1746.434   2493.684   1742.157   2464.256 N000396
  1602.305   2433.153 -10.241   1618.031   2477.955 -10.243  -0.1330  0.1527   1624.234   2497.338   1624.367   2497.185   1618.167   2477.789 N000397
  1672.222   2434.345 -11.057   1689.065   2473.429 -11.059   0.1925 -0.1555   1694.154   2498.529   1693.961   2498.685   1688.868   2473.602 N000398
  1311.973   2435.091  -9.780   1321.876   2504.155  -9.782  -0.0275  0.0910   1333.894   2499.281   1333.921   2499.190   1321.905   2504.060 N000399
  2475.998   2439.382 -10.271   2499.093   2415.035 -10.273  -0.9116 -1.0276   2497.953   2503.555   2498.865   2504.583   2499.999   2416.001 N000400
     0.000      0.000   0.000      0.000      0.000   0.000   0.0000  0.0000      0.000      0.000   1999.941   2507.680   1998.585   2458.055 N000401
  2961.077   2447.537 -12.562   2982.722   2386.722 -12.564   0.0772  0.0374   2983.047   2511.704   2982.970   2511.667   2982.645   2386.690 N000402
  3882.598   2453.070  -9.417   3891.870   2326.406  -9.419   0.0975  0.5141   3904.594   2517.224   3904.497   2516.710   3891.770   2325.899 N000403
  2506.418   2455.298 -11.092   2529.510   2428.748 -11.094  -0.0817 -0.1742   2528.375   2519.471   2528.456   2519.645   2529.592   2428.917 N000404
     0.000      0.000   0.000      0.000      0.000   0.000   0.0000  0.0000      0.000      0.000    484.396   2521.701    443.818   2602.044 N000405
  1639.212   2459.252 -12.766   1655.341   2501.405 -12.768   0.2115  0.0933   1661.142   2523.438   1660.931   2523.344   1655.127   2501.328 N000406
     0.000      0.000   0.000      0.000      0.000   0.000   0.0000  0.0000      0.000      0.000   1414.923   2539.188   1404.313   2537.912 N000407
     0.000      0.000   0.000      0.000      0.000   0.000   0.0000  0.0000      0.000      0.000   2298.149   2541.776   2298.688   2469.021 N000408
  1824.581   2490.570  -9.884   1843.170   2518.039  -9.887   0.0810  0.0702   1846.517   2554.753   1846.436   2554.682   1843.088   2517.974 N000409
     0.000      0.000   0.000      0.000      0.000   0.000   0.0000  0.0000      0.000      0.000   2520.255   2554.573   2521.337   2464.758 N000410
     0.000      0.000   0.000      0.000      0.000   0.000   0.0000  0.0000      0.000      0.000   2400.424   2556.175   2401.292   2475.610 N000411
  1743.782   2492.315 -11.115   1761.253   2526.384 -11.117  -0.2185 -0.1853   1765.715   2556.498   1765.933   2556.684   1761.473   2526.554 N000412
     0.000      0.000   0.000      0.000      0.000   0.000   0.0000  0.0000      0.000      0.000    726.903   2560.198    695.621   2619.410 N000413
     0.000      0.000   0.000      0.000      0.000   0.000   0.0000  0.0000      0.000      0.000   2285.948   2561.676   2286.371   2490.075 N000414
     0.000      0.000   0.000      0.000      0.000   0.000   0.0000  0.0000      0.000      0.000   2142.906   2565.140   2142.459   2504.834 N000415
  3015.513   2502.656  -9.979   3036.906   2438.056  -9.982   0.0129  0.1563   3037.483   2566.822   3037.470   2566.666   3036.893   2437.900 N000416
  1317.267   2505.232 -10.510   1326.557   2575.100 -10.512  -0.1737  0.2316   1339.188   2569.421   1339.362   2569.190   1326.737   2574.849 N000417
  4082.426   2514.180  -9.034   4088.074   2373.726  -9.037  -0.0735  0.1796   4104.428   2578.331   4104.502   2578.151   4088.144   2373.541 N000418
  2289.220   2514.232  -9.190   2311.649   2505.008  -9.192   0.1289  0.1408   2311.169   2578.408   2311.040   2578.267   2311.520   2504.876 N000419
     0.000      0.000   0.000      0.000      0.000   0.000   0.0000  0.0000      0.000      0.000   2677.960   2580.671   2678.970   2479.019 N000420
     0.000      0.000   0.000      0.000      0.000   0.000   0.0000  0.0000      0.000      0.000   2020.440   2581.214   2018.884   2530.846 N000421
  2267.675   2527.726  -8.908   2289.963   2520.336  -8.910   0.1749  0.2264   2289.623   2591.903   2289.448   2591.676   2289.788   2520.121 N000422
     0.000      0.000   0.000      0.000      0.000   0.000   0.0000  0.0000      0.000      0.000   2242.447   2592.177   2242.533   2524.322 N000423
     0.000      0.000   0.000      0.000      0.000   0.000   0.0000  0.0000      0.000      0.000   2202.890   2593.122   2202.736   2528.398 N000424
     0.000      0.000   0.000      0.000      0.000   0.000   0.0000  0.0000      0.000      0.000   2595.124   2598.172   2596.182   2502.992 N000425
     0.000      0.000   0.000      0.000      0.000   0.000   0.0000  0.0000      0.000      0.000   2815.464   2598.169   2816.128   2486.211 N000426
     0.000      0.000   0.000      0.000      0.000   0.000   0.0000  0.0000      0.000      0.000   3110.472   2601.665   3109.434   2467.662 N000427
   473.199   2547.879  -9.606    453.434   2693.812  -9.608   0.1610 -0.1210    495.094   2612.080    494.933   2612.201    453.264   2693.951 N000428
     0.000      0.000   0.000      0.000      0.000   0.000   0.0000  0.0000      0.000      0.000    814.404   2632.297    785.283   2685.346 N000429
  1399.564   2568.805 -11.592   1410.056   2632.868 -11.595   0.0640 -0.1946   1421.486   2632.994   1421.422   2633.189   1409.988   2633.072 N000430
   802.169   2569.543  -9.783    795.277   2685.953  -9.786   0.1691  0.0429    824.073   2633.740    823.904   2633.697    795.103   2685.924 N000431
  1486.291   2571.615  -9.763   1498.601   2628.383  -9.766  -0.1593  0.1147   1508.215   2635.802   1508.374   2635.687   1498.765   2628.253 N000432
  2637.188   2573.980 -12.976   2660.141   2538.418 -12.978   0.1877 -0.0205   2659.146   2638.151   2658.958   2638.171   2659.953   2538.453 N000433
  1166.328   2576.555 -10.122   1170.934   2660.844 -10.124  -0.1453  0.0546   1188.243   2640.746   1188.389   2640.692   1171.084   2660.776 N000434
  2097.189   2582.932 -10.559   2118.107   2589.719 -10.561   0.1888 -0.0683   2119.131   2647.111   2118.942   2647.179   2117.916   2589.803 N000435
     0.000      0.000   0.000      0.000      0.000   0.000   0.0000  0.0000      0.000      0.000   2342.949   2647.676   2343.354   2572.561 N000436
   944.271   2589.332 -10.690    941.983   2693.481 -10.693  -0.2290 -0.1680    966.179   2653.527    966.408   2653.695    942.217   2693.633 N000437
  1718.753   2590.845 -11.029   1735.077   2628.522 -11.032   0.1474 -0.1553   1740.684   2655.029   1740.536   2655.184   1734.926   2628.692 N000438
  2504.526   2596.070  -9.385   2527.396   2570.958  -9.387   0.0259  0.0704   2526.480   2660.244   2526.454   2660.173   2527.370   2570.889 N000439
  1262.786   2596.593 -11.447   1269.717   2672.933 -11.450  -1.2142 -1.4065   1284.703   2660.784   1285.918   2662.190   1270.943   2674.264 N000440
     0.000      0.000   0.000      0.000      0.000   0.000   0.0000  0.0000      0.000      0.000   2181.544   2663.578   2180.930   2601.425 N000441
     0.000      0.000   0.000      0.000      0.000   0.000   0.0000  0.0000      0.000      0.000   1723.930   2670.184   1717.928   2645.327 N000442
     0.000      0.000   0.000      0.000      0.000   0.000   0.0000  0.0000      0.000      0.000   1130.413   2672.640   1111.057   2698.498 N000443
  2854.346   2620.011  -8.967   2876.800   2568.265  -8.969  -0.0986  0.0115   2876.310   2684.180   2876.408   2684.168   2876.898   2568.246 N000444
     0.000      0.000   0.000      0.000      0.000   0.000   0.0000  0.0000      0.000      0.000    694.100   2685.699    659.550   2751.057 N000445
     0.000      0.000   0.000      0.000      0.000   0.000   0.0000  0.0000      0.000      0.000   2593.556   2685.572   2594.502   2591.355 N000446
     0.000      0.000   0.000      0.000      0.000   0.000   0.0000  0.0000      0.000      0.000   1441.922   2691.688   1430.328   2690.969 N000447
     0.000      0.000   0.000      0.000      0.000   0.000   0.0000  0.0000      0.000      0.000   2591.456   2692.672   2592.390   2598.693 N000448
   273.852   2638.517 -10.087    243.013   2805.813 -10.090  -0.1477  0.0167    295.740   2702.721    295.888   2702.704    243.168   2805.782 N000449
  1262.791   2645.539 -11.717   1269.141   2722.922 -11.720  -0.2092  0.0387   1284.708   2709.729   1284.917   2709.691   1269.356   2722.864 N000450
     0.000      0.000   0.000      0.000      0.000   0.000   0.0000  0.0000      0.000      0.000    113.882   2713.707     51.364   2834.653 N000451
     0.000      0.000   0.000      0.000      0.000   0.000   0.0000  0.0000      0.000      0.000   3550.483   2722.326   3545.121   2556.719 N000452
     0.000      0.000   0.000      0.000      0.000   0.000   0.0000  0.0000      0.000      0.000   2980.439   2725.139   2980.501   2601.676 N000453
     0.000      0.000   0.000      0.000      0.000   0.000   0.0000  0.0000      0.000      0.000   3771.456   2724.723   3762.751   2543.351 N000454
     0.000      0.000   0.000      0.000      0.000   0.000   0.0000  0.0000      0.000      0.000   2475.930   2727.174   2476.591   2642.593 N000455
     0.000      0.000   0.000      0.000      0.000   0.000   0.0000  0.0000      0.000      0.000   2261.545   2728.177   2261.201   2660.537 N000456
     0.000      0.000   0.000      0.000      0.000   0.000   0.0000  0.0000      0.000      0.000   1381.419   2728.689   1368.031   2733.925 N000457
     0.000      0.000   0.000      0.000      0.000   0.000   0.0000  0.0000      0.000      0.000   2780.961   2734.170   2781.738   2625.991 N000458
  3616.386   2669.787  -9.893   3631.824   2562.076  -9.895  -0.0207  0.1936   3638.371   2733.945   3638.392   2733.752   3631.843   2561.880 N000459
     0.000      0.000   0.000      0.000      0.000   0.000   0.0000  0.0000      0.000      0.000   1440.754   2748.605   1428.519   2749.161 N000460
  2685.560   2684.517 -13.424   2708.383   2646.323 -13.427   0.0601  0.0171   2707.518   2748.688   2707.458   2748.671   2708.323   2646.311 N000461
  3181.684   2686.292  -8.665   3202.257   2610.434  -8.667   0.1837 -0.1084   3203.656   2750.456   3203.473   2750.564   3202.075   2610.557 N000462
     0.000      0.000   0.000      0.000      0.000   0.000   0.0000  0.0000      0.000      0.000   2960.466   2752.067   2960.660   2630.348 N000463
     0.000      0.000   0.000      0.000      0.000   0.000   0.0000  0.0000      0.000      0.000   1602.392   2757.686   1593.445   2744.658 N000464
  1944.856   2699.831 -11.408   1963.507   2720.749 -11.410  -0.1439 -0.1692   1966.792   2764.012   1966.936   2764.181   1963.652   2720.910 N000465
     0.000      0.000   0.000      0.000      0.000   0.000   0.0000  0.0000      0.000      0.000   3030.967   2780.166   3030.840   2653.352 N000466
     0.000      0.000   0.000      0.000      0.000   0.000   0.0000  0.0000      0.000      0.000    324.388   2781.704    271.504   2884.568 N000467
  2035.956   2723.358 -11.560   2055.496   2737.226 -11.562  -0.0442 -0.1416   2057.894   2787.538   2057.939   2787.680   2055.540   2737.366 N000468
  2761.232   2729.968  -8.732   2783.940   2686.415  -8.735   0.0446  0.0303   2783.192   2794.138   2783.147   2794.107   2783.896   2686.388 N000469
     0.000      0.000   0.000      0.000      0.000   0.000   0.0000  0.0000      0.000      0.000    505.547   2794.701    461.049   2880.740 N000470
  1773.037   2734.265  -9.786   1789.023   2770.042  -9.789   0.0374  0.1767   1794.968   2798.448   1794.931   2798.272   1788.986   2769.865 N000471
   938.072   2750.483 -10.297    933.197   2859.255 -10.299  -0.8279 -0.4667    959.978   2814.678    960.806   2815.145    934.046   2859.659 N000472
     0.000      0.000   0.000      0.000      0.000   0.000   0.0000  0.0000      0.000      0.000   1755.429   2815.684   1748.691   2790.925 N000473
     0.000      0.000   0.000      0.000      0.000   0.000   0.0000  0.0000      0.000      0.000   1644.926   2816.186   1636.218   2800.753 N000474
  2483.898   2764.710  -9.397   2506.328   2743.273  -9.399  -0.1020  0.2097   2505.849   2828.884   2505.951   2828.674   2506.431   2743.052 N000475
  2037.787   2771.307  -9.505   2057.042   2785.859  -9.508  -0.7133  2.3065   2059.725   2835.487   2060.438   2833.180   2057.778   2783.453 N000476
     0.000      0.000   0.000      0.000      0.000   0.000   0.0000  0.0000      0.000      0.000    829.402   2833.411    797.646   2890.416 N000477
     0.000      0.000   0.000      0.000      0.000   0.000   0.0000  0.0000      0.000      0.000   1185.269   2840.549   1165.278   2865.582 N000478
  3340.728   2779.759 -11.782   3360.117   2692.786 -11.785  -0.0616  0.1010   3362.704   2843.921   3362.766   2843.820   3360.178   2692.680 N000479
     0.000      0.000   0.000      0.000      0.000   0.000   0.0000  0.0000      0.000      0.000   2487.700   2848.674   2488.068   2764.781 N000480
  2231.682   2792.622  -9.920   2252.633   2791.768  -9.923   0.1822  0.1224   2253.625   2856.800   2253.443   2856.677   2252.450   2791.659 N000481
  1085.710   2793.213  -9.271   1085.038   2889.813  -9.274   0.1332  0.2127   1107.620   2857.406   1107.486   2857.193   1084.904   2889.607 N000482
     0.000      0.000   0.000      0.000      0.000   0.000   0.0000  0.0000      0.000      0.000   2783.459   2857.170   2784.169   2750.159 N000483
     0.000      0.000   0.000      0.000      0.000   0.000   0.0000  0.0000      0.000      0.000   2022.936   2860.181   2019.668   2814.027 N000484
  1779.048   2796.835 -11.889   1794.593   2833.350 -11.891   0.0482 -0.1651   1800.978   2861.019   1800.930   2861.184   1794.542   2833.523 N000485
     0.000      0.000   0.000      0.000      0.000   0.000   0.0000  0.0000      0.000      0.000   1939.434   2865.182   1935.063   2826.033 N000486
  3779.183   2803.235 -12.436   3792.927   2684.566 -12.438   0.1832  0.2349   3801.172   2867.391   3800.989   2867.156   3792.745   2684.343 N000487
     0.000      0.000   0.000      0.000      0.000   0.000   0.0000  0.0000      0.000      0.000   2478.250   2867.674   2478.525   2784.808 N000488
  2687.610   2812.866  -9.874   2710.287   2776.043  -9.877   0.1105 -0.1342   2709.567   2877.037   2709.456   2877.171   2710.177   2776.188 N000489
  2577.315   2817.034  -8.942   2599.865   2788.940  -8.945  -0.2473  0.0342   2599.268   2881.207   2599.516   2881.173   2600.113   2788.886 N000490
     0.000      0.000   0.000      0.000      0.000   0.000   0.0000  0.0000      0.000      0.000   2333.981   2893.248   2333.396   2822.336 N000491
     0.000      0.000   0.000      0.000      0.000   0.000   0.0000  0.0000      0.000      0.000   1971.976   2897.598   1967.791   2856.379 N000492
     0.000      0.000   0.000      0.000      0.000   0.000   0.0000  0.0000      0.000      0.000   2124.106   2905.179   2121.667   2851.543 N000493
  2464.559   2842.712  -9.913   2486.695   2823.954  -9.916   0.0591  0.2118   2486.509   2906.886   2486.449   2906.674   2486.636   2823.744 N000494
     0.000      0.000   0.000      0.000      0.000   0.000   0.0000  0.0000      0.000      0.000   1110.909   2908.602   1087.691   2942.096 N000495
     0.000      0.000   0.000      0.000      0.000   0.000   0.0000  0.0000      0.000      0.000    763.899   2912.912    728.253   2978.347 N000496
  2503.951   2851.239 -13.106   2526.208   2829.468 -13.108  -0.0491  0.1737   2525.901   2915.413   2525.950   2915.239   2526.258   2829.288 N000497
     0.000      0.000   0.000      0.000      0.000   0.000   0.0000  0.0000      0.000      0.000    777.899   2929.198    742.522   2993.833 N000498
     0.000      0.000   0.000      0.000      0.000   0.000   0.0000  0.0000      0.000      0.000   1274.913   2936.191   1256.203   2955.728 N000499
  1217.213   2878.796 -11.292   1219.297   2965.902 -11.294   0.1878 -0.2036   1239.125   2942.988   1238.937   2943.192   1219.101   2966.128 N000500
     0.000      0.000   0.000      0.000      0.000   0.000   0.0000  0.0000      0.000      0.000   1976.434   2948.181   1971.922   2907.613 N000501
  1918.807   2889.749 -11.492   1935.689   2916.468 -11.494  -0.1928  0.2488   1940.740   2953.931   1940.933   2953.682   1935.887   2916.198 N000502
     0.000      0.000   0.000      0.000      0.000   0.000   0.0000  0.0000      0.000      0.000   1787.428   2957.684   1779.940   2933.225 N000503
     0.000      0.000   0.000      0.000      0.000   0.000   0.0000  0.0000      0.000      0.000    541.891   2958.201    495.906   3046.087 N000504
  1543.363   2897.552  -9.137   1553.459   2956.413  -9.139  -0.0912  0.0519   1565.285   2961.739   1565.376   2961.687   1553.553   2956.352 N000505
     0.000      0.000   0.000      0.000      0.000   0.000   0.0000  0.0000      0.000      0.000   2509.394   2971.618   2509.459   2887.889 N000506
  1044.347   2910.873 -10.543   1040.592   3014.502 -10.545  -0.1535 -0.1269   1066.253   2975.067   1066.407   2975.194   1040.749   3014.618 N000507
  1142.298   2912.315 -11.524   1141.662   3007.087 -11.526  -0.2024 -0.1851   1164.207   2976.508   1164.410   2976.693   1141.868   3007.259 N000508
  2042.994   2924.622  -9.243   2061.260   2941.698  -9.245  -0.0064  0.1223   2064.929   2988.802   2064.936   2988.680   2061.267   2941.573 N000509
     0.000      0.000   0.000      0.000      0.000   0.000   0.0000  0.0000      0.000      0.000   2560.604   2991.135   2560.812   2903.620 N000510
     0.000      0.000   0.000      0.000      0.000   0.000   0.0000  0.0000      0.000      0.000   2813.958   2995.380   2814.536   2887.845 N000511
   719.744   2933.904 -10.348    703.565   3068.346 -10.350   0.1687 -0.0956    741.640   2998.103    741.472   2998.199    703.388   3068.461 N000512
  1641.159   2940.494  -8.727   1652.826   2991.950  -8.729   0.1590 -0.0059   1663.083   3004.680   1662.924   3004.686   1652.664   2991.970 N000513
     0.000      0.000   0.000      0.000      0.000   0.000   0.0000  0.0000      0.000      0.000   1429.417   3012.189   1413.826   3020.032 N000514
     0.000      0.000   0.000      0.000      0.000   0.000   0.0000  0.0000      0.000      0.000   1849.262   3012.433   1842.307   2983.970 N000515
     0.000      0.000   0.000      0.000      0.000   0.000   0.0000  0.0000      0.000      0.000   2175.439   3012.679   2172.863   2956.898 N000516
  2315.741   2949.842 -11.184   2336.575   2944.934 -11.187   0.1932 -0.1577   2337.684   3014.019   2337.491   3014.176   2336.379   2945.110 N000517
  1658.327   2954.747  -9.959   1670.185   3005.072  -9.961  -0.1728  0.2194   1680.251   3018.933   1680.424   3018.713   1670.363   3004.832 N000518
  2884.618   2958.025 -10.794   2907.025   2907.794 -10.797   0.1180  0.0250   2906.578   3022.194   2906.460   3022.169   2906.907   2907.778 N000519
     0.000      0.000   0.000      0.000      0.000   0.000   0.0000  0.0000      0.000      0.000   1750.426   3052.685   1741.356   3033.615 N000520
  3795.498   2992.067  -8.698   3810.163   2873.706  -8.700  -0.0019  0.0671   3817.485   3056.223   3817.486   3056.156   3810.164   2873.638 N000521
     0.000      0.000   0.000      0.000      0.000   0.000   0.0000  0.0000      0.000      0.000   2451.446   3093.988   2450.765   3017.128 N000522
  1490.618   3031.063 -10.195   1497.955   3098.000 -10.197   0.1176  0.0351   1512.536   3095.251   1512.418   3095.216   1497.835   3097.974 N000523
   770.986   3032.520 -12.324    755.073   3165.446 -12.326  -0.0138  0.0197    792.883   3096.718    792.897   3096.698    755.088   3165.425 N000524
   607.063   3036.045 -10.454    584.085   3184.755 -10.456   0.0634  0.0448    628.955   3100.245    628.892   3100.200    584.020   3184.715 N000525
  3828.474   3039.877 -11.820   3842.945   2919.610 -11.823  -0.0261 -0.1230   3850.461   3104.033   3850.487   3104.156   3842.971   2919.732 N000526
  2170.593   3050.440 -11.337   2189.492   3059.566 -11.339   0.0932 -0.0600   2192.531   3114.619   2192.438   3114.679   2189.397   3059.636 N000527
  3529.377   3055.765 -10.655   3547.783   2957.643 -10.657  -0.1225  0.1700   3551.355   3119.925   3551.478   3119.755   3547.903   2957.462 N000528
     0.000      0.000   0.000      0.000      0.000   0.000   0.0000  0.0000      0.000      0.000   3461.475   3136.661   3458.877   2981.309 N000529
   248.782   3078.229  -9.335    207.041   3263.833  -9.338   0.0322  0.1218    270.663   3142.434    270.631   3142.313    207.010   3263.710 N000530
  1858.315   3083.846 -11.101   1872.560   3120.210 -11.104  -0.1845 -0.1203   1880.244   3148.029   1880.428   3148.150   1872.746   3120.318 N000531
     0.000      0.000   0.000      0.000      0.000   0.000   0.0000  0.0000      0.000      0.000   3355.272   3156.563   3353.661   3009.494 N000532
  1746.042   3109.837 -10.533   1757.974   3156.573 -10.536   0.0421 -0.1634   1767.967   3174.021   1767.924   3174.185   1757.929   3156.744 N000533
  1922.532   3114.438 -11.270   1937.556   3146.079 -11.272   0.0594 -0.0621   1944.461   3178.620   1944.402   3178.682   1937.495   3146.148 N000534
     0.000      0.000   0.000      0.000      0.000   0.000   0.0000  0.0000      0.000      0.000   1985.931   3179.652   1979.664   3143.591 N000535
  1848.724   3116.368  -9.696   1862.491   3154.399  -9.698   0.1184 -0.1325   1870.651   3180.551   1870.533   3180.683   1862.369   3154.545 N000536
  1543.838   3119.927  -9.324   1551.336   3184.668  -9.327  -0.1618 -0.0727   1565.757   3184.115   1565.918   3184.187   1551.501   3184.729 N000537
     0.000      0.000   0.000      0.000      0.000   0.000   0.0000  0.0000      0.000      0.000   2364.442   3185.222   2362.686   3117.404 N000538
     0.000      0.000   0.000      0.000      0.000   0.000   0.0000  0.0000      0.000      0.000   2482.695   3196.675   2481.774   3119.335 N000539
  1853.955   3143.017 -11.119   1867.553   3181.305 -11.121  -0.0451  0.0170   1875.882   3207.200   1875.927   3207.183   1867.599   3181.284 N000540
     0.000      0.000   0.000      0.000      0.000   0.000   0.0000  0.0000      0.000      0.000   2288.118   3213.178   2285.477   3152.360 N000541
   443.463   3167.973 -11.015    409.874   3337.804 -11.017  -0.0369 -0.0270    465.348   3232.176    465.385   3232.203    409.912   3337.829 N000542
   918.538   3179.064 -10.947    905.765   3303.190 -10.949   0.0378  0.0638    940.437   3243.260    940.399   3243.196    905.727   3303.128 N000543
  2339.150   3206.019 -10.599   2358.820   3204.604 -10.602   0.1502  0.0187   2361.091   3270.195   2360.941   3270.177   2358.668   3204.597 N000544
  2133.631   3213.259  -9.608   2150.922   3229.397  -9.610   0.1308  0.0090   2155.565   3277.438   2155.434   3277.429   2150.790   3229.399 N000545
   538.868   3246.202 -11.183    508.239   3409.795 -11.186  -0.1320  0.1790    560.755   3310.403    560.887   3310.224    508.381   3409.595 N000546
     0.000      0.000   0.000      0.000      0.000   0.000   0.0000  0.0000      0.000      0.000    897.369   3317.197    859.615   3383.998 N000547
     0.000      0.000   0.000      0.000      0.000   0.000   0.0000  0.0000      0.000      0.000   1888.926   3334.183   1879.559   3310.717 N000548
   784.922   3276.197 -10.331    764.858   3416.847 -10.334  -0.0778  0.1967    806.816   3340.395    806.894   3340.198    764.943   3416.635 N000549
     0.000      0.000   0.000      0.000      0.000   0.000   0.0000  0.0000      0.000      0.000   2274.436   3409.678   2270.309   3355.007 N000550
  2507.021   3346.874 -14.276   2527.318   3334.877 -14.278   0.0684  0.0640   2528.964   3411.048   2528.896   3410.984   2527.250   3334.817 N000551
     0.000      0.000   0.000      0.000      0.000   0.000   0.0000  0.0000      0.000      0.000   2441.441   3418.676   2439.024   3350.053 N000552
  1373.479   3356.547 -10.542   1373.158   3444.404 -10.545  -0.0213  0.0471   1395.389   3420.737   1395.410   3420.690   1373.181   3444.353 N000553
  2446.554   3410.151  -9.043   2465.993   3404.919  -9.045  -0.0014  0.1509   2468.495   3474.326   2468.497   3474.175   2465.995   3404.764 N000554
     0.000      0.000   0.000      0.000      0.000   0.000   0.0000  0.0000      0.000      0.000   1489.412   3474.689   1469.056   3491.640 N000555
  2330.140   3426.564 -11.386   2348.277   3431.705 -11.388   0.1405  0.0643   2352.078   3490.741   2351.937   3490.677   2348.135   3431.651 N000556
  2849.826   3439.839  -9.226   2871.454   3401.857  -9.229  -0.1740 -0.1607   2871.778   3504.009   2871.952   3504.170   2871.628   3402.007 N000557
     0.000      0.000   0.000      0.000      0.000   0.000   0.0000  0.0000      0.000      0.000   2355.294   3512.677   2351.374   3454.001 N000558
     0.000      0.000   0.000      0.000      0.000   0.000   0.0000  0.0000      0.000      0.000   3249.463   3535.165   3248.944   3403.376 N000559
  1980.636   3481.491  -9.534   1993.118   3518.772  -9.537   0.1362 -0.0087   2002.562   3545.673   2002.426   3545.682   1992.979   3518.793 N000560
     0.000      0.000   0.000      0.000      0.000   0.000   0.0000  0.0000      0.000      0.000    629.386   3552.201    574.616   3655.465 N000561
     0.000      0.000   0.000      0.000      0.000   0.000   0.0000  0.0000      0.000      0.000   1760.919   3553.185   1746.392   3548.184 N000562
     0.000      0.000   0.000      0.000      0.000   0.000   0.0000  0.0000      0.000      0.000   1866.422   3565.684   1854.073   3551.607 N000563
  1836.841   3514.324  -9.079   1846.099   3565.565  -9.081   0.0908 -0.1448   1858.762   3578.508   1858.671   3578.653   1846.005   3565.723 N000564
  1019.960   3523.302  -9.042   1004.520   3651.377  -9.045  -0.0396 -0.0980   1041.858   3587.497   1041.897   3587.595   1004.559   3651.476 N000565
     0.000      0.000   0.000      0.000      0.000   0.000   0.0000  0.0000      0.000      0.000   3348.465   3610.664   3347.609   3472.838 N000566
     0.000      0.000   0.000      0.000      0.000   0.000   0.0000  0.0000      0.000      0.000   2207.931   3616.117   2201.227   3573.422 N000567
  2140.872   3557.110  -8.369   2155.352   3582.729  -8.372  -0.1285  0.1103   2162.801   3621.290   2162.930   3621.180   2155.484   3582.604 N000568
     0.000      0.000   0.000      0.000      0.000   0.000   0.0000  0.0000      0.000      0.000   1622.013   3657.887   1602.605   3669.511 N000569
   835.885   3644.080  -9.076    810.098   3795.938  -9.078  -0.0524  0.0804    857.775   3708.279    857.828   3708.198    810.155   3795.849 N000570
     0.000      0.000   0.000      0.000      0.000   0.000   0.0000  0.0000      0.000      0.000    866.390   3708.198    819.104   3794.987 N000571
     0.000      0.000   0.000      0.000      0.000   0.000   0.0000  0.0000      0.000      0.000   2603.879   3721.049   2601.096   3647.481 N000572
     0.000      0.000   0.000      0.000      0.000   0.000   0.0000  0.0000      0.000      0.000   4065.929   3730.876   4059.421   3540.585 N000573
     0.000      0.000   0.000      0.000      0.000   0.000   0.0000  0.0000      0.000      0.000   2887.449   3738.170   2886.432   3641.217 N000574
     0.000      0.000   0.000      0.000      0.000   0.000   0.0000  0.0000      0.000      0.000    830.025   3751.335    780.086   3843.922 N000575
     0.000      0.000   0.000      0.000      0.000   0.000   0.0000  0.0000      0.000      0.000   3568.125   3753.161   3566.383   3601.603 N000576
     0.000      0.000   0.000      0.000      0.000   0.000   0.0000  0.0000      0.000      0.000   2002.923   3758.754   1991.155   3739.343 N000577
  1457.629   3695.774 -10.272   1454.414   3789.151 -10.274   0.1292 -0.2258   1479.537   3759.964   1479.408   3760.190   1454.277   3789.398 N000578
     0.000      0.000   0.000      0.000      0.000   0.000   0.0000  0.0000      0.000      0.000   2630.441   3768.174   2627.607   3693.869 N000579
  3489.542   3720.259 -10.634   3510.128   3638.149 -10.636   0.0424  0.0587   3511.510   3784.420   3511.467   3784.362   3510.086   3638.092 N000580
   758.318   3722.087  -9.024    727.077   3885.728  -9.027   0.0405  0.1429    780.205   3786.287    780.164   3786.144    727.038   3885.582 N000581
  3857.804   3732.605 -10.408   3875.737   3622.124 -10.411  -0.1692  0.1045   3879.782   3796.761   3879.951   3796.656   3875.904   3622.004 N000582
  1977.717   3747.472  -9.912   1987.184   3794.580  -9.914   0.2170 -0.0278   1999.639   3811.655   1999.422   3811.683   1986.962   3794.628 N000583
  1945.018   3779.404 -10.084   1953.400   3830.765 -10.086   0.0177 -0.0961   1966.938   3843.587   1966.921   3843.683   1953.381   3830.867 N000584
  1512.881   3798.387  -8.603   1509.657   3890.997  -8.605  -0.1189 -0.1132   1534.789   3862.576   1534.908   3862.689   1509.778   3891.104 N000585
  1629.751   3801.653  -9.418   1629.933   3883.290  -9.421   0.1336  0.1529   1651.662   3865.840   1651.529   3865.687   1629.798   3883.143 N000586
  2627.187   3825.377  -9.213   2645.693   3817.813  -9.216   0.1869 -0.1227   2649.127   3889.551   2648.940   3889.674   2645.503   3817.956 N000587
     0.000      0.000   0.000      0.000      0.000   0.000   0.0000  0.0000      0.000      0.000    939.290   3905.697    890.686   3995.086 N000588
     0.000      0.000   0.000      0.000      0.000   0.000   0.0000  0.0000      0.000      0.000   2056.922   3931.718   2044.201   3914.269 N000589
  3376.382   3871.533 -10.276   3397.445   3802.877 -10.279  -0.1177  0.0334   3398.344   3935.697   3398.462   3935.663   3397.562   3802.833 N000590
     0.000      0.000   0.000      0.000      0.000   0.000   0.0000  0.0000      0.000      0.000   3868.076   3936.457   3864.710   3766.438 N000591
  1310.867   3904.951 -11.535   1298.878   4022.233 -11.538  -0.1328 -0.0490   1332.768   3969.143   1332.900   3969.192   1299.015   4022.271 N000592
     0.000      0.000   0.000      0.000      0.000   0.000   0.0000  0.0000      0.000      0.000    983.362   3972.697    935.133   4061.166 N000593
  1786.528   3908.745 -10.895   1789.342   3980.339 -10.897   0.0561  0.0782   1808.443   3972.930   1808.386   3972.852   1789.286   3980.262 N000594
  1002.748   3915.053  -9.816    978.097   4063.849  -9.819   0.1955  0.0532   1024.639   3979.250   1024.444   3979.196    977.894   4063.813 N000595
     0.000      0.000   0.000      0.000      0.000   0.000   0.0000  0.0000      0.000      0.000   3287.458   3983.665   3286.636   3861.422 N000596
  1338.271   3948.554 -12.535   1326.412   4065.322 -12.537   0.0971  0.0536   1360.172   4012.745   1360.074   4012.692   1326.312   4065.275 N000597
  1290.667   3957.124 -11.267   1276.862   4079.062 -11.269   0.1665  0.1237   1312.566   4021.316   1312.399   4021.192   1276.692   4078.949 N000598
  1938.503   3984.645 -11.564   1944.013   4045.422 -11.566   0.0034  0.1449   1960.421   4048.828   1960.418   4048.684   1944.012   4045.271 N000599
     0.000      0.000   0.000      0.000      0.000   0.000   0.0000  0.0000      0.000      0.000   3664.968   4054.193   3663.271   3903.724 N000600
     0.000      0.000   0.000      0.000      0.000   0.000   0.0000  0.0000      0.000      0.000   1799.912   4089.186     -1.000     -1.000 N000601
  2733.077   4037.086  -9.620   2751.185   4028.354  -9.622   0.0767  0.0862   2755.017   4101.259   2754.940   4101.173   2751.109   4028.271 N000602
     0.000      0.000   0.000      0.000      0.000   0.000   0.0000  0.0000      0.000      0.000   2391.328   4177.178     -1.000     -1.000 N000603
