   269.784   -151.705 -11.660    264.183     46.267 -11.655  -0.2156 -0.0379    288.646    -86.484    288.862    -86.446    264.405     46.290 N000001
   459.898   -127.806 -11.592    459.958     57.048 -11.587  -0.1018  0.1945    478.768    -62.586    478.870    -62.781    460.063     56.849 N000002
     0.000      0.000   0.000      0.000      0.000   0.000   0.0000  0.0000      0.000      0.000    883.887    -59.284    874.348     33.488 N000003
     0.000      0.000   0.000      0.000      0.000   0.000   0.0000  0.0000      0.000      0.000    351.337     16.223    328.535    143.522 N000004
  2316.592    -26.206 -10.332   2331.201     38.703 -10.328   0.0924  0.1442   2335.540     38.999   2335.448     38.855   2331.109     38.568 N000005
   724.955     -9.058  -9.914    731.372    156.405  -9.910  -0.0450 -0.0585    743.836     56.162    743.881     56.220    731.418    156.460 N000006
  1272.437     -5.945 -10.324   1287.448    123.599 -10.319  -0.0628  0.0551   1291.341     59.270   1291.404     59.215   1287.512    123.541 N000007
     0.000      0.000   0.000      0.000      0.000   0.000   0.0000  0.0000      0.000      0.000   2838.469     94.202   2827.651     62.231 N000008
     0.000      0.000   0.000      0.000      0.000   0.000   0.0000  0.0000      0.000      0.000    783.610    136.268    771.864    232.735 N000009
  2273.005     90.708 -11.190   2288.575    155.343 -11.186   0.0054  0.2075   2291.951    155.916   2291.946    155.709   2288.569    155.141 N000010
  3387.673     96.295 -13.502   3384.339     94.044 -13.498   0.1728  0.0032   3406.666    161.494   3406.493    161.490   3384.170     94.051 N000011
   132.914    102.811 -12.944    121.472    307.817 -12.939  -0.0860 -0.1024    151.770    168.040    151.856    168.142    121.561    307.913 N000012
   537.970    110.416  -9.534    539.515    287.061  -9.530  -0.0636 -0.0837    556.843    175.642    556.907    175.725    539.580    287.139 N000013
   441.537    138.860 -10.299    440.243    321.887 -10.295   0.0366 -0.1403    460.406    204.087    460.369    204.227    440.205    322.028 N000014
  2368.327    183.399 -12.035   2383.460    239.940 -12.031  -0.1735 -0.1008   2387.277    248.610   2387.450    248.711   2383.632    240.028 N000015
  1833.944    187.426 -10.764   1851.797    277.338 -10.759  -0.0563 -0.0738   1852.871    252.642   1852.928    252.716   1851.854    277.407 N000016
  1619.924    221.214  -9.678   1637.474    324.187  -9.674  -0.0762  0.1914   1638.843    286.433   1638.919    286.241   1637.550    323.994 N000017
     0.000      0.000   0.000      0.000      0.000   0.000   0.0000  0.0000      0.000      0.000   2900.942    286.707   2890.379    245.703 N000018
     0.000      0.000   0.000      0.000      0.000   0.000   0.0000  0.0000      0.000      0.000   1957.932    356.218   1956.973    372.164 N000019
     0.000      0.000   0.000      0.000      0.000   0.000   0.0000  0.0000      0.000      0.000    706.817    367.605    692.640    466.651 N000020
  1869.850    322.178  -8.746   1887.967    407.180  -8.741  -0.1503  0.1782   1888.779    387.398   1888.929    387.219   1888.117    406.996 N000021
     0.000      0.000   0.000      0.000      0.000   0.000   0.0000  0.0000      0.000      0.000   1485.412    387.723   1483.259    433.764 N000022
  2178.131    350.873 -11.744   2195.382    415.618 -11.740   0.1315 -0.1271   2197.074    416.090   2196.942    416.217   2195.252    415.751 N000023
     0.000      0.000   0.000      0.000      0.000   0.000   0.0000  0.0000      0.000      0.000   1266.403    418.726   1262.148    478.884 N000024
     0.000      0.000   0.000      0.000      0.000   0.000   0.0000  0.0000      0.000      0.000   3719.006    449.419   3691.146    355.017 N000025
     0.000      0.000   0.000      0.000      0.000   0.000   0.0000  0.0000      0.000      0.000   1516.914    456.725   1514.979    499.614 N000026
   997.366    399.003 -10.739   1008.211    540.847 -10.735  -0.1342  0.0030   1016.259    464.233   1016.393    464.230   1008.348    540.835 N000027
     0.000      0.000   0.000      0.000      0.000   0.000   0.0000  0.0000      0.000      0.000   1101.396    473.729   1094.747    544.388 N000028
     0.000      0.000   0.000      0.000      0.000   0.000   0.0000  0.0000      0.000      0.000   1139.398    479.729   1133.322    547.717 N000029
     0.000      0.000   0.000      0.000      0.000   0.000   0.0000  0.0000      0.000      0.000   1113.497    485.729   1107.009    555.419 N000030
  3131.674    421.736 -10.384   3136.836    425.556 -10.379   0.1744  0.2025   3150.657    486.946   3150.482    486.744   3136.663    425.369 N000031
  3177.499    447.751 -13.294   3181.925    448.116 -13.290  -0.0014  0.2052   3196.483    512.962   3196.484    512.756   3181.925    447.916 N000032
     0.000      0.000   0.000      0.000      0.000   0.000   0.0000  0.0000      0.000      0.000   2486.955    524.218   2483.382    503.138 N000033
   195.687    478.465  -8.917    184.147    676.963  -8.913   0.0204  0.0481    214.546    543.704    214.526    543.656    184.126    676.917 N000034
  2063.267    484.554  -9.320   2081.381    554.079  -9.316  -0.2328  0.0539   2082.205    549.776   2082.438    549.722   2081.613    554.011 N000035
   166.814    499.602 -12.817    154.020    700.183 -12.812  -0.1857  0.1022    185.672    564.842    185.858    564.740    154.214    700.067 N000036
  2317.741    522.345  -9.091   2334.646    574.767  -9.086  -0.0589 -0.1548   2336.689    587.566   2336.748    587.721   2334.705    574.915 N000037
  1581.315    530.607  -8.738   1598.785    631.136  -8.734  -0.1850  0.1072   1600.232    595.835   1600.417    595.728   1598.971    631.018 N000038
  1791.313    555.977 -13.038   1809.636    642.130 -13.034  -0.1874 -0.0230   1810.239    621.204   1810.426    621.227   1809.824    642.140 N000039
  1434.774    560.672  -8.590   1451.105    670.693  -8.586  -0.2260  0.1715   1453.685    625.902   1453.911    625.730   1451.333    670.508 N000040
  2792.473    569.174  -8.677   2804.417    590.498  -8.672  -0.0271  0.1738   2811.441    634.392   2811.468    634.218   2804.443    590.326 N000041
     0.000      0.000   0.000      0.000      0.000   0.000   0.0000  0.0000      0.000      0.000   2425.535    635.722   2422.953    616.293 N000042
     0.000      0.000   0.000      0.000      0.000   0.000   0.0000  0.0000      0.000      0.000   3274.321    644.714   3259.120    571.819 N000043
     0.000      0.000   0.000      0.000      0.000   0.000   0.0000  0.0000      0.000      0.000   1833.727    645.227   1833.180    664.230 N000044
  2732.551    599.268 -10.378   2745.481    623.728 -10.373   0.0510 -0.2322   2751.517    664.487   2751.466    664.719   2745.431    623.959 N000045
    69.436    608.703 -10.089     51.794    816.465 -10.085  -0.0643  0.2027     88.290    673.947     88.354    673.744     51.863    816.257 N000046
     0.000      0.000   0.000      0.000      0.000   0.000   0.0000  0.0000      0.000      0.000   2037.936    679.726   2037.441    684.682 N000047
     0.000      0.000   0.000      0.000      0.000   0.000   0.0000  0.0000      0.000      0.000   2919.080    681.218   2910.677    629.543 N000048
  1143.927    616.978  -9.232   1156.542    746.417  -9.227  -0.0725 -0.0215   1162.827    682.213   1162.899    682.235   1156.616    746.433 N000049
  2361.158    627.480 -11.898   2378.070    675.125 -11.894   0.1582 -0.0199   2380.108    692.704   2379.950    692.724   2377.913    675.155 N000050
  2141.828    650.885  -8.707   2160.010    712.397  -8.703  -0.1720 -0.1153   2160.769    716.111   2160.941    716.226   2160.182    712.499 N000051
     0.000      0.000   0.000      0.000      0.000   0.000   0.0000  0.0000      0.000      0.000   1668.920    732.231   1667.779    761.067 N000052
     0.000      0.000   0.000      0.000      0.000   0.000   0.0000  0.0000      0.000      0.000   1477.912    733.433   1475.377    775.290 N000053
   396.801    670.188  -8.820    390.952    853.239  -8.816  -0.2613  0.2507    415.669    735.431    415.930    735.181    391.224    852.969 N000054
  2584.566    677.288 -11.009   2599.626    709.613 -11.005   0.0665 -0.2121   2603.526    742.511   2603.460    742.723   2599.561    709.825 N000055
  3247.584    678.597 -12.380   3252.254    669.049 -12.376   0.0843  0.0970   3266.572    743.814   3266.487    743.717   3252.170    668.959 N000056
  1468.103    695.638 -10.116   1484.507    801.797 -10.111   0.1030  0.1375   1487.016    760.871   1486.913    760.734   1484.403    801.668 N000057
  4070.219    713.587 -11.503   4053.838    653.292 -11.499   0.2192  0.0869   4089.241    778.797   4089.022    778.710   4053.625    653.220 N000058
   585.613    729.191  -9.395    585.242    898.052  -9.391   0.1130  0.1909    604.489    794.434    604.376    794.243    585.127    897.870 N000059
     0.000      0.000   0.000      0.000      0.000   0.000   0.0000  0.0000      0.000      0.000   1791.326    796.132   1790.677    815.866 N000060
  2832.707    735.968 -10.433   2844.926    751.278 -10.429   0.2071 -0.0324   2851.677    801.190   2851.470    801.223   2844.722    751.323 N000061
     0.000      0.000   0.000      0.000      0.000   0.000   0.0000  0.0000      0.000      0.000   1323.506    808.037   1319.097    859.845 N000062
  3791.128    743.668  -9.465   3783.241    699.296  -9.460   0.1276  0.1683   3810.138    808.882   3810.010    808.714   3783.115    699.140 N000063
     0.000      0.000   0.000      0.000      0.000   0.000   0.0000  0.0000      0.000      0.000   2539.270    809.663   2536.267    779.666 N000064
  3816.813    751.935  -9.395   3808.288    705.805  -9.390  -0.1867 -0.0645   3835.825    817.149   3836.011    817.214   3808.470    705.857 N000065
     0.000      0.000   0.000      0.000      0.000   0.000   0.0000  0.0000      0.000      0.000   1747.424    822.733   1746.589    845.113 N000066
  3282.193    779.968  -9.598   3286.868    765.999  -9.593   0.1931 -0.0324   3301.182    845.187   3300.989    845.220   3286.679    766.043 N000067
     0.000      0.000   0.000      0.000      0.000   0.000   0.0000  0.0000      0.000      0.000   1345.907    847.738   1341.650    897.624 N000068
     0.000      0.000   0.000      0.000      0.000   0.000   0.0000  0.0000      0.000      0.000    517.372    849.245    495.075    959.224 N000069
  1513.503    788.607  -9.330   1530.129    890.650  -9.326   0.0031  0.1074   1532.418    853.844   1532.415    853.736   1530.126    890.544 N000070
     0.000      0.000   0.000      0.000      0.000   0.000   0.0000  0.0000      0.000      0.000   1636.419    854.235   1634.928    883.850 N000071
   937.608    793.557 -10.403    945.677    936.371 -10.398   0.1083  0.0569    956.499    858.799    956.391    858.742    945.567    936.322 N000072
     0.000      0.000   0.000      0.000      0.000   0.000   0.0000  0.0000      0.000      0.000   2864.387    865.391   2857.770    813.417 N000073
  1204.569    806.604 -12.030   1217.435    930.182 -12.026   0.0688  0.1045   1223.471    871.844   1223.402    871.740   1217.366    930.083 N000074
     0.000      0.000   0.000      0.000      0.000   0.000   0.0000  0.0000      0.000      0.000   2094.438    878.732   2094.071    876.935 N000075
     0.000      0.000   0.000      0.000      0.000   0.000   0.0000  0.0000      0.000      0.000   2222.944    882.231   2222.232    871.806 N000076
  3008.950    818.788 -10.575   3018.907    821.241 -10.570  -0.0255 -0.1366   3027.927    884.012   3027.953    884.148   3018.933    821.373 N000077
  2107.399    841.051 -10.329   2125.940    901.969 -10.325  -0.1007  0.0509   2126.339    906.283   2126.440    906.232   2126.041    901.912 N000078
   144.204    843.046 -11.824    127.376   1045.365 -11.819   0.2044  0.0460    163.062    908.296    162.857    908.250    127.164   1045.335 N000079
  1604.623    846.817 -10.985   1621.857    941.959 -10.981   0.1228 -0.1832   1623.542    912.054   1623.419    912.237   1621.733    942.149 N000080
  1555.817    847.363 -10.390   1572.672    945.890 -10.385  -0.1583 -0.1373   1574.733    912.600   1574.892    912.738   1572.831    946.015 N000081
  2182.691    867.814 -10.353   2201.064    923.320 -10.348   0.1908 -0.1548   2201.634    933.046   2201.443    933.201   2200.874    923.485 N000082
  2864.666    872.316  -8.705   2877.091    882.988  -8.701   0.1663  0.1734   2883.638    937.542   2883.472    937.369   2876.926    882.828 N000083
  2768.837    873.222 -10.625   2782.535    890.068 -10.620  -0.1634  0.2224   2787.804    938.449   2787.968    938.227   2782.695    889.839 N000084
     0.000      0.000   0.000      0.000      0.000   0.000   0.0000  0.0000      0.000      0.000   2572.209    958.813   2569.366    924.143 N000085
     0.000      0.000   0.000      0.000      0.000   0.000   0.0000  0.0000      0.000      0.000   2350.449    968.232   2349.278    948.077 N000086
     0.000      0.000   0.000      0.000      0.000   0.000   0.0000  0.0000      0.000      0.000    410.368    982.625    383.367   1100.698 N000087
     0.000      0.000   0.000      0.000      0.000   0.000   0.0000  0.0000      0.000      0.000   1309.839    984.742   1304.624   1036.137 N000088
  2812.112    934.370 -10.119   2825.519    947.349 -10.115   0.1116 -0.1300   2831.081    999.598   2830.969    999.728   2825.410    947.484 N000089
  2391.541    936.941 -13.223   2409.033    977.535 -13.219   0.0411 -0.0594   2410.493   1002.173   2410.452   1002.232   2408.992    977.596 N000090
     0.000      0.000   0.000      0.000      0.000   0.000   0.0000  0.0000      0.000      0.000    557.374   1002.750    535.070   1109.589 N000091
     0.000      0.000   0.000      0.000      0.000   0.000   0.0000  0.0000      0.000      0.000   2168.567   1009.235   2168.151   1000.730 N000092
     0.000      0.000   0.000      0.000      0.000   0.000   0.0000  0.0000      0.000      0.000   2899.472   1012.728   2893.046    955.817 N000093
  1552.123    950.388  -8.730   1568.697   1048.267  -8.726   0.1225 -0.1124   1571.039   1015.628   1570.917   1015.741   1568.573   1048.387 N000094
  1807.755    952.826  -9.354   1825.976   1032.832  -9.349   0.2189 -0.1739   1826.682   1018.064   1826.463   1018.238   1825.756   1033.019 N000095
     0.000      0.000   0.000      0.000      0.000   0.000   0.0000  0.0000      0.000      0.000   2343.949   1021.734   2342.904   1001.265 N000096
     0.000      0.000   0.000      0.000      0.000   0.000   0.0000  0.0000      0.000      0.000   2188.443   1023.735   2187.993   1013.704 N000097
  1059.262    965.066 -10.720   1068.858   1098.229 -10.716  -0.2086  0.0662   1078.158   1030.312   1078.367   1030.246   1069.071   1098.148 N000098
     0.000      0.000   0.000      0.000      0.000   0.000   0.0000  0.0000      0.000      0.000   2419.952   1034.358   2418.498   1008.635 N000099
  1086.840    974.199  -9.799   1096.916   1105.307  -9.795  -0.1602  0.1986   1105.737   1039.444   1105.897   1039.246   1097.080   1105.097 N000100
     0.000      0.000   0.000      0.000      0.000   0.000   0.0000  0.0000      0.000      0.000   2059.937   1039.037   2059.665   1037.556 N000101
  1954.302    989.557  -8.805   1972.897   1059.077  -8.800  -0.1982  0.0074   1973.235   1054.795   1973.434   1054.788   1973.095   1059.056 N000102
     0.000      0.000   0.000      0.000      0.000   0.000   0.0000  0.0000      0.000      0.000   1428.911   1073.217   1424.897   1115.530 N000103
  2129.929   1017.208 -10.626   2148.530   1074.400 -10.622  -0.0713  0.2084   2148.870   1082.446   2148.941   1082.237   2148.601   1074.189 N000104
  1972.590   1023.115 -10.487   1991.196   1091.027 -10.482   0.0902  0.1152   1991.525   1088.354   1991.434   1088.239   1991.106   1090.919 N000105
   533.160   1023.599 -10.640    528.795   1196.176 -10.636   0.1596  0.0988    552.034   1088.851    551.874   1088.752    528.631   1196.089 N000106
     0.000      0.000   0.000      0.000      0.000   0.000   0.0000  0.0000      0.000      0.000   1818.427   1093.685   1817.580   1108.311 N000107
     0.000      0.000   0.000      0.000      0.000   0.000   0.0000  0.0000      0.000      0.000   3770.009   1094.770   3746.752    981.059 N000108
  2360.182   1044.845 -10.960   2378.034   1086.091 -10.955   0.1824 -0.1551   2379.133   1110.081   2378.951   1110.236   2377.853   1086.256 N000109
  1734.421   1052.033  -9.224   1752.107   1136.265  -9.220  -0.0793  0.0329   1753.345   1117.275   1753.424   1117.242   1752.187   1136.227 N000110
     0.000      0.000   0.000      0.000      0.000   0.000   0.0000  0.0000      0.000      0.000   1844.928   1122.241   1844.153   1134.764 N000111
  3739.641   1057.416 -10.616   3735.920   1009.055 -10.612   0.1160 -0.0844   3758.649   1122.639   3758.533   1122.724   3735.808   1009.145 N000112
  3082.907   1059.435 -10.177   3092.941   1052.725 -10.173  -0.0931 -0.0648   3101.888   1124.665   3101.981   1124.730   3093.033   1052.783 N000113
  1396.385   1068.076 -11.364   1410.874   1176.270 -11.359  -0.1154  0.0764   1415.295   1133.322   1415.410   1133.245   1410.991   1176.186 N000114
  2833.809   1072.094 -10.331   2847.489   1081.430 -10.326  -0.1908  0.0935   2852.780   1137.326   2852.971   1137.232   2847.677   1081.325 N000115
     0.000      0.000   0.000      0.000      0.000   0.000   0.0000  0.0000      0.000      0.000   1859.429   1142.242   1858.684   1153.579 N000116
   950.165   1091.285 -11.879    956.667   1232.216 -11.875   0.1645 -0.2150    969.056   1156.535    968.892   1156.750    956.497   1232.443 N000117
     0.000      0.000   0.000      0.000      0.000   0.000   0.0000  0.0000      0.000      0.000   2754.466   1156.734   2750.408   1107.037 N000118
  1511.465   1095.109 -10.554   1527.199   1194.878 -10.549  -0.0352  0.1086   1530.380   1160.354   1530.415   1160.245   1527.235   1194.768 N000119
  1721.831   1099.450 -10.686   1739.336   1184.208 -10.682  -0.1687 -0.0498   1740.755   1164.693   1740.924   1164.743   1739.506   1184.246 N000120
  1213.706   1112.830  -8.848   1225.280   1234.145  -8.843   0.2058 -0.1075   1232.608   1178.078   1232.403   1178.186   1225.070   1234.267 N000121
  2263.826   1113.194 -12.390   2282.157   1160.170 -12.386  -0.1737  0.1935   2282.773   1178.432   2282.947   1178.239   2282.330   1159.967 N000122
  1165.663   1119.722 -10.387   1176.361   1244.561 -10.382   0.1627  0.1470   1184.563   1184.971   1184.401   1184.824   1176.196   1244.427 N000123
     0.000      0.000   0.000      0.000      0.000   0.000   0.0000  0.0000      0.000      0.000   2233.045   1187.639   2232.568   1172.677 N000124
   455.393   1130.201 -10.920    447.386   1309.114 -10.915  -0.1068  0.2011    474.264   1195.457    474.371   1195.256    447.499   1308.904 N000125
  1378.401   1148.734  -9.789   1392.307   1257.870  -9.784  -0.0990  0.2343   1397.311   1213.982   1397.410   1213.748   1392.408   1257.629 N000126
  2630.435   1168.149 -12.876   2646.598   1189.662 -12.872  -0.0649  0.1492   2649.397   1233.386   2649.462   1233.237   2646.662   1189.511 N000127
     0.000      0.000   0.000      0.000      0.000   0.000   0.0000  0.0000      0.000      0.000    208.360   1247.260    170.692   1382.407 N000128
     0.000      0.000   0.000      0.000      0.000   0.000   0.0000  0.0000      0.000      0.000   1504.414   1262.775   1500.543   1298.678 N000129
  1014.403   1211.768 -10.866   1021.468   1347.815 -10.861  -0.0748 -0.2092   1033.297   1277.021   1033.372   1277.230   1021.543   1348.018 N000130
     0.000      0.000   0.000      0.000      0.000   0.000   0.0000  0.0000      0.000      0.000    791.313   1277.327    773.512   1366.602 N000131
  2029.214   1212.454  -9.853   2047.727   1274.714  -9.849   0.2142 -0.0461   2048.151   1277.698   2047.937   1277.744   2047.512   1274.775 N000132
  3113.068   1219.745 -14.140   3123.415   1208.525 -14.136   0.0679 -0.0679   3132.050   1284.979   3131.982   1285.047   3123.348   1208.596 N000133
  1083.727   1226.647 -11.203   1092.161   1357.462 -11.199   0.2045  0.1474   1102.625   1291.900   1102.420   1291.753   1091.953   1357.330 N000134
     0.000      0.000   0.000      0.000      0.000   0.000   0.0000  0.0000      0.000      0.000   1380.242   1293.750   1374.609   1338.635 N000135
  1437.002   1229.163  -8.980   1451.310   1333.740  -8.976   0.0022  0.1626   1455.914   1294.412   1455.912   1294.250   1451.309   1333.578 N000136
     0.000      0.000   0.000      0.000      0.000   0.000   0.0000  0.0000      0.000      0.000   2273.018   1299.171   2272.468   1280.359 N000137
  2133.135   1238.159 -12.760   2151.688   1292.948 -12.756   0.1353  0.1585   2152.077   1303.402   2151.941   1303.244   2151.553   1292.800 N000138
     0.000      0.000   0.000      0.000      0.000   0.000   0.0000  0.0000      0.000      0.000   1491.414   1309.750   1487.177   1346.432 N000139
     0.000      0.000   0.000      0.000      0.000   0.000   0.0000  0.0000      0.000      0.000   1582.417   1318.249   1579.176   1348.262 N000140
     0.000      0.000   0.000      0.000      0.000   0.000   0.0000  0.0000      0.000      0.000   1900.031   1318.746   1899.113   1325.925 N000141
     0.000      0.000   0.000      0.000      0.000   0.000   0.0000  0.0000      0.000      0.000   1802.127   1319.747   1800.700   1333.903 N000142
     0.000      0.000   0.000      0.000      0.000   0.000   0.0000  0.0000      0.000      0.000   2136.441   1325.711   2136.038   1316.174 N000143
  1504.027   1268.141  -8.952   1518.980   1367.692  -8.947  -0.1097  0.2316   1522.942   1333.391   1523.051   1333.159   1519.092   1367.453 N000144
  2436.566   1269.982 -10.397   2454.275   1303.511 -10.393   0.0664 -0.0183   2455.521   1335.223   2455.454   1335.242   2454.209   1303.534 N000145
     0.000      0.000   0.000      0.000      0.000   0.000   0.0000  0.0000      0.000      0.000   1950.933   1336.746   1950.179   1340.201 N000146
     0.000      0.000   0.000      0.000      0.000   0.000   0.0000  0.0000      0.000      0.000   1301.961   1341.753   1294.856   1392.351 N000147
  3627.306   1281.749 -10.975   3628.061   1236.295 -10.970  -0.1940  0.0909   3646.310   1346.980   3646.504   1346.889   3628.250   1236.193 N000148
  1348.560   1288.349  -8.934   1361.327   1399.311  -8.930   0.0604 -0.1511   1367.469   1353.601   1367.408   1353.752   1361.265   1399.466 N000149
     0.000      0.000   0.000      0.000      0.000   0.000   0.0000  0.0000      0.000      0.000   2013.864   1360.675   2013.253   1359.523 N000150
     0.000      0.000   0.000      0.000      0.000   0.000   0.0000  0.0000      0.000      0.000   2808.574   1372.740   2804.570   1316.634 N000151
  1347.540   1308.893  -9.739   1360.176   1419.905  -9.735   0.0403 -0.1065   1366.449   1374.146   1366.408   1374.253   1360.134   1420.014 N000152
  1259.067   1313.824 -11.169   1270.240   1431.443 -11.164   0.0669 -0.1757   1277.972   1379.078   1277.905   1379.254   1270.171   1431.624 N000153
  1455.869   1344.614 -12.725   1469.852   1447.537 -12.721  -0.1306  0.1140   1474.782   1409.867   1474.913   1409.753   1469.985   1447.413 N000154
  3638.660   1344.539 -14.342   3639.609   1297.344 -14.338  -0.0576  0.0174   3657.664   1409.772   3657.722   1409.755   3639.665   1297.323 N000155
  1954.412   1350.023 -10.963   1972.505   1416.692 -10.959  -0.0875  0.0233   1973.346   1415.272   1973.434   1415.248   1972.593   1416.663 N000156
  2588.558   1351.786  -8.559   2605.424   1374.106  -8.555   0.0582  0.0365   2607.519   1417.029   2607.461   1416.993   2605.366   1374.074 N000157
     0.000      0.000   0.000      0.000      0.000   0.000   0.0000  0.0000      0.000      0.000   1481.513   1420.553   1476.613   1457.710 N000158
  1728.967   1356.903  -9.345   1745.762   1439.771  -9.340  -0.0334 -0.0966   1747.891   1422.154   1747.925   1422.251   1745.795   1439.865 N000159
  1370.751   1357.855 -11.865   1383.462   1467.094 -11.860   0.1256 -0.1448   1389.660   1423.109   1389.534   1423.254   1383.334   1467.248 N000160
     0.000      0.000   0.000      0.000      0.000   0.000   0.0000  0.0000      0.000      0.000   3991.519   1426.230   3965.340   1292.375 N000161
  1747.048   1367.974 -11.117   1763.940   1449.493 -11.112   0.0476 -0.0263   1765.973   1433.225   1765.925   1433.251   1763.892   1449.523 N000162
     0.000      0.000   0.000      0.000      0.000   0.000   0.0000  0.0000      0.000      0.000   2219.444   1433.247   2218.923   1417.125 N000163
     0.000      0.000   0.000      0.000      0.000   0.000   0.0000  0.0000      0.000      0.000   2527.957   1434.619   2526.404   1397.000 N000164
     0.000      0.000   0.000      0.000      0.000   0.000   0.0000  0.0000      0.000      0.000   2211.444   1439.747   2210.925   1424.146 N000165
  2942.832   1378.749  -9.249   2956.249   1376.752  -9.244  -0.1683 -0.1401   2961.807   1443.989   2961.975   1444.129   2956.416   1376.879 N000166
     0.000      0.000   0.000      0.000      0.000   0.000   0.0000  0.0000      0.000      0.000   1422.911   1452.755   1417.026   1494.242 N000167
  1002.089   1388.061 -10.441   1007.488   1525.344 -10.437   0.1198  0.0615   1020.983   1453.320   1020.863   1453.258   1007.366   1525.292 N000168
     0.000      0.000   0.000      0.000      0.000   0.000   0.0000  0.0000      0.000      0.000   3386.922   1456.737   3374.771   1361.146 N000169
  2178.467   1402.111  -9.111   2196.870   1452.579  -9.106  -0.0328 -0.2888   2197.411   1467.359   2197.443   1467.648   2196.902   1452.864 N000170
  1666.427   1403.172 -11.215   1682.501   1490.475 -11.211  -0.0726  0.1716   1685.349   1468.424   1685.422   1468.253   1682.575   1490.298 N000171
  3366.420   1403.424  -8.923   3373.358   1373.008  -8.919  -0.0802 -0.0758   3385.413   1468.661   3385.493   1468.737   3373.437   1373.077 N000172
     0.000      0.000   0.000      0.000      0.000   0.000   0.0000  0.0000      0.000      0.000   1652.837   1477.753   1649.639   1502.173 N000173
  1150.441   1422.011 -10.017   1158.824   1547.971 -10.012  -0.0587  0.0108   1169.342   1487.269   1169.400   1487.258   1158.884   1547.956 N000174
  2172.577   1425.243 -10.986   2190.953   1475.997 -10.981   0.0768  0.1176   2191.520   1490.491   2191.443   1490.374   2190.876   1475.885 N000175
  3240.943   1428.372  -9.319   3250.223   1405.897  -9.315  -0.0566 -0.1277   3259.931   1493.611   3259.988   1493.739   3250.279   1406.019 N000176
     0.000      0.000   0.000      0.000      0.000   0.000   0.0000  0.0000      0.000      0.000   1921.958   1494.225   1920.712   1498.998 N000177
  1398.004   1432.406  -9.354   1410.675   1539.598  -9.350   0.0041 -0.0651   1416.915   1497.661   1416.911   1497.727   1410.670   1539.663 N000178
     0.000      0.000   0.000      0.000      0.000   0.000   0.0000  0.0000      0.000      0.000    628.878   1500.763    603.884   1603.918 N000179
  2587.924   1456.112  -9.817   2604.926   1477.563  -9.812  -0.0759  0.1119   2606.885   1521.358   2606.961   1521.246   2605.002   1477.447 N000180
  2418.062   1459.594  -8.728   2435.946   1492.846  -8.724   0.0619  0.0937   2437.015   1524.841   2436.954   1524.747   2435.884   1492.757 N000181
  2121.077   1466.544  -9.203   2139.362   1520.756  -9.198   0.0775  0.0437   2140.019   1531.794   2139.941   1531.750   2139.285   1520.718 N000182
     0.000      0.000   0.000      0.000      0.000   0.000   0.0000  0.0000      0.000      0.000    939.169   1534.873    922.935   1613.605 N000183
  2899.831   1480.359 -10.293   2914.070   1480.207 -10.288   0.3050 -0.1410   2918.805   1545.603   2918.500   1545.744   2913.769   1480.367 N000184
     0.000      0.000   0.000      0.000      0.000   0.000   0.0000  0.0000      0.000      0.000   1229.103   1549.959   1219.292   1606.242 N000185
     0.000      0.000   0.000      0.000      0.000   0.000   0.0000  0.0000      0.000      0.000   1855.429   1552.754   1853.624   1562.193 N000186
  1463.604   1490.387  -9.934   1476.880   1592.690  -9.930   0.0705 -0.1125   1482.517   1555.645   1482.447   1555.757   1476.808   1592.808 N000187
  1754.194   1492.451 -10.153   1770.686   1573.165 -10.149   0.1938 -0.0490   1773.120   1557.705   1772.926   1557.754   1770.490   1573.228 N000188
     0.000      0.000   0.000      0.000      0.000   0.000   0.0000  0.0000      0.000      0.000   1549.416   1561.757   1544.633   1593.793 N000189
  1563.980   1501.986  -9.259   1578.501   1596.780  -9.254  -0.0200 -0.0143   1582.898   1567.242   1582.918   1567.256   1578.521   1596.793 N000190
  2124.787   1503.693 -10.585   2143.014   1557.481 -10.581  -0.1849  0.1926   2143.729   1568.944   2143.913   1568.751   2143.199   1557.276 N000191
  1161.221   1507.503  -9.063   1169.158   1632.893  -9.058   0.0846  0.0028   1180.122   1572.763   1180.037   1572.760   1169.072   1632.897 N000192
     0.000      0.000   0.000      0.000      0.000   0.000   0.0000  0.0000      0.000      0.000   2282.030   1577.334   2281.324   1555.969 N000193
  1399.505   1535.299 -11.693   1411.552   1642.505 -11.689   0.0045 -0.2009   1418.415   1600.558   1418.411   1600.759   1411.546   1642.707 N000194
  2175.756   1535.566 -10.330   2193.978   1585.577 -10.325   0.1728  0.0658   2194.699   1600.818   2194.527   1600.752   2193.805   1585.524 N000195
  2231.944   1536.782 -10.469   2250.172   1582.772 -10.464  -0.0298 -0.1389   2250.890   1602.033   2250.919   1602.172   2250.202   1582.908 N000196
  4004.618   1538.886 -12.293   3998.204   1465.385 -12.288   0.1185 -0.1144   4023.639   1604.121   4023.520   1604.235   3998.090   1465.505 N000197
     0.000      0.000   0.000      0.000      0.000   0.000   0.0000  0.0000      0.000      0.000    940.224   1605.680    923.327   1684.741 N000198
  2332.756   1544.867 -10.958   2350.864   1583.648 -10.953  -0.0973 -0.1332   2351.706   1610.117   2351.803   1610.251   2350.961   1583.774 N000199
     0.000      0.000   0.000      0.000      0.000   0.000   0.0000  0.0000      0.000      0.000    505.373   1612.268    474.675   1726.481 N000200
     0.000      0.000   0.000      0.000      0.000   0.000   0.0000  0.0000      0.000      0.000   1867.430   1626.327   1865.443   1634.764 N000201
  1673.890   1563.600 -10.400   1689.329   1650.217 -10.395  -0.1102  0.0998   1692.812   1628.857   1692.922   1628.757   1689.441   1650.109 N000202
     0.000      0.000   0.000      0.000      0.000   0.000   0.0000  0.0000      0.000      0.000   1904.431   1629.755   1902.663   1635.471 N000203
  3054.178   1577.831  -9.605   3066.840   1566.287  -9.601   0.1776 -0.1694   3073.158   1643.076   3072.980   1643.245   3066.665   1566.467 N000204
  1830.486   1585.663 -10.438   1847.207   1660.661 -10.434  -0.0137  0.1627   1849.415   1650.919   1849.429   1650.756   1847.221   1660.497 N000205
  2022.163   1585.872 -11.550   2039.935   1646.819 -11.545   0.1630 -0.1285   2041.100   1651.126   2040.937   1651.255   2039.771   1646.959 N000206
   595.703   1597.765  -9.607    587.133   1768.820  -9.603   0.2033 -0.1199    614.581   1663.033    614.377   1663.153    586.921   1768.958 N000207
     0.000      0.000   0.000      0.000      0.000   0.000   0.0000  0.0000      0.000      0.000   1270.405   1663.762   1260.508   1717.269 N000208
     0.000      0.000   0.000      0.000      0.000   0.000   0.0000  0.0000      0.000      0.000   1864.430   1671.757   1862.249   1680.376 N000209
  1677.123   1606.872 -10.597   1692.387   1693.274 -10.592   0.1226 -0.1278   1696.045   1672.131   1695.923   1672.258   1692.262   1693.411 N000210
     0.000      0.000   0.000      0.000      0.000   0.000   0.0000  0.0000      0.000      0.000   1413.911   1673.728   1406.487   1716.212 N000211
  1714.148   1611.826 -11.193   1729.767   1695.465 -11.189   0.1215 -0.1738   1733.072   1677.084   1732.951   1677.258   1729.644   1695.648 N000212
     0.000      0.000   0.000      0.000      0.000   0.000   0.0000  0.0000      0.000      0.000   2051.938   1692.756   2050.699   1687.575 N000213
  2210.614   1639.043  -9.615   2228.684   1686.200  -9.611   0.1143  0.0435   2229.559   1704.298   2229.445   1704.255   2228.570   1686.165 N000214
  2771.187   1651.487 -10.860   2787.062   1658.851 -10.856   0.1518 -0.0129   2790.156   1716.737   2790.004   1716.750   2786.912   1658.874 N000215
     0.000      0.000   0.000      0.000      0.000   0.000   0.0000  0.0000      0.000      0.000   1079.397   1718.266   1064.903   1787.052 N000216
  1932.732   1653.054 -11.525   1949.867   1720.463 -11.521   0.2319  0.0543   1951.665   1718.312   1951.433   1718.257   1949.634   1720.426 N000217
  2410.294   1653.363 -10.253   2428.145   1686.168 -10.248  -0.1778 -0.1090   2429.248   1718.616   2429.426   1718.725   2428.322   1686.264 N000218
     0.000      0.000   0.000      0.000      0.000   0.000   0.0000  0.0000      0.000      0.000   1217.403   1733.765   1205.852   1791.768 N000219
  1273.866   1668.520  -9.363   1282.734   1785.890  -9.358  -0.1340  0.0197   1292.772   1733.784   1292.906   1733.764   1282.871   1785.860 N000220
  1215.637   1672.508 -12.476   1223.312   1794.455 -12.471   0.1372  0.0078   1234.541   1737.772   1234.403   1737.765   1223.172   1794.458 N000221
     0.000      0.000   0.000      0.000      0.000   0.000   0.0000  0.0000      0.000      0.000   2408.890   1738.973   2407.824   1707.904 N000222
     0.000      0.000   0.000      0.000      0.000   0.000   0.0000  0.0000      0.000      0.000   2129.741   1758.557   2128.585   1747.590 N000223
     0.000      0.000   0.000      0.000      0.000   0.000   0.0000  0.0000      0.000      0.000   2527.458   1760.295   2526.003   1720.695 N000224
     0.000      0.000   0.000      0.000      0.000   0.000   0.0000  0.0000      0.000      0.000    184.359   1760.808    138.043   1904.127 N000225
  3356.263   1697.698 -10.606   3364.904   1664.668 -10.601  -0.2605  0.1744   3375.257   1762.944   3375.517   1762.769   3365.160   1664.478 N000226
  1263.687   1704.952  -9.082   1272.050   1823.328  -9.078   0.1036 -0.0484   1282.592   1770.217   1282.489   1770.265   1271.944   1823.385 N000227
  2072.722   1707.155 -10.064   2090.343   1764.219 -10.059  -0.0528  0.1547   2091.661   1772.412   2091.714   1772.258   2090.396   1764.061 N000228
     0.000      0.000   0.000      0.000      0.000   0.000   0.0000  0.0000      0.000      0.000   1697.423   1781.162   1693.209   1802.392 N000229
  1516.196   1728.443  -9.173   1528.744   1827.359  -9.169   0.1963 -0.0568   1535.112   1793.707   1534.916   1793.764   1528.544   1827.431 N000230
     0.000      0.000   0.000      0.000      0.000   0.000   0.0000  0.0000      0.000      0.000   2981.977   1794.250   2977.184   1722.570 N000231
     0.000      0.000   0.000      0.000      0.000   0.000   0.0000  0.0000      0.000      0.000   2339.450   1795.756   2338.430   1769.516 N000232
     0.000      0.000   0.000      0.000      0.000   0.000   0.0000  0.0000      0.000      0.000   3722.508   1810.344   3705.792   1688.532 N000233
  2118.881   1765.202  -9.293   2136.501   1818.851  -9.289  -0.1188  0.0024   2137.823   1830.461   2137.941   1830.459   2136.620   1818.840 N000234
  1931.141   1767.371 -10.578   1947.820   1834.940 -10.573   0.1408 -0.1286   1950.074   1832.632   1949.933   1832.761   1947.678   1835.079 N000235
     0.000      0.000   0.000      0.000      0.000   0.000   0.0000  0.0000      0.000      0.000   2267.447   1836.258   2266.363   1815.170 N000236
  1415.730   1773.236 -10.301   1426.351   1880.153 -10.297  -0.0350  0.0597   1434.641   1838.502   1434.676   1838.442   1426.387   1880.090 N000237
     0.000      0.000   0.000      0.000      0.000   0.000   0.0000  0.0000      0.000      0.000   2014.961   1839.260   2013.073   1836.737 N000238
     0.000      0.000   0.000      0.000      0.000   0.000   0.0000  0.0000      0.000      0.000   1563.826   1843.310   1557.539   1874.981 N000239
  1533.043   1785.234 -10.491   1545.451   1883.120 -10.486   0.0430  0.2337   1551.960   1850.499   1551.917   1850.265   1545.409   1882.888 N000240
     0.000      0.000   0.000      0.000      0.000   0.000   0.0000  0.0000      0.000      0.000   1663.421   1851.531   1658.410   1875.587 N000241
     0.000      0.000   0.000      0.000      0.000   0.000   0.0000  0.0000      0.000      0.000   1976.935   1857.261   1974.750   1857.595 N000242
  1453.239   1795.015  -9.677   1464.332   1899.143  -9.673  -0.1536  0.0147   1472.153   1860.281   1472.306   1860.266   1464.488   1899.116 N000243
  1405.653   1799.450  -9.227   1415.895   1907.318  -9.223   0.1533 -0.0495   1424.565   1864.717   1424.411   1864.767   1415.739   1907.380 N000244
  1178.305   1805.354  -9.552   1183.957   1931.231  -9.548  -0.1955 -0.1070   1197.206   1870.623   1197.402   1870.730   1184.156   1931.323 N000245
  2945.014   1806.716 -10.434   2959.552   1801.126 -10.430   0.0145  0.2162   2963.990   1871.969   2963.976   1871.753   2959.537   1800.912 N000246
     0.000      0.000   0.000      0.000      0.000   0.000   0.0000  0.0000      0.000      0.000   2058.438   1873.761   2056.653   1868.044 N000247
  1264.236   1808.833  -9.895   1271.699   1927.899  -9.891  -0.0970 -0.1668   1283.142   1874.101   1283.239   1874.268   1271.796   1928.060 N000248
   762.192   1811.691 -10.381    756.430   1971.502 -10.377   0.1920  0.1378    781.076   1876.963    780.884   1876.826    756.234   1971.379 N000249
  2449.645   1813.021  -9.885   2467.263   1842.589  -9.881   0.1451  0.0213   2468.600   1878.279   2468.455   1878.257   2467.118   1842.578 N000250
     0.000      0.000   0.000      0.000      0.000   0.000   0.0000  0.0000      0.000      0.000   2107.940   1881.618   2106.349   1872.238 N000251
     0.000      0.000   0.000      0.000      0.000   0.000   0.0000  0.0000      0.000      0.000   1878.430   1882.263   1875.420   1890.064 N000252
     0.000      0.000   0.000      0.000      0.000   0.000   0.0000  0.0000      0.000      0.000   1293.906   1887.768   1282.559   1940.822 N000253
     0.000      0.000   0.000      0.000      0.000   0.000   0.0000  0.0000      0.000      0.000   1997.019   1887.429   1994.838   1886.316 N000254
  1193.026   1823.636 -11.802   1198.829   1948.497 -11.798   0.0257  0.1363   1211.928   1888.906   1211.903   1888.769   1198.804   1948.361 N000255
     0.000      0.000   0.000      0.000      0.000   0.000   0.0000  0.0000      0.000      0.000   2372.451   1888.668   2371.262   1859.915 N000256
     0.000      0.000   0.000      0.000      0.000   0.000   0.0000  0.0000      0.000      0.000   2787.469   1888.755   2784.589   1830.252 N000257
     0.000      0.000   0.000      0.000      0.000   0.000   0.0000  0.0000      0.000      0.000   2291.948   1890.759   2290.774   1867.860 N000258
     0.000      0.000   0.000      0.000      0.000   0.000   0.0000  0.0000      0.000      0.000   1889.859   1891.263   1886.893   1898.225 N000259
  2808.413   1832.601 -10.525   2824.214   1836.503 -10.520  -0.0875  0.1010   2827.383   1897.856   2827.470   1897.755   2824.301   1836.396 N000260
  2151.694   1833.821 -11.401   2169.217   1885.085 -11.397   0.1937 -0.1792   2170.636   1899.082   2170.443   1899.261   2169.022   1885.279 N000261
     0.000      0.000   0.000      0.000      0.000   0.000   0.0000  0.0000      0.000      0.000   1170.984   1902.353   1156.820   1965.350 N000262
     0.000      0.000   0.000      0.000      0.000   0.000   0.0000  0.0000      0.000      0.000   1484.914   1903.330   1476.971   1941.468 N000263
  3810.237   1846.912 -11.075   3810.924   1782.355 -11.071   0.0467 -0.0876   3829.250   1912.158   3829.203   1912.246   3810.879   1782.445 N000264
     0.000      0.000   0.000      0.000      0.000   0.000   0.0000  0.0000      0.000      0.000   1513.415   1913.267   1505.866   1949.244 N000265
  2993.114   1848.732 -11.069   3007.240   1839.600 -11.064   0.1140  0.1132   3012.092   1913.986   3011.978   1913.873   3007.127   1839.495 N000266
     0.000      0.000   0.000      0.000      0.000   0.000   0.0000  0.0000      0.000      0.000   1059.896   1917.771   1042.851   1989.900 N000267
  1016.388   1855.442 -10.960   1017.555   1994.877 -10.955  -0.1123 -0.0579   1035.283   1920.714   1035.395   1920.772   1017.670   1994.926 N000268
  2242.433   1862.657 -11.508   2260.090   1907.268 -11.504  -0.0672  0.1566   2261.379   1927.917   2261.447   1927.761   2260.157   1907.106 N000269
     0.000      0.000   0.000      0.000      0.000   0.000   0.0000  0.0000      0.000      0.000   1780.426   1929.727   1776.254   1945.155 N000270
     0.000      0.000   0.000      0.000      0.000   0.000   0.0000  0.0000      0.000      0.000    291.364   1938.779     -1.000     -1.000 N000271
  2148.629   1873.058 -14.215   2166.023   1924.604 -14.210   0.1291  0.0366   2167.572   1938.320   2167.443   1938.284   2165.893   1924.577 N000272
     0.000      0.000   0.000      0.000      0.000   0.000   0.0000  0.0000      0.000      0.000   1227.867   1942.128   1214.594   2000.935 N000273
     0.000      0.000   0.000      0.000      0.000   0.000   0.0000  0.0000      0.000      0.000   2299.448   1944.261   2298.158   1920.830 N000274
  2585.685   1882.629 -13.219   2602.801   1902.303 -13.215   0.1855  0.1291   2604.646   1947.887   2604.461   1947.758   2602.617   1902.188 N000275
  1631.315   1887.217  -9.199   1644.404   1978.057  -9.195  -0.1346  0.1669   1650.236   1952.484   1650.371   1952.317   1644.542   1977.879 N000276
  1370.723   1888.128 -10.080   1379.592   1999.405 -10.075   0.1873  0.1277   1389.633   1953.397   1389.446   1953.269   1379.402   1999.291 N000277
  2720.479   1890.608  -9.530   2736.919   1900.604  -9.525   0.0099  0.1080   2739.445   1955.865   2739.435   1955.757   2736.909   1900.497 N000278
  1071.512   1896.451 -10.080   1073.654   2031.855 -10.075   0.0117 -0.0493   1090.409   1961.723   1090.397   1961.772   1073.642   2031.906 N000279
     0.000      0.000   0.000      0.000      0.000   0.000   0.0000  0.0000      0.000      0.000    972.321   1964.774    952.352   2044.611 N000280
  1788.179   1903.177 -10.199   1802.981   1982.013 -10.194   0.1786  0.1774   1807.106   1968.443   1806.928   1968.266   1802.802   1981.848 N000281
     0.000      0.000   0.000      0.000      0.000   0.000   0.0000  0.0000      0.000      0.000   2495.456   1969.260   2493.943   1931.551 N000282
     0.000      0.000   0.000      0.000      0.000   0.000   0.0000  0.0000      0.000      0.000   1752.425   1972.767   1747.695   1990.560 N000283
     0.000      0.000   0.000      0.000      0.000   0.000   0.0000  0.0000      0.000      0.000   1300.306   1981.771   1288.213   2035.150 N000284
     0.000      0.000   0.000      0.000      0.000   0.000   0.0000  0.0000      0.000      0.000    984.393   1990.837     -1.000     -1.000 N000285
     0.000      0.000   0.000      0.000      0.000   0.000   0.0000  0.0000      0.000      0.000    507.373   1993.779    475.499   2061.541 N000286
     0.000      0.000   0.000      0.000      0.000   0.000   0.0000  0.0000      0.000      0.000   2680.964   1999.687   2678.756   1948.563 N000287
     0.000      0.000   0.000      0.000      0.000   0.000   0.0000  0.0000      0.000      0.000   2644.046   2002.259   2642.000   1953.794 N000288
  2719.999   1937.546 -10.180   2736.448   1947.511 -10.176  -0.0006  0.0457   2738.966   2002.804   2738.967   2002.758   2736.448   1947.465 N000289
     0.000      0.000   0.000      0.000      0.000   0.000   0.0000  0.0000      0.000      0.000   2304.198   2009.325   2302.754   1985.639 N000290
     0.000      0.000   0.000      0.000      0.000   0.000   0.0000  0.0000      0.000      0.000   2470.955   2019.761   2469.425   1983.858 N000291
     0.000      0.000   0.000      0.000      0.000   0.000   0.0000  0.0000      0.000      0.000   2666.964   2020.260   2664.812   1970.135 N000292
  3182.570   1956.513 -12.075   3194.742   1933.763 -12.070   0.0700  0.0133   3201.556   2021.768   3201.486   2021.755   3194.673   1933.755 N000293
     0.000      0.000   0.000      0.000      0.000   0.000   0.0000  0.0000      0.000      0.000   1420.911   2026.771     -1.000     -1.000 N000294
     0.000      0.000   0.000      0.000      0.000   0.000   0.0000  0.0000      0.000      0.000   3881.215   2026.749   3862.567   1892.578 N000295
   523.239   1963.527 -10.350    511.163   2094.077 -10.345   0.2391  0.0269    542.114   2028.806    541.875   2028.779    510.915   2094.070 N000296
  2103.825   1963.599 -11.564   2120.710   2018.742 -11.559  -0.1753  0.0992   2122.766   2028.864   2122.941   2028.765   2120.886   2018.629 N000297
     0.000      0.000   0.000      0.000      0.000   0.000   0.0000  0.0000      0.000      0.000   1139.400   2031.274     -1.000     -1.000 N000298
  2446.964   1973.376 -10.299   2464.366   2003.125 -10.294  -0.0359 -0.1236   2465.919   2038.638   2465.955   2038.762   2464.402   2003.246 N000299
   583.389   1980.673 -10.156    573.413   2106.258 -10.151  -0.1110  0.1727    602.266   2045.952    602.377   2045.779    573.530   2106.073 N000300
     0.000      0.000   0.000      0.000      0.000   0.000   0.0000  0.0000      0.000      0.000   2893.773   2045.058   2890.204   1978.664 N000301
  2550.769   1999.212  -8.638   2567.900   2021.416  -8.633   0.1692  0.2118   2569.729   2064.474   2569.560   2064.262   2567.732   2021.216 N000302
  2820.371   2004.966  -9.327   2836.198   2007.693  -9.322  -0.1287 -0.0344   2839.342   2070.225   2839.471   2070.260   2836.326   2007.718 N000303
   167.979   2007.849 -13.368    139.931   2170.430 -13.363  -0.0207 -0.1512    186.839   2073.133    186.860   2073.284    139.950   2170.582 N000304
  1392.766   2011.356 -10.604   1404.980   2069.661 -10.599  -0.1836 -0.1440   1411.677   2076.629   1411.861   2076.773   1405.166   2069.791 N000305
     0.000      0.000   0.000      0.000      0.000   0.000   0.0000  0.0000      0.000      0.000   2029.437   2079.767     -1.000     -1.000 N000306
     0.000      0.000   0.000      0.000      0.000   0.000   0.0000  0.0000      0.000      0.000   3172.685   2086.657   3166.402   2000.483 N000307
     0.000      0.000   0.000      0.000      0.000   0.000   0.0000  0.0000      0.000      0.000   2480.956   2095.264     -1.000     -1.000 N000308
     0.000      0.000   0.000      0.000      0.000   0.000   0.0000  0.0000      0.000      0.000   2393.952   2096.214     -1.000     -1.000 N000309
  3055.486   2046.169  -9.934   3069.330   2032.126  -9.930  -0.0139  0.1692   3074.467   2111.428   3074.481   2111.259   3069.343   2031.956 N000310
     0.000      0.000   0.000      0.000      0.000   0.000   0.0000  0.0000      0.000      0.000   2176.443   2113.267     -1.000     -1.000 N000311
     0.000      0.000   0.000      0.000      0.000   0.000   0.0000  0.0000      0.000      0.000   2372.951   2121.328     -1.000     -1.000 N000312
     0.000      0.000   0.000      0.000      0.000   0.000   0.0000  0.0000      0.000      0.000   2576.532   2125.621     -1.000     -1.000 N000313
     0.000      0.000   0.000      0.000      0.000   0.000   0.0000  0.0000      0.000      0.000   3138.484   2137.759     -1.000     -1.000 N000314
  2527.615   2092.914 -10.343   2547.815   2064.551 -10.339   0.1149 -0.0863   2546.574   2158.178   2546.459   2158.265   2547.700   2064.646 N000315
  1732.893   2095.069 -11.708   1749.651   2127.040 -11.704  -0.1071  0.0694   1751.818   2160.342   1751.925   2160.272   1749.760   2126.962 N000316
     0.000      0.000   0.000      0.000      0.000   0.000   0.0000  0.0000      0.000      0.000   1623.531   2166.274   1619.696   2143.126 N000317
  1967.778   2121.546 -11.347   1986.647   2135.458 -11.342  -0.2222  0.0461   1986.713   2186.817   1986.935   2186.771   1986.871   2135.395 N000318
  1368.423   2125.814 -10.514   1379.302   2187.197 -10.509  -0.0767 -0.1856   1387.333   2191.091   1387.410   2191.276   1379.379   2187.378 N000319
   811.435   2130.275 -11.933    807.677   2238.429 -11.928  -0.0647 -0.2245    830.322   2195.557    830.387   2195.782    807.741   2238.652 N000320
     0.000      0.000   0.000      0.000      0.000   0.000   0.0000  0.0000      0.000      0.000   1466.029   2204.276   1459.390   2194.119 N000321
     0.000      0.000   0.000      0.000      0.000   0.000   0.0000  0.0000      0.000      0.000   1960.934   2204.709   1960.599   2155.448 N000322
  2323.963   2141.122  -9.420   2344.340   2128.010  -9.415  -0.0375  0.0801   2342.913   2206.390   2342.950   2206.310   2344.378   2127.927 N000323
  1969.463   2154.136  -9.895   1988.225   2168.123  -9.891  -0.0375  0.1360   1988.398   2219.408   1988.435   2219.272   1988.263   2167.983 N000324
  2225.339   2155.899 -11.228   2245.489   2150.296 -11.224  -0.1349 -0.1009   2244.285   2221.168   2244.420   2221.269   2245.624   2150.387 N000325
     0.000      0.000   0.000      0.000      0.000   0.000   0.0000  0.0000      0.000      0.000    527.874   2222.785    493.772   2292.592 N000326
  2086.318   2159.352 -10.321   2105.848   2164.376 -10.317  -0.1823 -0.1485   2105.258   2224.622   2105.440   2224.771   2106.031   2164.511 N000327
  2050.803   2164.466 -12.472   2070.105   2172.250 -12.468  -0.1735 -0.0337   2069.741   2229.738   2069.915   2229.771   2070.280   2172.271 N000328
     0.000      0.000   0.000      0.000      0.000   0.000   0.0000  0.0000      0.000      0.000   2182.444   2231.270   2183.402   2165.154 N000329
     0.000      0.000   0.000      0.000      0.000   0.000   0.0000  0.0000      0.000      0.000   1657.422   2240.275   1653.605   2215.098 N000330
  1728.574   2174.989 -10.616   1744.858   2207.941 -10.611   0.0739 -0.0111   1747.499   2240.263   1747.425   2240.275   1744.783   2207.958 N000331
  2448.803   2179.000 -11.607   2469.151   2156.653 -11.602  -0.1965 -0.0004   2467.759   2244.268   2467.956   2244.268   2469.348   2156.639 N000332
     0.000      0.000   0.000      0.000      0.000   0.000   0.0000  0.0000      0.000      0.000   2266.947   2247.270   2268.167   2174.798 N000333
  1763.293   2185.168 -11.285   1779.932   2215.469 -11.281  -0.1811  0.1415   1782.219   2250.442   1782.400   2250.301   1780.116   2215.312 N000334
     0.000      0.000   0.000      0.000      0.000   0.000   0.0000  0.0000      0.000      0.000   2521.458   2256.268   2522.774   2164.682 N000335
  1448.844   2190.655 -11.212   1460.748   2246.200 -11.207  -0.1558 -1.3452   1467.758   2255.932   1467.914   2257.278   1460.896   2247.548 N000336
  1330.162   2198.714  -9.700   1339.632   2264.096  -9.696   0.1621  0.1474   1349.071   2263.993   1348.909   2263.846   1339.469   2263.960 N000337
  1178.110   2200.339  -9.833   1184.092   2278.380  -9.828   0.1102 -0.1610   1197.012   2265.619   1196.902   2265.780   1183.978   2278.552 N000338
  3153.011   2200.526 -11.355   3169.133   2126.782 -11.351   0.0114  0.0259   3171.997   2265.788   3171.985   2265.762   3169.122   2126.757 N000339
  3571.130   2200.393 -10.318   3581.239   2097.317 -10.314   0.1301 -0.1069   3590.133   2265.651   3590.003   2265.758   3581.113   2097.433 N000340
  1108.113   2206.064 -11.772   1112.265   2290.067 -11.768   0.1133  0.0636   1127.013   2271.345   1126.899   2271.281   1112.149   2290.012 N000341
  1236.251   2216.752 -11.120   1243.465   2290.163 -11.115   0.0127 -0.0811   1255.156   2282.032   1255.143   2282.114   1243.451   2290.246 N000342
  2552.401   2220.852 -11.170   2572.581   2190.905 -11.166  -0.0986 -0.1482   2571.361   2286.120   2571.460   2286.268   2572.680   2191.046 N000343
  1499.254   2237.001  -9.884   1511.705   2288.986  -9.879   0.1659  0.0013   1518.170   2302.280   1518.004   2302.278   1511.536   2288.998 N000344
  3033.909   2241.190  -9.234   3051.417   2175.954  -9.229  -0.0910  0.1516   3052.889   2306.455   3052.980   2306.303   3051.507   2175.796 N000345
     0.000      0.000   0.000      0.000      0.000   0.000   0.0000  0.0000      0.000      0.000   2168.943   2313.773   2169.601   2249.183 N000346
   437.610   2251.718 -11.614    418.010   2395.090 -11.610   0.1105  0.2184    456.482   2317.007    456.371   2316.789    417.898   2394.877 N000347
     0.000      0.000   0.000      0.000      0.000   0.000   0.0000  0.0000      0.000      0.000   3200.236   2323.264   3197.307   2182.167 N000348
  1379.247   2258.368 -10.530   1389.222   2320.473 -10.526   0.2469 -0.1317   1398.158   2323.648   1397.911   2323.780   1388.969   2320.627 N000349
  1305.795   2261.580 -12.368   1314.171   2329.821 -12.364  -0.2051  0.0804   1324.703   2326.861   1324.908   2326.781   1314.382   2329.723 N000350
  2148.686   2272.374 -10.298   2168.206   2273.322 -10.293   0.1863 -0.1263   2167.629   2337.647   2167.443   2337.774   2168.018   2273.464 N000351
  2591.379   2274.437 -11.468   2611.491   2241.767 -11.463  -0.1211 -0.0634   2610.341   2339.706   2610.462   2339.769   2611.612   2241.822 N000352
  1352.384   2277.064 -11.210   1361.627   2341.649 -11.205  -0.1159  0.0396   1371.294   2342.344   1371.410   2342.305   1361.746   2341.599 N000353
     0.000      0.000   0.000      0.000      0.000   0.000   0.0000  0.0000      0.000      0.000   3248.988   2342.764   3245.585   2198.162 N000354
  2303.263   2278.392  -9.508   2323.365   2267.498  -9.504  -0.1954 -0.1084   2322.212   2343.664   2322.408   2343.772   2323.561   2267.592 N000355
     0.000      0.000   0.000      0.000      0.000   0.000   0.0000  0.0000      0.000      0.000   2762.468   2344.768   2763.108   2235.550 N000356
     0.000      0.000   0.000      0.000      0.000   0.000   0.0000  0.0000      0.000      0.000   1004.394   2347.785    985.380   2378.167 N000357
     0.000      0.000   0.000      0.000      0.000   0.000   0.0000  0.0000      0.000      0.000    408.647   2353.096    367.527   2436.292 N000358
     0.000      0.000   0.000      0.000      0.000   0.000   0.0000  0.0000      0.000      0.000   1758.426   2353.328   1755.253   2321.236 N000359
  1240.059   2292.693  -9.132   1246.625   2366.884  -9.128   0.0594  0.1211   1258.964   2357.975   1258.905   2357.854   1246.565   2366.766 N000360
  2658.199   2295.500 -11.010   2678.144   2257.930 -11.005   0.1708  0.0003   2677.163   2360.770   2676.992   2360.769   2677.974   2257.942 N000361
     0.000      0.000   0.000      0.000      0.000   0.000   0.0000  0.0000      0.000      0.000   1744.925   2366.278   1741.497   2335.407 N000362
     0.000      0.000   0.000      0.000      0.000   0.000   0.0000  0.0000      0.000      0.000   1270.290   2369.283   1258.107   2377.412 N000363
     0.000      0.000   0.000      0.000      0.000   0.000   0.0000  0.0000      0.000      0.000   1734.925   2369.112   1731.347   2339.073 N000364
     0.000      0.000   0.000      0.000      0.000   0.000   0.0000  0.0000      0.000      0.000   2005.686   2371.776   2005.031   2320.321 N000365
     0.000      0.000   0.000      0.000      0.000   0.000   0.0000  0.0000      0.000      0.000   3456.497   2373.763   3450.479   2214.414 N000366
  1397.099   2308.960  -9.453   1406.993   2370.284  -9.449   0.0990 -0.0403   1416.011   2374.241   1415.912   2374.281   1406.892   2370.333 N000367
     0.000      0.000   0.000      0.000      0.000   0.000   0.0000  0.0000      0.000      0.000    583.377   2374.889    549.293   2442.816 N000368
     0.000      0.000   0.000      0.000      0.000   0.000   0.0000  0.0000      0.000      0.000    618.878   2374.932    586.208   2439.681 N000369
     0.000      0.000   0.000      0.000      0.000   0.000   0.0000  0.0000      0.000      0.000    944.392   2374.986    923.213   2411.038 N000370
     0.000      0.000   0.000      0.000      0.000   0.000   0.0000  0.0000      0.000      0.000   2272.448   2377.774   2273.374   2305.645 N000371
     0.000      0.000   0.000      0.000      0.000   0.000   0.0000  0.0000      0.000      0.000   2723.966   2379.770   2724.798   2273.518 N000372
  1669.794   2315.769  -9.956   1684.406   2354.865  -9.952  -0.2514 -0.1405   1688.717   2381.048   1688.968   2381.188   1684.660   2354.987 N000373
     0.000      0.000   0.000      0.000      0.000   0.000   0.0000  0.0000      0.000      0.000   1206.939   2389.784   1192.999   2403.577 N000374
  2428.795   2325.922  -8.888   2449.003   2305.743  -8.884  -0.1331 -0.0066   2447.750   2391.194   2447.883   2391.201   2449.136   2305.739 N000375
     0.000      0.000   0.000      0.000      0.000   0.000   0.0000  0.0000      0.000      0.000   2123.941   2392.776   2124.075   2332.263 N000376
     0.000      0.000   0.000      0.000      0.000   0.000   0.0000  0.0000      0.000      0.000   1694.823   2399.280   1690.474   2372.823 N000377
  2144.142   2336.201 -11.688   2163.421   2337.987 -11.684   0.1415  0.2014   2163.084   2401.477   2162.943   2401.275   2163.279   2337.795 N000378
     0.000      0.000   0.000      0.000      0.000   0.000   0.0000  0.0000      0.000      0.000    578.877   2408.759    544.095   2477.829 N000379
     0.000      0.000   0.000      0.000      0.000   0.000   0.0000  0.0000      0.000      0.000   1116.428   2412.785   1099.856   2434.675 N000380
     0.000      0.000   0.000      0.000      0.000   0.000   0.0000  0.0000      0.000      0.000   1480.623   2414.740   1472.532   2406.007 N000381
  1657.263   2364.584 -10.945   1671.343   2405.300 -10.940  -0.1818  0.0840   1676.185   2429.865   1676.367   2429.781   1671.528   2405.200 N000382
     0.000      0.000   0.000      0.000      0.000   0.000   0.0000  0.0000      0.000      0.000   2463.956   2432.086   2465.168   2345.654 N000383
  2506.544   2367.106 -10.239   2526.726   2341.273 -10.235   0.0437  0.1064   2525.502   2432.379   2525.458   2432.273   2526.682   2341.169 N000384
  2015.935   2372.586 -11.764   2034.160   2384.734 -11.760  -0.0654  0.0859   2034.872   2437.864   2034.938   2437.778   2034.226   2384.642 N000385
  1267.597   2373.843  -9.574   1273.992   2446.997  -9.570   0.1475 -0.1066   1286.504   2439.128   1286.356   2439.235   1273.840   2447.118 N000386
  2680.489   2373.980  -9.609   2700.409   2335.084  -9.604  -0.0114 -0.0198   2699.454   2439.252   2699.466   2439.272   2700.421   2335.103 N000387
     0.000      0.000   0.000      0.000      0.000   0.000   0.0000  0.0000      0.000      0.000    365.868   2452.293    321.150   2541.770 N000388
     0.000      0.000   0.000      0.000      0.000   0.000   0.0000  0.0000      0.000      0.000   2091.253   2452.278   2090.919   2394.854 N000389
  1688.201   2392.497 -10.380   1702.539   2431.064 -10.375   0.2012 -0.0032   1707.125   2457.778   1706.924   2457.781   1702.335   2431.084 N000390
  1180.165   2393.413  -9.706   1184.181   2474.325  -9.702   0.1356 -0.0286   1199.068   2458.698   1198.932   2458.727   1184.042   2474.366 N000391
     0.000      0.000   0.000      0.000      0.000   0.000   0.0000  0.0000      0.000      0.000    690.381   2459.791    659.214   2519.980 N000392
   386.768   2407.840 -10.604    362.386   2559.479 -10.600  -0.1691 -0.1604    405.638   2473.133    405.807   2473.294    362.560   2559.628 N000393
  1635.518   2418.461 -10.320   1648.847   2461.683 -10.316   0.0181 -0.0393   1654.440   2483.743   1654.422   2483.782   1648.828   2461.724 N000394
     0.000      0.000   0.000      0.000      0.000   0.000   0.0000  0.0000      0.000      0.000   2781.469   2491.772   2782.180   2381.725 N000395
  1724.463   2429.611 -11.338   1739.062   2465.729 -11.333  -0.0365  0.1113   1743.389   2494.893   1743.425   2494.782   1739.100   2465.613 N000396
  1602.272   2433.129 -10.226   1614.928   2479.295 -10.221  -0.1659  0.1289   1621.192   2498.412   1621.358   2498.283   1615.098   2479.151 N000397
  1672.236   2434.334 -11.054   1686.016   2474.777 -11.050   0.2067 -0.1656   1691.159   2499.617   1690.953   2499.783   1685.805   2474.962 N000398
     0.000      0.000   0.000      0.000      0.000   0.000   0.0000  0.0000      0.000      0.000   1330.908   2500.286   1318.811   2505.430 N000399
  2477.065   2440.496  -9.163   2497.157   2417.416  -9.159   0.1560  0.0867   2496.022   2505.771   2495.866   2505.685   2497.001   2417.341 N000400
     0.000      0.000   0.000      0.000      0.000   0.000   0.0000  0.0000      0.000      0.000   1996.936   2508.780   1995.546   2459.406 N000401
  2961.066   2447.519 -12.554   2979.741   2388.035 -12.549   0.0663  0.0187   2980.044   2512.790   2979.977   2512.771   2979.675   2388.021 N000402
  3882.504   2452.602  -9.188   3888.861   2327.258  -9.184   0.0037  0.0463   3901.520   2517.865   3901.516   2517.818   3888.857   2327.212 N000403
  2506.397   2455.288 -11.081   2526.488   2430.080 -11.076  -0.1028 -0.1840   2525.355   2520.564   2525.458   2520.748   2526.590   2430.257 N000404
     0.000      0.000   0.000      0.000      0.000   0.000   0.0000  0.0000      0.000      0.000    481.373   2522.794    440.647   2603.442 N000405
  1639.210   2459.247 -12.784   1652.272   2502.762 -12.779   0.2102  0.0877   1658.132   2524.531   1657.922   2524.443   1652.059   2502.690 N000406
  1392.956   2475.224  -9.901   1401.175   2539.514  -9.896  -0.0444  0.2239   1411.867   2540.510   1411.912   2540.286   1401.223   2539.283 N000407
     0.000      0.000   0.000      0.000      0.000   0.000   0.0000  0.0000      0.000      0.000   2295.149   2542.878   2295.672   2470.368 N000408
  1824.549   2490.513  -9.876   1840.086   2519.343  -9.872   0.0492  0.0131   1843.479   2555.796   1843.430   2555.783   1840.036   2519.334 N000409
     0.000      0.000   0.000      0.000      0.000   0.000   0.0000  0.0000      0.000      0.000   2517.258   2555.677   2518.335   2466.101 N000410
  2378.279   2491.870  -9.396   2398.088   2476.840  -9.392  -0.1932 -0.1298   2397.232   2557.148   2397.425   2557.278   2398.281   2476.956 N000411
  1743.789   2492.313 -11.113   1758.202   2527.743 -11.108  -0.2105 -0.1872   1762.716   2557.596   1762.926   2557.784   1758.414   2527.916 N000412
   704.902   2495.855  -8.663    692.370   2620.665  -8.659  -0.0981 -0.1449    723.785   2561.148    723.883   2561.293    692.470   2620.804 N000413
     0.000      0.000   0.000      0.000      0.000   0.000   0.0000  0.0000      0.000      0.000   2282.948   2562.779   2283.356   2491.423 N000414
  2120.880   2501.069  -9.234   2139.348   2506.302  -9.230  -0.0811  0.1080   2139.823   2566.350   2139.904   2566.242   2139.430   2506.186 N000415
  3015.514   2502.669 -10.042   3033.943   2439.402 -10.038   0.0139  0.1692   3034.494   2567.941   3034.480   2567.772   3033.929   2439.233 N000416
  1317.257   2505.200 -10.513   1323.451   2576.444 -10.508  -0.1843  0.2004   1336.165   2570.488   1336.350   2570.288   1323.642   2576.224 N000417
     0.000      0.000   0.000      0.000      0.000   0.000   0.0000  0.0000      0.000      0.000   4101.524   2579.263   4085.243   2374.855 N000418
     0.000      0.000   0.000      0.000      0.000   0.000   0.0000  0.0000      0.000      0.000   2308.040   2579.370   2308.504   2506.225 N000419
  2656.122   2516.505  -9.005   2676.100   2480.356  -9.000   0.1223  0.0048   2675.087   2581.781   2674.965   2581.776   2675.978   2480.360 N000420
  1998.615   2516.808 -10.466   2015.961   2531.965 -10.462   0.1151 -0.2256   2017.552   2582.090   2017.437   2582.315   2015.843   2532.203 N000421
  2267.656   2527.659  -8.900   2286.925   2521.620  -8.895   0.1559  0.1587   2286.604   2592.938   2286.448   2592.780   2286.769   2521.472 N000422
     0.000      0.000   0.000      0.000      0.000   0.000   0.0000  0.0000      0.000      0.000   2239.446   2593.280   2239.511   2525.674 N000423
     0.000      0.000   0.000      0.000      0.000   0.000   0.0000  0.0000      0.000      0.000   2199.889   2594.225   2199.710   2529.751 N000424
     0.000      0.000   0.000      0.000      0.000   0.000   0.0000  0.0000      0.000      0.000   2592.128   2599.277   2593.185   2504.337 N000425
  2793.424   2533.782 -11.031   2813.069   2487.338 -11.027  -0.0759 -0.2178   2812.395   2599.057   2812.470   2599.275   2813.145   2487.551 N000426
  3088.676   2537.305 -11.694   3106.645   2468.787 -11.690   0.1759 -0.1954   3107.659   2602.577   3107.483   2602.773   3106.471   2468.996 N000427
     0.000      0.000   0.000      0.000      0.000   0.000   0.0000  0.0000      0.000      0.000    491.912   2613.297    450.094   2695.357 N000428
   792.929   2566.511  -8.462    782.610   2685.076  -8.457   0.4292 -1.5895    811.816   2631.805    811.387   2633.395    782.142   2686.743 N000429
  1399.520   2568.804 -11.716   1406.928   2634.247 -11.711   0.0197 -0.1965   1418.432   2634.093   1418.412   2634.289   1406.906   2634.449 N000430
     0.000      0.000   0.000      0.000      0.000   0.000   0.0000  0.0000      0.000      0.000    820.887   2634.795    791.966   2687.320 N000431
  1486.268   2571.594  -9.824   1495.496   2629.739  -9.820  -0.1822  0.0940   1505.183   2636.882   1505.366   2636.788   1495.683   2629.628 N000432
  2637.167   2573.953 -12.967   2657.127   2539.739 -12.963   0.1674 -0.0468   2656.131   2639.231   2655.964   2639.278   2656.960   2539.799 N000433
  1166.305   2576.558 -10.122   1167.800   2662.235 -10.118  -0.1690  0.0580   1185.207   2641.849   1185.376   2641.791   1167.974   2662.161 N000434
  2097.170   2582.947 -10.543   2115.056   2591.095 -10.538   0.1701 -0.0530   2116.111   2648.230   2115.941   2648.283   2114.884   2591.162 N000435
     0.000      0.000   0.000      0.000      0.000   0.000   0.0000  0.0000      0.000      0.000   2339.951   2648.781   2340.340   2573.914 N000436
   944.285   2589.346 -10.721    938.867   2694.888 -10.716  -0.2149 -0.1537    963.178   2654.640    963.393   2654.794    939.087   2695.026 N000437
  1718.737   2590.817 -11.027   1731.998   2629.865 -11.022   0.1321 -0.1830   1737.663   2656.104   1737.531   2656.287   1731.862   2630.062 N000438
     0.000      0.000   0.000      0.000      0.000   0.000   0.0000  0.0000      0.000      0.000   2523.458   2661.280   2524.367   2572.239 N000439
     0.000      0.000   0.000      0.000      0.000   0.000   0.0000  0.0000      0.000      0.000   1282.906   2663.291   1267.844   2675.648 N000440
     0.000      0.000   0.000      0.000      0.000   0.000   0.0000  0.0000      0.000      0.000   2178.544   2664.683   2177.902   2602.784 N000441
  1702.064   2606.179 -10.453   1714.928   2646.876 -10.449   0.0636  0.1790   1720.988   2671.466   1720.925   2671.287   1714.865   2646.699 N000442
  1108.388   2608.280 -10.223   1107.827   2699.727 -10.218  -0.1122 -0.1669   1127.288   2673.573   1127.400   2673.740   1107.940   2699.888 N000443
  2854.315   2619.948  -8.952   2873.790   2569.548  -8.948  -0.1296 -0.0520   2873.288   2685.225   2873.417   2685.277   2873.919   2569.591 N000444
     0.000      0.000   0.000      0.000      0.000   0.000   0.0000  0.0000      0.000      0.000    691.082   2686.797    656.397   2752.462 N000445
     0.000      0.000   0.000      0.000      0.000   0.000   0.0000  0.0000      0.000      0.000   2590.561   2686.680   2591.504   2592.707 N000446
  1419.976   2627.613 -12.302   1427.214   2692.467 -12.298  -0.0241  0.1125   1438.889   2692.903   1438.913   2692.791   1427.240   2692.350 N000447
  2569.418   2628.707  -9.284   2589.309   2600.260  -9.280  -0.0817  0.2068   2588.379   2693.987   2588.461   2693.780   2589.391   2600.045 N000448
     0.000      0.000   0.000      0.000      0.000   0.000   0.0000  0.0000      0.000      0.000    292.865   2703.801    239.970   2807.201 N000449
  1262.804   2645.511 -11.730   1266.051   2724.281 -11.725  -0.1965  0.0115   1281.710   2710.804   1281.906   2710.792   1266.253   2724.252 N000450
    92.110   2649.606 -10.031     48.262   2836.179 -10.026   0.1101  0.1058    110.967   2714.909    110.857   2714.803     48.148   2836.081 N000451
     0.000      0.000   0.000      0.000      0.000   0.000   0.0000  0.0000      0.000      0.000   3547.501   2723.439   3542.184   2558.051 N000452
  2958.258   2660.775 -10.164   2977.319   2602.839 -10.159  -0.2140 -0.1973   2977.236   2726.052   2977.450   2726.250   2977.531   2603.021 N000453
  3749.279   2660.730  -9.691   3759.645   2544.857  -9.687  -0.1877  0.1638   3768.290   2726.000   3768.477   2725.837   3759.828   2544.680 N000454
  2453.814   2663.095 -11.097   2473.418   2644.058 -11.092  -0.1643  0.0949   2472.770   2728.377   2472.935   2728.282   2473.583   2643.949 N000455
     0.000      0.000   0.000      0.000      0.000   0.000   0.0000  0.0000      0.000      0.000   2258.547   2729.284   2258.178   2661.898 N000456
  1359.590   2664.499  -9.548   1365.029   2735.302  -9.544   0.0897 -0.0007   1378.500   2729.792   1378.410   2729.792   1364.937   2735.310 N000457
     0.000      0.000   0.000      0.000      0.000   0.000   0.0000  0.0000      0.000      0.000   2777.969   2735.279   2778.751   2627.342 N000458
  3616.301   2669.667  -9.399   3628.810   2563.293  -9.395  -0.1049  0.0734   3635.306   2734.939   3635.411   2734.865   3628.913   2563.212 N000459
     0.000      0.000   0.000      0.000      0.000   0.000   0.0000  0.0000      0.000      0.000   1437.746   2749.709   1425.430   2750.546 N000460
  2685.549   2684.494 -13.440   2705.381   2647.654 -13.435   0.0491 -0.0059   2704.515   2749.775   2704.466   2749.781   2705.332   2647.664 N000461
     0.000      0.000   0.000      0.000      0.000   0.000   0.0000  0.0000      0.000      0.000   3200.487   2751.676   3199.117   2611.899 N000462
     0.000      0.000   0.000      0.000      0.000   0.000   0.0000  0.0000      0.000      0.000   2957.477   2753.178   2957.686   2631.696 N000463
  1580.166   2693.744 -10.376   1590.062   2746.313 -10.371  -0.3009  0.2437   1599.085   2759.035   1599.386   2758.791   1590.371   2746.039 N000464
  1944.846   2699.820 -11.376   1960.451   2722.111 -11.372  -0.1539 -0.1796   1963.781   2765.108   1963.935   2765.288   1960.606   2722.282 N000465
     0.000      0.000   0.000      0.000      0.000   0.000   0.0000  0.0000      0.000      0.000   3027.980   2781.278   3027.870   2654.701 N000466
     0.000      0.000   0.000      0.000      0.000   0.000   0.0000  0.0000      0.000      0.000    321.366   2782.803    268.308   2885.993 N000467
  2035.941   2723.363 -11.287   2052.441   2738.603 -11.283  -0.0594 -0.1368   2054.879   2788.651   2054.939   2788.788   2052.500   2738.737 N000468
     0.000      0.000   0.000      0.000      0.000   0.000   0.0000  0.0000      0.000      0.000   2780.157   2795.219   2780.909   2687.743 N000469
   483.739   2730.670 -10.671    457.957   2882.327 -10.667   0.0846  0.1698    502.612   2795.972    502.528   2795.802    457.872   2882.160 N000470
  1773.010   2734.184  -9.829   1785.936   2771.341  -9.825   0.0103  0.0959   1791.938   2799.474   1791.928   2799.379   1785.926   2771.244 N000471
   938.764   2751.075  -9.071    930.771   2861.206  -9.067  -0.1356  0.1255    957.657   2816.374    957.793   2816.249    930.913   2861.065 N000472
     0.000      0.000   0.000      0.000      0.000   0.000   0.0000  0.0000      0.000      0.000   1752.426   2816.791   1745.630   2792.306 N000473
  1623.119   2752.021  -9.483   1633.267   2802.149  -9.478   0.1193  0.0214   1642.041   2817.314   1641.922   2817.292   1633.146   2802.137 N000474
     0.000      0.000   0.000      0.000      0.000   0.000   0.0000  0.0000      0.000      0.000   2502.958   2829.785   2503.425   2744.416 N000475
  2038.593   2768.810  -8.892   2054.834   2784.626  -8.888   0.0932 -0.1901   2057.532   2834.099   2057.439   2834.289   2054.738   2784.827 N000476
     0.000      0.000   0.000      0.000      0.000   0.000   0.0000  0.0000      0.000      0.000    826.387   2834.515    794.500   2891.828 N000477
  1163.583   2776.553  -8.768   1162.394   2867.164  -8.763   0.2261  0.1962   1182.486   2841.851   1182.259   2841.654   1162.164   2866.983 N000478
  3340.745   2779.739 -11.342   3357.185   2694.110 -11.338  -0.0447  0.0811   3359.739   2845.016   3359.783   2844.935   3357.229   2694.025 N000479
  2465.767   2784.453  -8.819   2485.078   2766.097  -8.814   0.0169 -0.0467   2484.724   2849.739   2484.707   2849.785   2485.061   2766.145 N000480
  2231.643   2792.563  -9.911   2249.568   2793.082  -9.907   0.1427  0.0632   2250.590   2857.851   2250.447   2857.788   2249.424   2793.029 N000481
  1085.695   2793.155  -9.353   1081.902   2891.160  -9.349   0.1177  0.1549   1104.594   2858.453   1104.476   2858.298   1081.783   2891.011 N000482
     0.000      0.000   0.000      0.000      0.000   0.000   0.0000  0.0000      0.000      0.000   2780.469   2858.283   2781.181   2751.519 N000483
  2000.960   2795.831  -9.327   2016.585   2815.236  -9.322  -0.0397 -0.1687   2019.898   2861.121   2019.937   2861.290   2016.624   2815.405 N000484
  1779.042   2796.815 -11.894   1791.526   2834.713 -11.889   0.0416 -0.1852   1797.970   2862.107   1797.928   2862.292   1791.482   2834.906 N000485
  1917.356   2801.173 -10.290   1931.867   2827.601 -10.285  -0.1442  0.1729   1936.290   2866.464   1936.434   2866.291   1932.015   2827.413 N000486
  3779.178   2803.185 -12.423   3789.998   2685.853 -12.418   0.1779  0.1851   3798.190   2868.459   3798.012   2868.274   3789.822   2685.680 N000487
     0.000      0.000   0.000      0.000      0.000   0.000   0.0000  0.0000      0.000      0.000   2475.257   2868.786   2475.517   2786.174 N000488
  2687.601   2812.822  -9.854   2707.285   2777.362  -9.849   0.1006 -0.1776   2706.567   2878.107   2706.466   2878.284   2707.184   2777.550 N000489
     0.000      0.000   0.000      0.000      0.000   0.000   0.0000  0.0000      0.000      0.000   2596.524   2882.285   2597.112   2790.251 N000490
     0.000      0.000   0.000      0.000      0.000   0.000   0.0000  0.0000      0.000      0.000   2330.986   2894.360   2330.377   2823.708 N000491
     0.000      0.000   0.000      0.000      0.000   0.000   0.0000  0.0000      0.000      0.000   1968.977   2898.708   1964.743   2857.760 N000492
     0.000      0.000   0.000      0.000      0.000   0.000   0.0000  0.0000      0.000      0.000   2121.108   2906.290   2118.631   2852.920 N000493
  2464.546   2842.705  -9.917   2483.672   2825.317  -9.913   0.0460  0.2048   2483.503   2907.992   2483.457   2907.787   2483.627   2825.113 N000494
     0.000      0.000   0.000      0.000      0.000   0.000   0.0000  0.0000      0.000      0.000   1107.899   2909.709   1084.570   2943.504 N000495
     0.000      0.000   0.000      0.000      0.000   0.000   0.0000  0.0000      0.000      0.000    760.885   2914.018    725.101   2979.768 N000496
  2503.929   2851.222 -13.105   2523.180   2830.822 -13.100  -0.0707  0.1573   2522.888   2916.510   2522.959   2916.352   2523.251   2830.657 N000497
     0.000      0.000   0.000      0.000      0.000   0.000   0.0000  0.0000      0.000      0.000    774.885   2930.304    739.370   2995.254 N000498
     0.000      0.000   0.000      0.000      0.000   0.000   0.0000  0.0000      0.000      0.000   1271.906   2937.299   1253.095   2957.133 N000499
  1217.204   2878.778 -11.298   1216.178   2967.291 -11.294   0.1788 -0.2221   1236.109   2944.078   1235.930   2944.300   1215.991   2967.535 N000500
     0.000      0.000   0.000      0.000      0.000   0.000   0.0000  0.0000      0.000      0.000   1973.436   2949.293   1968.874   2908.998 N000501
  1918.804   2889.681 -11.551   1932.637   2917.785 -11.546  -0.1956  0.1806   1937.739   2954.974   1937.934   2954.794   1932.837   2917.584 N000502
     0.000      0.000   0.000      0.000      0.000   0.000   0.0000  0.0000      0.000      0.000   1784.428   2958.795   1776.877   2934.615 N000503
     0.000      0.000   0.000      0.000      0.000   0.000   0.0000  0.0000      0.000      0.000    538.875   2959.307    492.728   3047.519 N000504
     0.000      0.000   0.000      0.000      0.000   0.000   0.0000  0.0000      0.000      0.000   1562.373   2962.797   1550.472   2957.750 N000505
     0.000      0.000   0.000      0.000      0.000   0.000   0.0000  0.0000      0.000      0.000   2506.402   2972.733   2506.451   2889.262 N000506
  1044.350   2910.894 -10.565   1037.468   3015.938 -10.560  -0.1499 -0.1064   1063.248   2976.196   1063.397   2976.302   1037.621   3016.034 N000507
  1142.284   2912.300 -11.532   1138.531   3008.485 -11.527  -0.2155 -0.2000   1161.186   2977.601   1161.402   2977.801   1138.750   3008.671 N000508
     0.000      0.000   0.000      0.000      0.000   0.000   0.0000  0.0000      0.000      0.000   2061.939   2989.793   2058.226   2942.959 N000509
     0.000      0.000   0.000      0.000      0.000   0.000   0.0000  0.0000      0.000      0.000   2557.614   2992.250   2557.810   2904.994 N000510
  2792.195   2931.247 -10.389   2811.743   2889.235 -10.385   0.1947  0.0368   2811.166   2996.534   2810.971   2996.497   2811.549   2889.213 N000511
   719.732   2933.920 -10.375    700.396   3069.791 -10.371   0.1569 -0.0801    738.616   2999.226    738.459   2999.306    700.231   3069.888 N000512
     0.000      0.000   0.000      0.000      0.000   0.000   0.0000  0.0000      0.000      0.000   1659.923   3005.798   1649.590   2993.367 N000513
  1407.290   2948.174 -10.341   1410.515   3021.635 -10.336  -0.2104  0.1742   1426.202   3013.474   1426.413   3013.300   1410.733   3021.438 N000514
     0.000      0.000   0.000      0.000      0.000   0.000   0.0000  0.0000      0.000      0.000   1846.264   3013.546   1839.248   2985.363 N000515
     0.000      0.000   0.000      0.000      0.000   0.000   0.0000  0.0000      0.000      0.000   2172.444   3013.793   2169.830   2958.282 N000516
  2315.725   2949.813 -11.404   2333.538   2946.286 -11.399   0.1778 -0.1869   2334.676   3015.105   2334.498   3015.292   2333.358   2946.491 N000517
  1658.280   2954.721  -9.995   1667.067   3006.448  -9.991  -0.2198  0.1936   1677.203   3020.019   1677.423   3019.826   1667.293   3006.231 N000518
  2884.609   2958.026 -10.791   2904.034   2909.163 -10.786   0.1090  0.0258   2903.584   3023.312   2903.475   3023.287   2903.925   2909.145 N000519
  1728.561   2988.507  -9.197   1738.353   3035.016  -9.192   0.0610  0.0072   1747.487   3053.805   1747.426   3053.798   1738.291   3035.014 N000520
     0.000      0.000   0.000      0.000      0.000   0.000   0.0000  0.0000      0.000      0.000   3814.513   3057.279   3807.242   2874.987 N000521
  2429.679   3029.768  -9.407   2447.931   3018.451  -9.403   0.1791 -0.0444   2448.635   3095.061   2448.456   3095.105   2447.750   3018.511 N000522
     0.000      0.000   0.000      0.000      0.000   0.000   0.0000  0.0000      0.000      0.000   1509.416   3096.329   1494.747   3099.383 N000523
   770.992   3032.524 -12.329    751.924   3166.884 -12.325  -0.0084  0.0240    789.878   3097.832    789.886   3097.808    751.933   3166.859 N000524
   607.049   3036.013 -10.467    580.899   3186.164 -10.462   0.0495  0.0131    625.929   3101.323    625.879   3101.310    580.848   3186.155 N000525
  3828.466   3039.855 -11.799   3840.016   2920.940 -11.795  -0.0339 -0.1451   3847.480   3105.135   3847.514   3105.280   3840.050   2921.084 N000526
  2170.561   3050.449 -11.254   2186.425   3060.970 -11.250   0.0613 -0.0513   2189.506   3115.745   2189.445   3115.796   2186.363   3061.027 N000527
  3529.369   3055.711 -10.627   3544.834   2958.948 -10.623  -0.1313  0.1156   3548.371   3120.994   3548.502   3120.879   3544.963   2958.821 N000528
  3439.512   3072.652  -9.541   3455.945   2982.825  -9.537   0.0121  0.1521   3458.510   3137.937   3458.498   3137.785   3455.933   2982.672 N000529
   248.741   3078.232  -9.340    203.789   3265.298  -9.335  -0.0085  0.1248    267.606   3143.546    267.614   3143.422    203.801   3265.168 N000530
  1858.291   3083.845 -11.791   1869.476   3121.613 -11.786  -0.2092 -0.1218   1877.223   3149.145   1877.432   3149.266   1869.688   3121.720 N000531
     0.000      0.000   0.000      0.000      0.000   0.000   0.0000  0.0000      0.000      0.000   3352.294   3157.686   3350.708   3010.860 N000532
  1746.036   3109.832 -10.534   1754.900   3157.976 -10.530   0.0359 -0.1685   1764.963   3175.133   1764.927   3175.302   1754.862   3158.152 N000533
     0.000      0.000   0.000      0.000      0.000   0.000   0.0000  0.0000      0.000      0.000   1941.407   3179.800   1934.441   3147.551 N000534
  1963.763   3115.265 -10.634   1976.374   3144.802 -10.630  -0.2373 -0.2060   1982.699   3180.564   1982.936   3180.770   1976.613   3144.993 N000535
  1848.687   3116.408  -9.651   1859.394   3155.849  -9.646   0.0823 -0.0918   1867.619   3181.709   1867.537   3181.801   1859.309   3155.950 N000536
  1543.838   3119.938  -9.249   1548.252   3186.093  -9.244  -0.1615 -0.0625   1562.757   3185.241   1562.919   3185.304   1548.417   3186.143 N000537
     0.000      0.000   0.000      0.000      0.000   0.000   0.0000  0.0000      0.000      0.000   2361.452   3186.342   2359.665   3118.798 N000538
     0.000      0.000   0.000      0.000      0.000   0.000   0.0000  0.0000      0.000      0.000   2479.707   3197.796   2478.762   3120.725 N000539
  1853.922   3142.924 -11.166   1864.462   3182.619 -11.161  -0.0778 -0.0762   1872.854   3208.225   1872.932   3208.302   1864.540   3182.690 N000540
  2266.223   3148.907  -9.653   2282.497   3153.658  -9.648   0.0444 -0.0933   2285.172   3214.205   2285.127   3214.298   2282.452   3153.757 N000541
   443.454   3167.962 -11.018    406.674   3339.252 -11.013  -0.0460 -0.0379    462.327   3233.277    462.373   3233.315    406.722   3339.287 N000542
   918.536   3179.089 -10.977    902.619   3304.658 -10.973   0.0361  0.0892    937.429   3244.400    937.392   3244.311    902.583   3304.569 N000543
  2339.123   3205.982 -10.592   2355.768   3205.968 -10.588   0.1231 -0.0181   2358.075   3271.281   2357.952   3271.299   2355.644   3205.997 N000544
  2133.602   3213.243  -9.600   2147.856   3230.788  -9.595   0.1022 -0.0070   2152.546   3278.544   2152.443   3278.551   2147.753   3230.804 N000545
   538.912   3246.198 -11.132    505.103   3411.248 -11.127  -0.0880  0.1751    557.789   3311.514    557.877   3311.339    505.199   3411.057 N000546
   875.308   3253.093 -10.108    856.292   3385.560 -10.104  -0.1639  0.0935    894.199   3318.407    894.363   3318.314    856.464   3385.446 N000547
  1867.082   3269.872  -9.040   1876.584   3311.994  -9.035   0.0824 -0.1278   1886.015   3335.177   1885.932   3335.305   1876.499   3312.133 N000548
   784.926   3276.192 -10.338    761.704   3418.295 -10.333  -0.0743  0.1921    803.813   3341.507    803.887   3341.315    761.785   3418.088 N000549
     0.000      0.000   0.000      0.000      0.000   0.000   0.0000  0.0000      0.000      0.000   2271.449   3410.804   2267.276   3356.419 N000550
  2506.908   3346.822 -14.275   2524.192   3336.239 -14.270  -0.0445  0.0123   2525.867   3412.123   2525.912   3412.111   2524.237   3336.223 N000551
  2419.499   3354.614  -8.688   2436.002   3351.578  -8.684  -0.0013  0.1143   2438.454   3419.917   2438.456   3419.802   2436.004   3351.461 N000552
     0.000      0.000   0.000      0.000      0.000   0.000   0.0000  0.0000      0.000      0.000   1392.412   3421.812   1370.075   3445.793 N000553
  2446.533   3410.161  -8.981   2462.953   3406.343  -8.976  -0.0225  0.1610   2465.490   3475.465   2465.512   3475.304   2462.977   3406.176 N000554
  1467.545   3410.686  -8.860   1466.004   3493.270  -8.856   0.0448  0.1862   1486.461   3475.999   1486.416   3475.813   1465.961   3493.081 N000555
  2330.101   3426.559 -11.407   2345.208   3433.119 -11.402   0.1006  0.0586   2349.052   3491.864   2348.952   3491.805   2345.107   3433.067 N000556
  2849.786   3439.851  -9.190   2868.424   3403.276  -9.185  -0.2142 -0.1486   2868.760   3505.152   2868.974   3505.301   2868.638   3403.411 N000557
     0.000      0.000   0.000      0.000      0.000   0.000   0.0000  0.0000      0.000      0.000   2352.309   3513.806   2348.346   3455.418 N000558
  3227.519   3470.993  -9.581   3245.998   3404.762  -9.577   0.0187 -0.0074   3246.508   3536.291   3246.490   3536.298   3245.980   3404.771 N000559
     0.000      0.000   0.000      0.000      0.000   0.000   0.0000  0.0000      0.000      0.000   1999.437   3546.810   1989.924   3520.224 N000560
     0.000      0.000   0.000      0.000      0.000   0.000   0.0000  0.0000      0.000      0.000    626.380   3553.323    571.433   3656.945 N000561
     0.000      0.000   0.000      0.000      0.000   0.000   0.0000  0.0000      0.000      0.000   1757.927   3554.313   1743.316   3549.622 N000562
  1844.442   3501.589 -10.125   1850.947   3553.139 -10.121  -0.0576  0.0888   1863.374   3566.901   1863.432   3566.812   1851.007   3553.042 N000563
     0.000      0.000   0.000      0.000      0.000   0.000   0.0000  0.0000      0.000      0.000   1855.681   3579.781   1842.937   3567.160 N000564
     0.000      0.000   0.000      0.000      0.000   0.000   0.0000  0.0000      0.000      0.000   1038.897   3588.720   1001.418   3652.942 N000565
     0.000      0.000   0.000      0.000      0.000   0.000   0.0000  0.0000      0.000      0.000   3345.494   3611.800   3344.650   3474.236 N000566
     0.000      0.000   0.000      0.000      0.000   0.000   0.0000  0.0000      0.000      0.000   2204.946   3617.248   2198.186   3574.852 N000567
     0.000      0.000   0.000      0.000      0.000   0.000   0.0000  0.0000      0.000      0.000   2159.944   3622.311   2152.438   3584.035 N000568
     0.000      0.000   0.000      0.000      0.000   0.000   0.0000  0.0000      0.000      0.000   1619.021   3659.017   1599.518   3670.962 N000569
   835.799   3644.090  -9.143    806.846   3797.441  -9.139  -0.1386  0.0903    854.688   3709.416    854.827   3709.325    806.993   3797.332 N000570
     0.000      0.000   0.000      0.000      0.000   0.000   0.0000  0.0000      0.000      0.000    863.390   3709.325    815.942   3796.470 N000571
     0.000      0.000   0.000      0.000      0.000   0.000   0.0000  0.0000      0.000      0.000   2600.900   3722.185   2598.083   3648.908 N000572
  4043.848   3666.777  -8.973   4056.412   3542.038  -8.969  -0.0961  0.0550   4062.872   3732.074   4062.968   3732.019   4056.507   3541.975 N000573
     0.000      0.000   0.000      0.000      0.000   0.000   0.0000  0.0000      0.000      0.000   2884.475   3739.308   2883.440   3642.638 N000574
   808.244   3687.189  -9.121    777.030   3845.456  -9.117   0.1072  0.0527    827.132   3752.516    827.025   3752.463    776.919   3845.412 N000575
  3546.204   3689.009 -10.244   3563.483   3603.012 -10.240   0.0473  0.0087   3565.207   3754.311   3565.159   3754.302   3563.435   3603.007 N000576
  1981.046   3694.719 -10.486   1988.142   3740.940 -10.482   0.0461  0.1475   1999.984   3760.035   1999.938   3759.888   1988.097   3740.790 N000577
  1457.610   3696.009 -10.146   1451.287   3790.862 -10.142   0.1101  0.0091   1476.526   3761.330   1476.416   3761.321   1451.173   3790.863 N000578
  2609.418   3704.648  -9.327   2625.521   3695.889  -9.323   0.9184  0.6476   2628.382   3769.958   2627.464   3769.311   2624.599   3695.299 N000579
  3489.502   3720.241 -10.618   3507.136   3639.542 -10.613   0.0015  0.0415   3508.502   3785.545   3508.501   3785.503   3507.134   3639.499 N000580
     0.000      0.000   0.000      0.000      0.000   0.000   0.0000  0.0000      0.000      0.000    777.164   3787.273    723.872   3887.077 N000581
     0.000      0.000   0.000      0.000      0.000   0.000   0.0000  0.0000      0.000      0.000   3876.990   3797.800   3872.976   3623.403 N000582
  1977.662   3747.487  -9.903   1984.066   3796.052  -9.899   0.1618 -0.0130   1996.599   3812.805   1996.437   3812.818   1983.901   3796.080 N000583
  1944.936   3779.382 -10.115   1950.255   3832.205 -10.110  -0.0638 -0.1183   1963.872   3844.701   1963.936   3844.819   1950.319   3832.322 N000584
     0.000      0.000   0.000      0.000      0.000   0.000   0.0000  0.0000      0.000      0.000   1531.918   3863.824   1506.676   3892.576 N000585
     0.000      0.000   0.000      0.000      0.000   0.000   0.0000  0.0000      0.000      0.000   1648.541   3866.823   1626.707   3884.610 N000586
     0.000      0.000   0.000      0.000      0.000   0.000   0.0000  0.0000      0.000      0.000   2645.965   3890.814   2642.492   3819.395 N000587
     0.000      0.000   0.000      0.000      0.000   0.000   0.0000  0.0000      0.000      0.000    936.293   3906.830    887.526   3996.586 N000588
     0.000      0.000   0.000      0.000      0.000   0.000   0.0000  0.0000      0.000      0.000   2053.940   3932.857   2041.142   3915.728 N000589
  3376.347   3871.496 -10.261   3394.449   3804.262 -10.257  -0.1533 -0.0042   3395.343   3936.804   3395.496   3936.809   3394.602   3804.254 N000590
     0.000      0.000   0.000      0.000      0.000   0.000   0.0000  0.0000      0.000      0.000   3865.116   3937.604   3861.781   3767.847 N000591
     0.000      0.000   0.000      0.000      0.000   0.000   0.0000  0.0000      0.000      0.000   1329.910   3970.329   1295.891   4023.760 N000592
   961.394   3908.510  -9.871    931.894   4062.688  -9.867  -0.0784  0.0096    980.289   3973.842    980.367   3973.832    931.976   4062.670 N000593
  1786.451   3908.749 -10.887   1786.182   3981.822 -10.882  -0.0213  0.0826   1805.380   3974.073   1805.402   3973.991   1786.205   3981.734 N000594
  1002.673   3915.059  -9.809    974.866   4065.365  -9.804   0.1206  0.0586   1021.570   3980.390   1021.449   3980.332    974.741   4065.316 N000595
  3265.251   3919.394  -8.598   3283.418   3862.760  -8.594  -0.2490 -0.1058   3284.243   3984.705   3284.492   3984.811   3283.667   3862.849 N000596
  1338.214   3948.553 -12.535   1323.230   4066.819 -12.531   0.0398  0.0529   1357.125   4013.883   1357.085   4013.830   1323.190   4066.767 N000597
  1290.585   3957.109 -11.289   1273.651   4080.550 -11.285   0.0850  0.1091   1309.494   4022.439   1309.409   4022.330   1273.565   4080.444 N000598
  1938.433   3984.634 -11.555   1940.875   4046.890 -11.551  -0.0667  0.1343   1957.369   4049.959   1957.436   4049.825   1940.945   4046.743 N000599
  3642.812   3990.029  -9.329   3660.143   3905.158  -9.325  -0.1880 -0.0043   3661.820   4055.339   3662.008   4055.343   3660.329   3905.148 N000600
     0.000      0.000   0.000      0.000      0.000   0.000   0.0000  0.0000      0.000      0.000   1796.929   4090.328     -1.000     -1.000 N000601
  2733.043   4037.088  -9.558   2748.144   4029.811  -9.553   0.0430  0.0883   2752.012   4102.408   2751.969   4102.319   2748.101   4029.723 N000602
     0.000      0.000   0.000      0.000      0.000   0.000   0.0000  0.0000      0.000      0.000   2388.354   4178.325     -1.000     -1.000 N000603
