     0.000      0.000   0.000      0.000      0.000   0.000   0.0000  0.0000      0.000      0.000    272.413   -140.700     -1.000     -1.000 N000001
     0.000      0.000   0.000      0.000      0.000   0.000   0.0000  0.0000      0.000      0.000    462.418   -117.035    443.275      4.420 N000002
     0.000      0.000   0.000      0.000      0.000   0.000   0.0000  0.0000      0.000      0.000    867.428   -113.538     -1.000     -1.000 N000003
   332.325    -48.881 -11.522    311.588     91.138 -11.523  -0.1474  0.1193    334.739    -37.915    334.887    -38.034    311.740     91.010 N000004
     0.000      0.000   0.000      0.000      0.000   0.000   0.0000  0.0000      0.000      0.000   2318.964    -15.400     -1.000     -1.000 N000005
   724.990     -9.095  -9.921    714.672    103.990  -9.922  -0.0097 -0.0947    727.414      1.868    727.424      1.962    714.682    104.083 N000006
  1272.485     -5.954 -10.347   1270.833     71.392 -10.347  -0.0150  0.0461   1274.923      5.004   1274.938      4.958   1270.848     71.346 N000007
  2819.514     28.832  -8.702   2811.056     10.342  -8.702   0.0145 -0.1679   2821.991     39.777   2821.977     39.945   2811.043     10.506 N000008
   764.775     70.896  -8.860    755.205    180.174  -8.861   0.0478 -0.1498    767.200     81.857    767.152     82.007    755.156    180.325 N000009
  2272.995     90.631 -11.138   2271.968    103.353 -11.139  -0.0046  0.1314   2275.458    101.581   2275.463    101.449   2271.972    103.225 N000010
  3387.680     96.255 -13.511   3367.751     42.397 -13.512   0.1797 -0.0364   3390.170    107.196   3389.991    107.232   3367.576     42.443 N000011
   132.951    102.761 -12.949    104.739    255.079 -12.950  -0.0493 -0.1525    135.359    113.727    135.409    113.880    104.789    255.227 N000012
     0.000      0.000   0.000      0.000      0.000   0.000   0.0000  0.0000      0.000      0.000    540.452    121.463    522.858    234.618 N000013
   441.586    138.814 -10.298    423.567    269.260 -10.299   0.0863 -0.1861    444.003    149.778    443.916    149.964    423.477    269.450 N000014
  2368.350    183.373 -12.049   2366.904    187.970 -12.050  -0.1497 -0.1265   2370.815    194.322   2370.965    194.448   2367.053    188.084 N000015
     0.000      0.000   0.000      0.000      0.000   0.000   0.0000  0.0000      0.000      0.000   1836.451    198.453   1835.252    225.299 N000016
  1620.249    221.181  -9.949   1621.197    271.934  -9.950   0.2493  0.1579   1622.695    232.135   1622.446    231.977   1620.947    271.795 N000017
  2881.781    221.475 -10.951   2873.612    193.880 -10.952  -0.1898 -0.0245   2884.258    232.419   2884.448    232.444   2873.799    193.892 N000018
  1939.185    290.903 -10.876   1940.584    319.917 -10.876   0.1846 -0.0966   1941.638    301.855   1941.453    301.951   1940.400    320.023 N000019
   687.888    302.656  -8.969    675.928    414.350  -8.970  -0.0498  0.2810    690.309    313.617    690.359    313.336    675.980    414.068 N000020
     0.000      0.000   0.000      0.000      0.000   0.000   0.0000  0.0000      0.000      0.000   1872.451    332.952   1871.546    354.815 N000021
     0.000      0.000   0.000      0.000      0.000   0.000   0.0000  0.0000      0.000      0.000   1468.941    333.455   1466.668    381.455 N000022
  2178.152    350.863 -11.767   2178.831    363.508 -11.767   0.1518 -0.1371   2180.611    361.812   2180.459    361.949   2178.681    363.652 N000023
  1247.440    353.511 -10.423   1245.489    426.498 -10.423  -0.0595  0.0111   1249.876    364.468   1249.935    364.457   1245.549    426.483 N000024
     0.000      0.000   0.000      0.000      0.000   0.000   0.0000  0.0000      0.000      0.000   3702.497    395.151   3674.554    303.315 N000025
     0.000      0.000   0.000      0.000      0.000   0.000   0.0000  0.0000      0.000      0.000   1500.442    402.454   1498.397    447.270 N000026
   997.392    398.972 -10.741    991.637    488.295 -10.742  -0.1079 -0.0280    999.821    409.931    999.929    409.958    991.747    488.315 N000027
  1082.496    408.691  -8.824   1078.146    492.082  -8.825  -0.0041  0.1909   1084.927    419.649   1084.931    419.458   1078.150    491.893 N000028
  1120.654    414.346  -8.828   1116.887    495.069  -8.829   0.1537 -0.1538   1123.086    425.304   1122.932    425.457   1116.731    495.231 N000029
     0.000      0.000   0.000      0.000      0.000   0.000   0.0000  0.0000      0.000      0.000   1097.031    431.458   1090.416    502.921 N000030
  3131.654    421.701 -10.386   3120.242    373.666 -10.386   0.1542  0.1681   3134.137    432.643   3133.983    432.475   3120.089    373.512 N000031
  3177.498    447.725 -13.306   3165.353    396.229 -13.307  -0.0016  0.1794   3179.982    458.666   3179.984    458.486   3165.353    396.054 N000032
  2468.025    458.826  -8.853   2466.851    450.895  -8.854   0.0251 -0.1742   2470.491    469.772   2470.466    469.946   2466.827    451.067 N000033
     0.000      0.000   0.000      0.000      0.000   0.000   0.0000  0.0000      0.000      0.000    198.075    489.381    167.463    624.039 N000034
  2063.294    484.554  -9.262   2064.856    501.871  -9.263  -0.2057  0.0537   2065.750    495.503   2065.955    495.450   2065.061    501.805 N000035
   166.823    499.557 -12.810    137.359    647.236 -12.811  -0.1766  0.0574    169.231    510.522    169.408    510.465    137.543    647.166 N000036
     0.000      0.000   0.000      0.000      0.000   0.000   0.0000  0.0000      0.000      0.000   2320.262    533.447   2318.157    522.765 N000037
  1581.314    530.595  -8.806   1582.230    578.729  -8.807  -0.1865  0.0946   1583.757    541.548   1583.943    541.453   1582.418    578.623 N000038
  1791.303    555.950 -13.049   1793.086    589.764 -13.049  -0.1974 -0.0499   1793.751    566.902   1793.948    566.951   1793.284    589.800 N000039
     0.000      0.000   0.000      0.000      0.000   0.000   0.0000  0.0000      0.000      0.000   1437.439    571.454   1434.781    618.044 N000040
     0.000      0.000   0.000      0.000      0.000   0.000   0.0000  0.0000      0.000      0.000   2794.973    579.943   2787.893    538.281 N000041
     0.000      0.000   0.000      0.000      0.000   0.000   0.0000  0.0000      0.000      0.000   2409.047    581.446   2406.414    564.140 N000042
     0.000      0.000   0.000      0.000      0.000   0.000   0.0000  0.0000      0.000      0.000   3257.818    590.440   3242.561    519.895 N000043
     0.000      0.000   0.000      0.000      0.000   0.000   0.0000  0.0000      0.000      0.000   1817.249    590.951   1816.645    611.882 N000044
     0.000      0.000   0.000      0.000      0.000   0.000   0.0000  0.0000      0.000      0.000   2734.972    610.444   2728.887    571.879 N000045
     0.000      0.000   0.000      0.000      0.000   0.000   0.0000  0.0000      0.000      0.000     71.905    619.465     35.221    763.248 N000046
     0.000      0.000   0.000      0.000      0.000   0.000   0.0000  0.0000      0.000      0.000   2021.454    625.449   2020.913    632.383 N000047
  2900.239    615.980  -8.837   2894.271    577.471  -8.838   0.1322 -0.0200   2902.715    626.922   2902.583    626.942   2894.141    577.499 N000048
  1143.967    617.029  -9.232   1140.024    693.863  -9.233  -0.0328  0.0292   1146.399    627.986   1146.432    627.956   1140.057    693.832 N000049
  2361.167    627.458 -11.908   2361.550    622.901 -11.909   0.1671 -0.0417   2363.629    638.405   2363.462    638.447   2361.384    622.953 N000050
     0.000      0.000   0.000      0.000      0.000   0.000   0.0000  0.0000      0.000      0.000   2144.457    661.948   2143.659    660.219 N000051
     0.000      0.000   0.000      0.000      0.000   0.000   0.0000  0.0000      0.000      0.000   1652.444    677.952   1651.248    708.614 N000052
     0.000      0.000   0.000      0.000      0.000   0.000   0.0000  0.0000      0.000      0.000   1461.439    679.154   1458.847    722.767 N000053
     0.000      0.000   0.000      0.000      0.000   0.000   0.0000  0.0000      0.000      0.000    399.475    680.900    374.628    800.051 N000054
  2584.556    677.275 -11.000   2583.083    657.432 -11.001   0.0562 -0.2252   2587.024    688.219   2586.968    688.445   2583.028    657.656 N000055
  3247.584    678.579 -12.377   3235.708    617.039 -12.378   0.0844  0.0791   3250.069    689.518   3249.984    689.439   3235.625    616.967 N000056
     0.000      0.000   0.000      0.000      0.000   0.000   0.0000  0.0000      0.000      0.000   1470.439    706.453   1467.882    749.131 N000057
  4070.200    713.575 -11.483   4037.228    601.450 -11.484   0.2002  0.0746   4072.705    724.507   4072.505    724.432   4037.034    601.389 N000058
   585.618    729.131  -9.446    568.683    845.115  -9.446   0.1183  0.1310    588.035    740.091    587.917    739.960    568.562    844.993 N000059
     0.000      0.000   0.000      0.000      0.000   0.000   0.0000  0.0000      0.000      0.000   1774.847    741.851   1774.160    763.412 N000060
  2832.701    735.968 -10.436   2828.393    699.142 -10.436   0.2013 -0.0323   2835.175    746.910   2834.974    746.942   2828.194    699.186 N000061
     0.000      0.000   0.000      0.000      0.000   0.000   0.0000  0.0000      0.000      0.000   1307.035    753.755   1302.578    807.220 N000062
     0.000      0.000   0.000      0.000      0.000   0.000   0.0000  0.0000      0.000      0.000   3793.498    754.435   3766.540    647.235 N000063
     0.000      0.000   0.000      0.000      0.000   0.000   0.0000  0.0000      0.000      0.000   2522.778    755.382   2519.741    727.436 N000064
  3816.845    751.924  -9.372   3791.748    653.887  -9.372  -0.1552 -0.0757   3819.343    762.859   3819.499    762.934   3791.900    653.951 N000065
  1728.680    757.654  -9.218   1730.259    792.765  -9.218   0.1805  0.1539   1731.126    768.605   1730.946    768.451   1730.078    792.625 N000066
     0.000      0.000   0.000      0.000      0.000   0.000   0.0000  0.0000      0.000      0.000   3284.485    790.939   3270.133    713.992 N000067
  1326.785    782.493  -9.389   1324.929    844.990  -9.389  -0.2148 -0.0066   1329.221    793.448   1329.435    793.454   1325.146    844.981 N000068
   498.568    783.970 -10.646    478.588    906.241 -10.646   0.0680 -0.0303    500.983    794.931    500.915    794.961    478.518    906.276 N000069
  1513.515    788.634  -9.417   1513.632    838.096  -9.418   0.0147  0.1337   1515.955    799.586   1515.940    799.453   1513.618    837.965 N000070
     0.000      0.000   0.000      0.000      0.000   0.000   0.0000  0.0000      0.000      0.000   1619.943    799.952   1618.421    831.302 N000071
   937.607    793.522 -10.418    929.151    883.544 -10.419   0.1066  0.0221    940.032    804.479    939.926    804.457    929.043    883.530 N000072
     0.000      0.000   0.000      0.000      0.000   0.000   0.0000  0.0000      0.000      0.000   2847.890    811.109   2841.244    761.242 N000073
  1204.580    806.590 -12.033   1200.939    877.467 -12.034   0.0797  0.0901   1207.012    817.545   1206.932    817.455   1200.858    877.383 N000074
  2075.604    813.658  -8.486   2077.677    824.672  -8.486   0.1039  0.1585   2078.058    824.607   2077.954    824.448   2077.573    824.523 N000075
     0.000      0.000   0.000      0.000      0.000   0.000   0.0000  0.0000      0.000      0.000   2206.457    827.947   2205.728    819.431 N000076
  3008.893    818.778 -10.595   3002.318    769.087 -10.595  -0.0823 -0.1471   3011.371    829.719   3011.453    829.866   3002.399    769.226 N000077
  2107.403    841.034 -10.333   2109.440    849.530 -10.333  -0.0972  0.0340   2109.858    851.982   2109.955    851.948   2109.537    849.490 N000078
   144.208    843.029 -11.217    110.807    992.210 -11.218   0.2081  0.0291    146.613    853.993    146.405    853.964    110.592    992.197 N000079
  1604.618    846.789 -10.988   1605.358    889.342 -10.989   0.1180 -0.2112   1607.060    857.741   1606.942    857.952   1605.239    889.559 N000080
  1555.814    847.331 -10.412   1556.170    893.254 -10.412  -0.1613 -0.1688   1558.255    858.283   1558.416    858.452   1556.332    893.410 N000081
     0.000      0.000   0.000      0.000      0.000   0.000   0.0000  0.0000      0.000      0.000   2184.957    878.916   2184.373    871.068 N000082
  2864.420    871.893  -9.057   2860.324    830.370  -9.058  -0.0803 -0.2495   2866.894    882.835   2866.974    883.084   2860.405    830.610 N000083
  2768.814    873.211 -10.098   2766.000    837.813 -10.099  -0.1856  0.2105   2771.286    884.153   2771.471    883.942   2766.182    837.594 N000084
     0.000      0.000   0.000      0.000      0.000   0.000   0.0000  0.0000      0.000      0.000   2555.716    904.527   2552.866    871.823 N000085
     0.000      0.000   0.000      0.000      0.000   0.000   0.0000  0.0000      0.000      0.000   2333.960    913.946   2332.777    895.686 N000086
     0.000      0.000   0.000      0.000      0.000   0.000   0.0000  0.0000      0.000      0.000    393.911    928.336    366.836   1047.621 N000087
  1290.758    919.484  -8.941   1287.951    983.393  -8.941  -0.1749 -0.0159   1293.192    930.438   1293.367    930.454   1288.128    983.396 N000088
  2812.111    934.380 -10.066   2809.005    895.085 -10.066   0.1115 -0.1203   2814.584    945.321   2814.472    945.442   2808.895    895.210 N000089
  2391.535    936.932 -13.221   2392.524    925.130 -13.221   0.0347 -0.0682   2393.996    947.877   2393.962    947.945   2392.490    925.199 N000090
   538.665    937.356 -10.035    518.727   1056.400 -10.036   0.1650 -0.1439    541.080    948.316    540.915    948.460    518.555   1056.556 N000091
     0.000      0.000   0.000      0.000      0.000   0.000   0.0000  0.0000      0.000      0.000   2152.080    954.947   2151.664    948.252 N000092
     0.000      0.000   0.000      0.000      0.000   0.000   0.0000  0.0000      0.000      0.000   2882.974    958.441   2876.532    903.552 N000093
     0.000      0.000   0.000      0.000      0.000   0.000   0.0000  0.0000      0.000      0.000   1554.440    961.452   1552.089    995.711 N000094
  1807.699    952.806  -9.409   1809.439    980.228  -9.409   0.1638 -0.1942   1810.146    963.756   1809.982    963.950   1809.274    980.431 N000095
  2325.107    956.572 -11.670   2326.513    948.897 -11.670   0.1065  0.0717   2327.566    967.517   2327.460    967.446   2326.407    948.833 N000096
     0.000      0.000   0.000      0.000      0.000   0.000   0.0000  0.0000      0.000      0.000   2171.956    969.447   2171.501    961.224 N000097
  1059.283    965.054 -10.721   1052.397   1045.361 -10.722  -0.1875  0.0541   1061.711    976.010   1061.898    975.956   1052.589   1045.293 N000098
     0.000      0.000   0.000      0.000      0.000   0.000   0.0000  0.0000      0.000      0.000   2403.462    980.070   2401.999    956.219 N000099
     0.000      0.000   0.000      0.000      0.000   0.000   0.0000  0.0000      0.000      0.000   1089.429    984.955   1080.591   1052.247 N000100
     0.000      0.000   0.000      0.000      0.000   0.000   0.0000  0.0000      0.000      0.000   2043.453    984.748   2043.177    985.025 N000101
     0.000      0.000   0.000      0.000      0.000   0.000   0.0000  0.0000      0.000      0.000   1956.950   1000.498   1956.613   1006.490 N000102
  1409.971   1007.813  -9.872   1408.395   1062.612  -9.873  -0.0293 -0.1601   1412.407   1018.766   1412.437   1018.926   1408.424   1062.769 N000103
  2129.903   1017.189 -10.646   2132.024   1021.853 -10.646  -0.0970  0.1891   2132.358   1028.136   2132.455   1027.947   2132.121   1021.659 N000104
     0.000      0.000   0.000      0.000      0.000   0.000   0.0000  0.0000      0.000      0.000   1974.951   1033.948   1974.626   1038.336 N000105
   533.151   1023.612 -10.652    512.291   1143.093 -10.652   0.1513  0.1116    535.566   1034.571    535.414   1034.460    512.136   1142.993 N000106
  1799.388   1028.631  -8.680   1800.998   1055.861  -8.680  -0.1124  0.1863   1801.834   1039.580   1801.946   1039.394   1801.111   1055.669 N000107
  3751.050   1029.750 -10.519   3730.247    929.141 -10.519   0.0499  0.2029   3753.545   1040.684   3753.496   1040.481   3730.197    928.946 N000108
  2360.188   1044.839 -10.960   2361.561   1033.605 -10.960   0.1876 -0.1609   2362.648   1055.784   2362.460   1055.945   2361.374   1033.776 N000109
     0.000      0.000   0.000      0.000      0.000   0.000   0.0000  0.0000      0.000      0.000   1736.944   1062.950   1735.726   1083.546 N000110
     0.000      0.000   0.000      0.000      0.000   0.000   0.0000  0.0000      0.000      0.000   1828.447   1067.949   1827.682   1082.110 N000111
  3739.586   1057.361 -10.465   3719.318    956.871 -10.465   0.0613 -0.1386   3742.081   1068.295   3742.020   1068.434   3719.259    957.010 N000112
  3082.886   1059.418 -10.391   3076.403   1000.423 -10.392  -0.1138 -0.0816   3085.365   1070.357   3085.479   1070.439   3076.515   1000.496 N000113
  1396.365   1068.056 -11.489   1394.398   1123.444 -11.489  -0.1353  0.0562   1398.801   1079.009   1398.936   1078.953   1394.535   1123.378 N000114
  2833.766   1071.839 -10.931   2830.950   1028.820 -10.932  -0.2339 -0.1613   2836.238   1082.780   2836.472   1082.941   2831.181   1028.963 N000115
  1840.308   1077.005  -8.608   1842.023   1100.934  -8.609  -0.1919  0.0053   1842.755   1087.954   1842.947   1087.949   1842.216   1100.915 N000116
     0.000      0.000   0.000      0.000      0.000   0.000   0.0000  0.0000      0.000      0.000    952.425   1102.456    940.033   1179.457 N000117
     0.000      0.000   0.000      0.000      0.000   0.000   0.0000  0.0000      0.000      0.000   2737.970   1102.442   2733.913   1054.636 N000118
  1511.489   1095.071 -10.577   1510.761   1142.053 -10.577  -0.0112  0.0714   1513.927   1106.023   1513.939   1105.952   1510.773   1141.981 N000119
  1721.854   1099.433 -10.708   1722.899   1131.474 -10.708  -0.1461 -0.0665   1724.298   1110.383   1724.444   1110.450   1723.046   1131.530 N000120
     0.000      0.000   0.000      0.000      0.000   0.000   0.0000  0.0000      0.000      0.000   1215.931   1123.891   1208.613   1181.362 N000121
  2263.836   1113.182 -12.388   2265.695   1107.603 -12.389  -0.1641  0.1818   2266.293   1124.127   2266.458   1123.945   2265.859   1107.412 N000122
  1165.678   1119.740 -10.376   1159.919   1191.652 -10.377   0.1779  0.1654   1168.108   1130.695   1167.930   1130.529   1159.739   1191.500 N000123
  2214.180   1122.347  -8.739   2216.185   1120.045  -8.739   0.0796 -0.0530   2216.636   1133.293   2216.556   1133.346   2216.105   1120.103 N000124
     0.000      0.000   0.000      0.000      0.000   0.000   0.0000  0.0000      0.000      0.000    457.912   1140.960    431.026   1255.701 N000125
  1378.427   1148.727  -9.741   1375.881   1204.990  -9.742  -0.0731  0.2266   1380.862   1159.679   1380.935   1159.452   1375.956   1204.759 N000126
  2630.433   1168.157 -12.867   2630.118   1137.184 -12.868  -0.0672  0.1570   2632.899   1179.099   2632.967   1178.942   2630.184   1137.025 N000127
     0.000      0.000   0.000      0.000      0.000   0.000   0.0000  0.0000      0.000      0.000    191.905   1192.962    154.220   1329.054 N000128
     0.000      0.000   0.000      0.000      0.000   0.000   0.0000  0.0000      0.000      0.000   1487.938   1208.478   1484.097   1245.809 N000129
  1014.417   1211.766 -10.868   1005.046   1294.764 -10.868  -0.0601 -0.2110   1016.843   1222.721   1016.903   1222.932   1005.106   1294.970 N000130
     0.000      0.000   0.000      0.000      0.000   0.000   0.0000  0.0000      0.000      0.000    774.848   1223.028    757.070   1313.461 N000131
  2029.227   1212.468  -9.868   2031.288   1222.031  -9.869   0.2272 -0.0320   2031.678   1223.415   2031.451   1223.447   2031.061   1222.079 N000132
  3112.930   1219.792 -14.134   3106.776   1156.188 -14.134  -0.0703 -0.0209   3115.408   1230.730   3115.479   1230.751   3106.845   1156.204 N000133
  1083.734   1226.644 -11.216   1075.731   1304.426 -11.217   0.2109  0.1444   1086.161   1237.599   1085.950   1237.454   1075.517   1304.298 N000134
     0.000      0.000   0.000      0.000      0.000   0.000   0.0000  0.0000      0.000      0.000   1363.768   1239.452   1358.168   1285.701 N000135
     0.000      0.000   0.000      0.000      0.000   0.000   0.0000  0.0000      0.000      0.000   1439.436   1239.952   1434.868   1280.671 N000136
  2254.099   1233.957  -8.670   2256.039   1227.740  -8.671   0.0279  0.0284   2256.556   1244.902   2256.528   1244.874   2256.011   1227.714 N000137
  2133.132   1238.168 -12.778   2135.237   1240.273 -12.778   0.1325  0.1684   2135.586   1249.114   2135.454   1248.946   2135.105   1240.115 N000138
     0.000      0.000   0.000      0.000      0.000   0.000   0.0000  0.0000      0.000      0.000   1474.937   1255.451   1470.748   1293.527 N000139
  1563.668   1253.045 -10.266   1562.909   1295.418 -10.266   0.1679  0.0448   1566.107   1263.995   1565.939   1263.950   1562.739   1295.386 N000140
  1880.987   1253.342  -8.789   1882.564   1273.001  -8.789  -0.1133 -0.1579   1883.434   1264.290   1883.547   1264.448   1882.677   1273.150 N000141
     0.000      0.000   0.000      0.000      0.000   0.000   0.0000  0.0000      0.000      0.000   1785.645   1265.449   1784.260   1281.097 N000142
     0.000      0.000   0.000      0.000      0.000   0.000   0.0000  0.0000      0.000      0.000   2119.953   1271.413   2119.589   1263.465 N000143
     0.000      0.000   0.000      0.000      0.000   0.000   0.0000  0.0000      0.000      0.000   1506.574   1278.860   1502.659   1314.543 N000144
     0.000      0.000   0.000      0.000      0.000   0.000   0.0000  0.0000      0.000      0.000   2438.961   1280.943   2437.746   1250.917 N000145
  1932.068   1271.618  -9.490   1933.810   1287.538  -9.490   0.0677  0.1176   1934.516   1282.565   1934.448   1282.447   1933.742   1287.426 N000146
  1282.692   1277.865 -10.133   1278.046   1340.743 -10.134  -0.3639  1.3645   1285.124   1288.817   1285.488   1287.453   1278.424   1339.354 N000147
  3627.273   1281.758 -10.975   3611.498   1183.980 -10.975  -0.2266  0.0997   3629.765   1292.691   3629.991   1292.592   3611.718   1183.868 N000148
     0.000      0.000   0.000      0.000      0.000   0.000   0.0000  0.0000      0.000      0.000   1350.934   1299.452   1344.835   1346.484 N000149
     0.000      0.000   0.000      0.000      0.000   0.000   0.0000  0.0000      0.000      0.000   1997.378   1306.375   1996.818   1306.747 N000150
  2789.716   1307.654 -10.997   2788.204   1264.231 -10.998   0.1109  0.1540   2792.186   1318.594   2792.075   1318.440   2788.094   1264.086 N000151
  1347.566   1308.887  -9.711   1343.777   1366.899  -9.712   0.0664 -0.1135   1350.000   1319.839   1349.934   1319.952   1343.709   1367.017 N000152
     0.000      0.000   0.000      0.000      0.000   0.000   0.0000  0.0000      0.000      0.000   1261.431   1324.953   1253.748   1378.591 N000153
  1455.871   1344.606 -12.727   1453.438   1394.545 -12.728  -0.1294  0.1063   1458.307   1355.557   1458.436   1355.451   1453.570   1394.429 N000154
  3638.786   1344.343 -14.305   3623.201   1244.776 -14.306   0.0684 -0.1783   3641.277   1355.277   3641.208   1355.455   3623.135   1244.956 N000155
  1954.404   1350.022 -10.970   1956.065   1363.858 -10.970  -0.0965  0.0216   1956.852   1360.969   1956.949   1360.947   1956.162   1363.830 N000156
     0.000      0.000   0.000      0.000      0.000   0.000   0.0000  0.0000      0.000      0.000   2590.965   1362.692   2588.904   1321.440 N000157
     0.000      0.000   0.000      0.000      0.000   0.000   0.0000  0.0000      0.000      0.000   1465.036   1366.251   1460.202   1404.719 N000158
     0.000      0.000   0.000      0.000      0.000   0.000   0.0000  0.0000      0.000      0.000   1731.443   1367.949   1729.371   1386.959 N000159
  1370.730   1357.850 -11.855   1367.024   1414.067 -11.856   0.1052 -0.1502   1373.164   1368.801   1373.059   1368.952   1366.916   1414.225 N000160
  3972.443   1361.095  -9.259   3948.718   1240.162  -9.260  -0.0567  0.0949   3974.943   1372.026   3975.000   1371.931   3948.773   1240.065 N000161
  1747.039   1367.990 -11.122   1747.514   1396.600 -11.122   0.0393 -0.0098   1749.483   1378.939   1749.443   1378.949   1747.474   1396.613 N000162
     0.000      0.000   0.000      0.000      0.000   0.000   0.0000  0.0000      0.000      0.000   2202.955   1378.945   2202.490   1364.354 N000163
  2508.975   1369.534  -8.872   2509.924   1344.490  -8.873  -0.0248  0.1592   2511.438   1380.477   2511.463   1380.317   2509.949   1344.331 N000164
  2192.666   1374.675 -10.948   2194.654   1371.530 -10.948   0.1656  0.1750   2195.120   1385.620   2194.955   1385.445   2194.489   1371.368 N000165
     0.000      0.000   0.000      0.000      0.000   0.000   0.0000  0.0000      0.000      0.000   2945.473   1389.828   2939.933   1324.323 N000166
  1403.801   1387.459  -9.067   1400.419   1441.181  -9.068  -0.1993 -0.0407   1406.235   1398.411   1406.435   1398.451   1400.621   1441.207 N000167
     0.000      0.000   0.000      0.000      0.000   0.000   0.0000  0.0000      0.000      0.000   1004.393   1398.954    990.964   1472.107 N000168
  3367.904   1391.503  -8.883   3358.234   1308.690  -8.884  -0.0242  0.0035   3370.388   1402.439   3370.413   1402.435   3358.258   1308.685 N000169
     0.000      0.000   0.000      0.000      0.000   0.000   0.0000  0.0000      0.000      0.000   2180.954   1413.345   2180.467   1400.060 N000170
     0.000      0.000   0.000      0.000      0.000   0.000   0.0000  0.0000      0.000      0.000   1668.941   1413.949   1666.166   1437.335 N000171
     0.000      0.000   0.000      0.000      0.000   0.000   0.0000  0.0000      0.000      0.000   3368.984   1414.435   3356.925   1320.607 N000172
  1633.775   1412.369  -9.608   1633.082   1449.072  -9.608  -0.1414 -0.1308   1636.215   1423.318   1636.357   1423.449   1633.224   1449.192 N000173
     0.000      0.000   0.000      0.000      0.000   0.000   0.0000  0.0000      0.000      0.000   1152.928   1432.953   1142.480   1494.802 N000174
     0.000      0.000   0.000      0.000      0.000   0.000   0.0000  0.0000      0.000      0.000   2174.954   1436.070   2174.444   1423.063 N000175
  3240.982   1428.388  -9.274   3233.763   1353.392  -9.275  -0.0176 -0.1121   3243.463   1439.324   3243.481   1439.436   3233.781   1353.501 N000176
  1902.990   1429.132  -9.563   1904.251   1446.249  -9.564  -0.0363  0.1580   1905.437   1440.079   1905.473   1439.921   1904.288   1446.089 N000177
     0.000      0.000   0.000      0.000      0.000   0.000   0.0000  0.0000      0.000      0.000   1400.434   1443.422   1394.279   1486.592 N000178
     0.000      0.000   0.000      0.000      0.000   0.000   0.0000  0.0000      0.000      0.000    612.414   1446.457    587.500   1550.538 N000179
  2587.939   1456.137  -9.766   2588.491   1424.873  -9.767  -0.0608  0.1369   2590.403   1467.078   2590.464   1466.941   2588.551   1424.733 N000180
     0.000      0.000   0.000      0.000      0.000   0.000   0.0000  0.0000      0.000      0.000   2420.460   1470.443   2419.454   1439.987 N000181
  2121.039   1466.536  -9.246   2122.899   1467.885  -9.247   0.0391  0.0358   2123.491   1477.481   2123.452   1477.445   2122.860   1467.852 N000182
     0.000      0.000   0.000      0.000      0.000   0.000   0.0000  0.0000      0.000      0.000    922.700   1480.566    906.553   1560.329 N000183
  2899.668   1480.400 -10.134   2897.444   1427.615 -10.135   0.1416 -0.0996   2902.140   1491.339   2901.998   1491.439   2897.304   1427.723 N000184
     0.000      0.000   0.000      0.000      0.000   0.000   0.0000  0.0000      0.000      0.000   1212.629   1495.652   1202.906   1553.063 N000185
  1836.352   1487.310 -12.713   1837.060   1509.042 -12.713  -0.1481 -0.1902   1838.797   1498.257   1838.945   1498.447   1837.209   1509.221 N000186
     0.000      0.000   0.000      0.000      0.000   0.000   0.0000  0.0000      0.000      0.000   1465.969   1501.450   1460.422   1539.713 N000187
  1754.200   1492.465 -10.874   1754.282   1520.174 -10.875   0.1997 -0.0350   1756.643   1503.413   1756.443   1503.448   1754.081   1520.224 N000188
     0.000      0.000   0.000      0.000      0.000   0.000   0.0000  0.0000      0.000      0.000   1532.937   1507.450   1528.242   1540.715 N000189
  1563.915   1502.011  -9.258   1562.034   1543.738  -9.259  -0.0852  0.0115   1566.353   1512.961   1566.438   1512.949   1562.120   1543.720 N000190
     0.000      0.000   0.000      0.000      0.000   0.000   0.0000  0.0000      0.000      0.000   2127.424   1514.445   2126.780   1504.386 N000191
     0.000      0.000   0.000      0.000      0.000   0.000   0.0000  0.0000      0.000      0.000   1163.564   1518.453   1152.687   1579.680 N000192
     0.000      0.000   0.000      0.000      0.000   0.000   0.0000  0.0000      0.000      0.000   2265.539   1523.027   2264.901   1503.114 N000193
  1399.495   1535.285 -11.684   1395.165   1589.342 -11.684  -0.0053 -0.2149   1401.928   1546.236   1401.934   1546.451   1395.169   1589.557 N000194
  2175.717   1535.534 -10.309   2177.521   1532.651 -10.309   0.1333  0.0338   2178.170   1546.478   2178.037   1546.444   2177.388   1532.627 N000195
  2231.982   1536.802 -10.474   2233.792   1529.908 -10.475   0.0088 -0.1192   2234.437   1547.746   2234.428   1547.865   2233.783   1530.027 N000196
  4004.609   1538.904 -12.295   3981.626   1412.970 -12.295   0.1089 -0.0964   4007.108   1549.833   4007.000   1549.930   3981.521   1413.072 N000197
   921.389   1540.407  -8.757    907.020   1631.391  -8.757   0.0558 -0.0094    923.811   1551.362    923.755   1551.371    906.963   1631.405 N000198
  2332.739   1544.864 -10.936   2334.424   1530.788 -10.937  -0.1138 -0.1362   2335.197   1555.807   2335.310   1555.943   2334.537   1530.915 N000199
     0.000      0.000   0.000      0.000      0.000   0.000   0.0000  0.0000      0.000      0.000    488.911   1557.958    458.314   1672.959 N000200
     0.000      0.000   0.000      0.000      0.000   0.000   0.0000  0.0000      0.000      0.000   1850.945   1572.018   1849.042   1581.748 N000201
  1673.878   1563.601 -10.412   1672.922   1597.139 -10.412  -0.1218  0.1012   1676.319   1574.550   1676.441   1574.448   1673.046   1597.029 N000202
     0.000      0.000   0.000      0.000      0.000   0.000   0.0000  0.0000      0.000      0.000   1887.946   1575.447   1886.263   1582.465 N000203
  3054.206   1577.840  -9.625   3050.395   1513.614  -9.625   0.2056 -0.1599   3056.681   1588.777   3056.475   1588.937   3050.193   1513.786 N000204
  1830.482   1585.670 -10.464   1830.804   1607.629 -10.464  -0.0184  0.1697   1832.926   1596.617   1832.944   1596.447   1830.823   1607.458 N000205
  2022.160   1585.879 -11.552   2023.526   1593.851 -11.553   0.1598 -0.1215   2024.609   1596.824   2024.449   1596.945   2023.365   1593.984 N000206
   595.661   1597.754  -9.531    570.744   1715.294  -9.531   0.1614 -0.1311    598.075   1608.710    597.913   1608.842    570.575   1715.440 N000207
  1251.639   1598.546  -9.446   1244.285   1664.052  -9.446   0.1390  0.0457   1254.069   1609.497   1253.930   1609.452   1244.144   1664.017 N000208
  1845.618   1606.422  -9.817   1845.974   1627.241  -9.818   0.1184 -0.0782   1848.063   1617.369   1847.945   1617.447   1845.854   1627.328 N000209
  1677.124   1606.869 -10.579   1676.001   1640.161 -10.579   0.1240 -0.1306   1679.564   1617.818   1679.440   1617.948   1675.875   1640.301 N000210
  1394.922   1608.426  -9.491   1390.036   1662.969  -9.492  -0.0782 -0.0404   1397.355   1619.377   1397.433   1619.417   1390.115   1663.003 N000211
  1714.127   1611.832 -11.201   1713.354   1642.372 -11.201   0.1004 -0.1680   1716.568   1622.780   1716.468   1622.948   1713.252   1642.548 N000212
  2032.908   1627.488 -11.114   2034.205   1634.572 -11.115  -0.0919 -0.0121   2035.357   1638.433   2035.449   1638.445   2034.297   1634.578 N000213
  2210.586   1639.050  -9.574   2212.251   1633.254  -9.575   0.0860  0.0500   2213.040   1649.994   2212.954   1649.944   2212.165   1633.210 N000214
  2771.172   1651.471 -10.858   2770.608   1606.023 -10.859   0.1366 -0.0287   2773.640   1662.410   2773.503   1662.439   2770.472   1606.061 N000215
  1060.550   1653.176  -9.867   1048.601   1733.858  -9.868   0.0497  0.1758   1062.974   1664.129   1062.925   1663.953   1048.552   1733.685 N000216
  1932.664   1652.990 -11.673   1933.409   1667.355 -11.674   0.1644 -0.0098   1935.111   1663.936   1934.947   1663.946   1933.244   1667.377 N000217
  2410.276   1653.341 -10.217   2411.711   1633.231 -10.218  -0.1965 -0.1316   2412.734   1664.283   2412.931   1664.414   2411.907   1633.348 N000218
     0.000      0.000   0.000      0.000      0.000   0.000   0.0000  0.0000      0.000      0.000   1200.928   1679.452   1189.510   1738.439 N000219
     0.000      0.000   0.000      0.000      0.000   0.000   0.0000  0.0000      0.000      0.000   1276.430   1679.451   1266.523   1732.560 N000220
  1215.611   1672.504 -12.442   1206.935   1741.128 -12.442   0.1111  0.0036   1218.040   1683.455   1217.928   1683.452   1206.822   1741.133 N000221
  2390.008   1673.784 -10.141   2391.477   1655.030 -10.142   0.0707  0.0653   2392.466   1684.726   2392.396   1684.661   2391.406   1654.970 N000222
     0.000      0.000   0.000      0.000      0.000   0.000   0.0000  0.0000      0.000      0.000   2113.251   1704.244   2112.182   1694.570 N000223
     0.000      0.000   0.000      0.000      0.000   0.000   0.0000  0.0000      0.000      0.000   2510.961   1705.983   2509.583   1667.776 N000224
   165.547   1695.508 -10.777    121.768   1850.315 -10.778   0.0469 -0.0254    167.949   1706.468    167.902   1706.493    121.719   1850.345 N000225
  3356.273   1697.686 -10.606   3348.420   1611.951 -10.606  -0.2512  0.1618   3358.755   1708.620   3359.006   1708.458   3348.666   1611.774 N000226
     0.000      0.000   0.000      0.000      0.000   0.000   0.0000  0.0000      0.000      0.000   1266.013   1715.951   1255.607   1770.050 N000227
  2072.762   1707.151 -10.062   2073.990   1711.172 -10.062  -0.0132  0.1513   2075.212   1718.096   2075.225   1717.945   2074.003   1711.020 N000228
     0.000      0.000   0.000      0.000      0.000   0.000   0.0000  0.0000      0.000      0.000   1680.940   1726.848   1676.844   1749.201 N000229
     0.000      0.000   0.000      0.000      0.000   0.000   0.0000  0.0000      0.000      0.000   1518.436   1739.449   1512.180   1774.165 N000230
  2963.136   1728.993 -10.016   2960.864   1669.731 -10.017   0.1356 -0.0075   2965.608   1739.930   2965.472   1739.937   2960.730   1669.748 N000231
     0.000      0.000   0.000      0.000      0.000   0.000   0.0000  0.0000      0.000      0.000   2322.956   1741.442   2322.017   1716.522 N000232
     0.000      0.000   0.000      0.000      0.000   0.000   0.0000  0.0000      0.000      0.000   3705.991   1756.031   3689.265   1635.868 N000233
  2118.829   1765.267  -9.327   2120.052   1765.842  -9.328  -0.1711  0.0667   2121.280   1776.211   2121.451   1776.144   2120.224   1765.763 N000234
  1931.145   1767.370 -10.563   1931.454   1781.803 -10.563   0.1447 -0.1298   1933.591   1778.316   1933.446   1778.445   1931.308   1781.944 N000235
     0.000      0.000   0.000      0.000      0.000   0.000   0.0000  0.0000      0.000      0.000   2250.954   1781.943   2249.958   1762.123 N000236
     0.000      0.000   0.000      0.000      0.000   0.000   0.0000  0.0000      0.000      0.000   1418.198   1784.126   1410.038   1826.750 N000237
  1996.243   1773.880 -10.991   1996.916   1783.481 -10.992   0.2181 -0.1199   1998.691   1784.825   1998.473   1784.945   1996.696   1783.617 N000238
     0.000      0.000   0.000      0.000      0.000   0.000   0.0000  0.0000      0.000      0.000   1547.345   1788.994   1541.185   1821.688 N000239
  1533.025   1785.194 -10.461   1529.082   1829.779 -10.462   0.0253  0.1943   1535.461   1796.143   1535.436   1795.949   1529.058   1829.586 N000240
     0.000      0.000   0.000      0.000      0.000   0.000   0.0000  0.0000      0.000      0.000   1646.939   1797.214   1642.048   1822.329 N000241
  1957.940   1791.778  -9.935   1958.317   1804.231  -9.935  -0.0601 -0.2220   1960.387   1802.723   1960.447   1802.945   1958.376   1804.449 N000242
     0.000      0.000   0.000      0.000      0.000   0.000   0.0000  0.0000      0.000      0.000   1455.827   1805.949   1448.139   1845.773 N000243
     0.000      0.000   0.000      0.000      0.000   0.000   0.0000  0.0000      0.000      0.000   1407.933   1810.450   1399.399   1854.015 N000244
     0.000      0.000   0.000      0.000      0.000   0.000   0.0000  0.0000      0.000      0.000   1180.927   1816.413   1167.836   1877.869 N000245
  2945.036   1806.692 -10.477   2943.127   1748.208 -10.477   0.0358  0.1920   2947.507   1817.629   2947.472   1817.437   2943.091   1748.019 N000246
  2039.675   1808.692 -10.213   2040.444   1815.084 -10.213   0.1754  0.1916   2042.124   1819.636   2041.949   1819.444   2040.269   1814.906 N000247
  1264.245   1808.861  -9.886   1255.386   1874.503  -9.887  -0.0885 -0.1385   1266.674   1819.812   1266.762   1819.951   1255.475   1874.635 N000248
   762.176   1811.736 -10.356    740.112   1917.928 -10.356   0.1757  0.1838    764.592   1822.691    764.416   1822.507    739.933   1917.756 N000249
  2449.571   1813.070  -9.908   2450.784   1789.616  -9.909   0.0711  0.0699   2452.030   1824.011   2451.959   1823.941   2450.713   1789.551 N000250
  2088.823   1816.268  -8.917   2089.791   1819.029  -8.918  -0.1771 -0.0896   2091.273   1827.212   2091.450   1827.301   2089.968   1819.106 N000251
     0.000      0.000   0.000      0.000      0.000   0.000   0.0000  0.0000      0.000      0.000   1861.944   1827.946   1859.063   1836.862 N000252
     0.000      0.000   0.000      0.000      0.000   0.000   0.0000  0.0000      0.000      0.000   1277.429   1833.450   1266.238   1887.391 N000253
     0.000      0.000   0.000      0.000      0.000   0.000   0.0000  0.0000      0.000      0.000   1980.530   1833.112   1978.466   1833.145 N000254
     0.000      0.000   0.000      0.000      0.000   0.000   0.0000  0.0000      0.000      0.000   1195.427   1834.451   1182.487   1894.898 N000255
  2353.307   1823.695  -9.159   2354.674   1807.151  -9.160  -0.1926  0.2860   2355.764   1834.637   2355.956   1834.351   2354.866   1806.851 N000256
  2768.629   1823.664  -9.084   2768.294   1777.454  -9.085   0.1295  0.1638   2771.096   1834.602   2770.967   1834.438   2768.165   1777.300 N000257
     0.000      0.000   0.000      0.000      0.000   0.000   0.0000  0.0000      0.000      0.000   2275.454   1836.442   2274.376   1814.773 N000258
     0.000      0.000   0.000      0.000      0.000   0.000   0.0000  0.0000      0.000      0.000   1873.373   1836.946   1870.542   1845.018 N000259
     0.000      0.000   0.000      0.000      0.000   0.000   0.0000  0.0000      0.000      0.000   2810.968   1843.438   2807.871   1783.446 N000260
  2151.682   1833.812 -11.365   2152.820   1831.946 -11.366   0.1820 -0.1879   2154.133   1844.755   2153.951   1844.943   2152.637   1832.147 N000261
     0.000      0.000   0.000      0.000      0.000   0.000   0.0000  0.0000      0.000      0.000   1154.509   1848.035   1140.507   1911.859 N000262
     0.000      0.000   0.000      0.000      0.000   0.000   0.0000  0.0000      0.000      0.000   1468.434   1849.011   1460.636   1888.096 N000263
  3810.224   1846.915 -11.076   3794.377   1729.634 -11.077   0.0332 -0.0849   3812.717   1857.845   3812.684   1857.930   3794.345   1729.720 N000264
     0.000      0.000   0.000      0.000      0.000   0.000   0.0000  0.0000      0.000      0.000   1496.935   1858.949   1489.522   1895.876 N000265
     0.000      0.000   0.000      0.000      0.000   0.000   0.0000  0.0000      0.000      0.000   2995.473   1859.556   2990.679   1786.577 N000266
     0.000      0.000   0.000      0.000      0.000   0.000   0.0000  0.0000      0.000      0.000   1043.423   1863.452   1026.545   1936.352 N000267
  1016.369   1855.450 -10.939   1001.233   1941.327 -10.939  -0.1309 -0.0496   1018.792   1866.403   1018.923   1866.452   1001.367   1941.366 N000268
     0.000      0.000   0.000      0.000      0.000   0.000   0.0000  0.0000      0.000      0.000   2244.954   1873.443   2243.767   1853.976 N000269
  1761.486   1864.319 -10.841   1759.896   1891.734 -10.842  -0.0139 -0.1422   1763.927   1875.266   1763.941   1875.408   1759.909   1891.875 N000270
     0.000      0.000   0.000      0.000      0.000   0.000   0.0000  0.0000      0.000      0.000    274.904   1884.458    230.646   2022.066 N000271
  2148.578   1873.110 -14.224   2149.594   1871.490 -14.224   0.0777  0.0882   2151.029   1884.053   2150.951   1883.965   2149.516   1871.407 N000272
     0.000      0.000   0.000      0.000      0.000   0.000   0.0000  0.0000      0.000      0.000   1211.392   1887.808   1198.291   1947.433 N000273
  2280.446   1879.081  -9.255   2281.723   1867.784  -9.256  -0.0535  0.0811   2282.901   1890.023   2282.954   1889.942   2281.777   1867.699 N000274
  2585.669   1882.610 -13.210   2586.381   1849.237 -13.210   0.1690  0.1099   2588.131   1893.550   2587.962   1893.440   2586.212   1849.139 N000275
     0.000      0.000   0.000      0.000      0.000   0.000   0.0000  0.0000      0.000      0.000   1633.888   1897.997   1628.204   1924.533 N000276
     0.000      0.000   0.000      0.000      0.000   0.000   0.0000  0.0000      0.000      0.000   1372.967   1898.949   1363.080   1945.840 N000277
  2720.504   1890.637  -9.471   2720.528   1847.611  -9.472   0.0350  0.1366   2722.969   1901.575   2722.934   1901.439   2720.493   1847.477 N000278
  1071.461   1896.444 -10.019   1057.310   1978.279 -10.019  -0.0395 -0.0562   1073.884   1907.396   1073.924   1907.452   1057.350   1978.332 N000279
   953.239   1899.418  -9.663    935.868   1990.922  -9.664  -0.1899 -0.0824    955.659   1910.370    955.849   1910.453    936.062   1990.990 N000280
     0.000      0.000   0.000      0.000      0.000   0.000   0.0000  0.0000      0.000      0.000   1790.442   1913.946   1786.464   1928.541 N000281
  2476.279   1903.917 -11.641   2477.336   1878.390 -11.642  -0.2212 -0.0834   2478.738   1914.857   2478.959   1914.940   2477.556   1878.457 N000282
     0.000      0.000   0.000      0.000      0.000   0.000   0.0000  0.0000      0.000      0.000   1735.940   1918.446   1731.362   1937.231 N000283
     0.000      0.000   0.000      0.000      0.000   0.000   0.0000  0.0000      0.000      0.000   1283.829   1927.450   1271.905   1981.642 N000284
   965.389   1925.674 -11.242    948.050   2016.491 -11.242  -0.1111  0.1118    967.810   1936.627    967.921   1936.515    948.166   2016.369 N000285
     0.000      0.000   0.000      0.000      0.000   0.000   0.0000  0.0000      0.000      0.000    490.909   1939.456     -1.000     -1.000 N000286
  2661.909   1934.163  -9.527   2662.257   1895.231  -9.528  -0.0914 -0.2657   2664.372   1945.102   2664.464   1945.367   2662.348   1895.490 N000287
     0.000      0.000   0.000      0.000      0.000   0.000   0.0000  0.0000      0.000      0.000   2627.546   1947.939   2625.604   1900.709 N000288
     0.000      0.000   0.000      0.000      0.000   0.000   0.0000  0.0000      0.000      0.000   2722.465   1948.438   2720.035   1894.404 N000289
     0.000      0.000   0.000      0.000      0.000   0.000   0.0000  0.0000      0.000      0.000   2287.704   1955.004   2286.381   1932.447 N000290
  2451.789   1954.362 -11.045   2452.828   1930.586 -11.046  -0.2113 -0.1380   2454.247   1965.302   2454.458   1965.440   2453.038   1930.709 N000291
  2648.088   1954.995 -10.407   2648.493   1917.028 -10.408   0.0880 -0.0047   2650.551   1965.934   2650.463   1965.939   2648.405   1917.039 N000292
  3182.571   1956.498 -12.040   3178.295   1880.787 -12.041   0.0706 -0.0022   3185.047   1967.432   3184.977   1967.435   3178.225   1880.794 N000293
  1401.785   1961.682 -11.856   1394.284   2017.647 -11.857  -0.2150  0.1822   1404.217   1972.631   1404.432   1972.449   1394.505   2017.446 N000294
     0.000      0.000   0.000      0.000      0.000   0.000   0.0000  0.0000      0.000      0.000   3864.694   1972.429   3846.023   1839.775 N000295
     0.000      0.000   0.000      0.000      0.000   0.000   0.0000  0.0000      0.000      0.000    525.410   1974.456     -1.000     -1.000 N000296
  2103.832   1963.615 -11.549   2104.353   1965.489 -11.550  -0.1680  0.1146   2106.281   1974.558   2106.450   1974.443   2104.522   1965.362 N000297
     0.000      0.000   0.000      0.000      0.000   0.000   0.0000  0.0000      0.000      0.000   1122.925   1976.951   1106.825   2044.608 N000298
  2447.003   1973.408 -10.274   2448.021   1949.986 -10.275   0.0033 -0.0924   2449.461   1984.348   2449.458   1984.440   2448.017   1950.079 N000299
     0.000      0.000   0.000      0.000      0.000   0.000   0.0000  0.0000      0.000      0.000    585.911   1991.455    557.101   2052.391 N000300
     0.000      0.000   0.000      0.000      0.000   0.000   0.0000  0.0000      0.000      0.000   2877.269   1990.737   2873.784   1925.603 N000301
     0.000      0.000   0.000      0.000      0.000   0.000   0.0000  0.0000      0.000      0.000   2553.061   2009.940   2551.346   1968.055 N000302
     0.000      0.000   0.000      0.000      0.000   0.000   0.0000  0.0000      0.000      0.000   2822.967   2015.937   2819.915   1954.622 N000303
   167.956   2007.866 -13.361    123.487   2116.563 -13.362  -0.0436 -0.1337    170.357   2018.825    170.400   2018.959    123.531   2116.695 N000304
     0.000      0.000   0.000      0.000      0.000   0.000   0.0000  0.0000      0.000      0.000   1395.381   2022.449     -1.000     -1.000 N000305
     0.000      0.000   0.000      0.000      0.000   0.000   0.0000  0.0000      0.000      0.000   2012.947   2025.444   2010.258   2023.590 N000306
     0.000      0.000   0.000      0.000      0.000   0.000   0.0000  0.0000      0.000      0.000   3156.176   2032.334   3149.954   1947.458 N000307
  2461.879   2030.058  -9.186   2462.782   2005.604  -9.186  -0.1209  0.0584   2464.337   2040.999   2464.458   2040.940   2462.903   2005.537 N000308
  2375.051   2030.871  -9.588   2376.022   2012.789  -9.589   0.0513 -0.0789   2377.507   2041.812   2377.456   2041.891   2375.971   2012.872 N000309
  3055.478   2046.141  -9.910   3052.886   1979.028  -9.910  -0.0218  0.1412   3057.951   2057.076   3057.973   2056.935   3052.907   1978.886 N000310
     0.000      0.000   0.000      0.000      0.000   0.000   0.0000  0.0000      0.000      0.000   2159.950   2058.942   2157.953   2046.147 N000311
     0.000      0.000   0.000      0.000      0.000   0.000   0.0000  0.0000      0.000      0.000   2356.455   2067.003   2354.908   2039.591 N000312
     0.000      0.000   0.000      0.000      0.000   0.000   0.0000  0.0000      0.000      0.000   2560.032   2071.296   2558.222   2028.954 N000313
  3119.592   2072.312 -11.568   3116.357   2000.633 -11.568   0.0922 -0.1878   3122.067   2083.247   3121.975   2083.435   3116.266   2000.827 N000314
     0.000      0.000   0.000      0.000      0.000   0.000   0.0000  0.0000      0.000      0.000   2529.960   2103.939     -1.000     -1.000 N000315
  1732.880   2095.085 -11.730   1733.244   2073.652 -11.731  -0.1196  0.0853   1735.320   2106.031   1735.440   2105.946   1733.365   2073.557 N000316
     0.000      0.000   0.000      0.000      0.000   0.000   0.0000  0.0000      0.000      0.000   1607.047   2111.947   1603.313   2089.675 N000317
  1967.782   2121.561 -11.075   1970.226   2082.113 -11.076  -0.2184  0.0612   1970.227   2132.505   1970.445   2132.444   1970.446   2082.035 N000318
  1368.396   2125.802 -10.538   1362.897   2133.637 -10.538  -0.1035 -0.1978   1370.827   2136.751   1370.930   2136.949   1363.001   2133.828 N000319
   811.415   2130.299 -11.910    791.292   2184.714 -11.911  -0.0854 -0.2013    813.831   2141.252    813.916   2141.453    791.378   2184.911 N000320
     0.000      0.000   0.000      0.000      0.000   0.000   0.0000  0.0000      0.000      0.000   1449.547   2149.948   1443.015   2140.584 N000321
  1942.110   2139.358  -9.649   1944.298   2101.975  -9.650   0.1101 -0.0791   1944.555   2150.302   1944.445   2150.381   1944.187   2102.063 N000322
  2323.999   2141.187  -9.491   2327.928   2074.822  -9.491  -0.0006  0.1449   2326.454   2152.127   2326.454   2151.983   2327.929   2074.676 N000323
  1969.461   2154.130  -9.891   1971.804   2114.727  -9.892  -0.0392  0.1297   1971.906   2165.073   1971.945   2164.944   1971.844   2114.593 N000324
     0.000      0.000   0.000      0.000      0.000   0.000   0.0000  0.0000      0.000      0.000   2227.925   2166.941   2229.185   2097.087 N000325
   509.023   2157.402 -11.724    477.421   2238.618 -11.725   0.0227 -0.0977    511.431   2168.358    511.408   2168.455    477.396   2238.719 N000326
  2086.304   2159.389 -10.315   2089.410   2111.062 -10.315  -0.1960 -0.1113   2088.752   2170.331   2088.948   2170.443   2089.607   2111.159 N000327
     0.000      0.000   0.000      0.000      0.000   0.000   0.0000  0.0000      0.000      0.000   2053.423   2175.443   2053.854   2118.901 N000328
  2163.625   2166.196 -11.960   2167.093   2112.010 -11.961   0.1254  0.1957   2166.075   2177.138   2165.950   2176.942   2166.968   2111.823 N000329
  1638.308   2175.094 -11.139   1637.032   2161.696 -11.140  -0.1917  0.0944   1640.745   2186.041   1640.937   2185.946   1637.227   2161.585 N000330
  1728.567   2174.981 -10.622   1728.464   2154.451 -10.622   0.0666 -0.0194   1731.006   2185.926   1730.939   2185.945   1728.397   2154.476 N000331
     0.000      0.000   0.000      0.000      0.000   0.000   0.0000  0.0000      0.000      0.000   2451.457   2189.940   2452.886   2103.398 N000332
     0.000      0.000   0.000      0.000      0.000   0.000   0.0000  0.0000      0.000      0.000   2250.452   2192.941   2251.729   2121.482 N000333
  1763.304   2185.223 -11.284   1763.550   2162.044 -11.285  -0.1700  0.1963   1765.744   2196.168   1765.914   2195.971   1763.723   2161.833 N000334
     0.000      0.000   0.000      0.000      0.000   0.000   0.0000  0.0000      0.000      0.000   2504.959   2201.939   2506.304   2111.448 N000335
     0.000      0.000   0.000      0.000      0.000   0.000   0.0000  0.0000      0.000      0.000   1451.432   2202.948   1444.535   2193.962 N000336
     0.000      0.000   0.000      0.000      0.000   0.000   0.0000  0.0000      0.000      0.000   1332.429   2209.515   1323.117   2210.326 N000337
  1178.103   2200.377  -9.829   1167.733   2224.732  -9.830   0.1028 -0.1231   1180.528   2211.327   1180.425   2211.450   1167.626   2224.865 N000338
     0.000      0.000   0.000      0.000      0.000   0.000   0.0000  0.0000      0.000      0.000   3155.475   2211.434   3152.547   2073.722 N000339
     0.000      0.000   0.000      0.000      0.000   0.000   0.0000  0.0000      0.000      0.000   3573.485   2211.430     -1.000     -1.000 N000340
     0.000      0.000   0.000      0.000      0.000   0.000   0.0000  0.0000      0.000      0.000   1110.423   2216.950   1095.800   2236.298 N000341
     0.000      0.000   0.000      0.000      0.000   0.000   0.0000  0.0000      0.000      0.000   1238.664   2227.782   1227.097   2236.563 N000342
     0.000      0.000   0.000      0.000      0.000   0.000   0.0000  0.0000      0.000      0.000   2554.960   2231.939   2556.210   2137.801 N000343
  1499.216   2236.998  -9.893   1495.309   2235.368  -9.893   0.1276 -0.0024   1501.649   2247.945   1501.521   2247.947   1495.179   2235.381 N000344
  3033.957   2241.257  -9.322   3034.923   2122.907  -9.322  -0.0435  0.2187   3036.428   2252.192   3036.472   2251.973   3034.965   2122.685 N000345
  2149.861   2248.604 -10.080   2153.052   2195.892 -10.081  -0.1386  0.1037   2152.311   2259.545   2152.449   2259.442   2153.192   2195.777 N000346
   437.578   2251.676 -11.493    401.633   2341.052 -11.493   0.0783  0.1756    439.984   2262.631    439.906   2262.456    401.554   2340.880 N000347
  3181.214   2257.989  -9.131   3180.706   2129.077  -9.132  -0.0361 -0.0113   3183.689   2268.922   3183.725   2268.933   3180.742   2129.086 N000348
  1379.182   2258.465 -10.423   1372.808   2266.901 -10.424   0.1820 -0.0353   1381.612   2269.413   1381.430   2269.448   1372.622   2266.952 N000349
  1305.795   2261.581 -12.371   1297.824   2276.121 -12.371  -0.2046  0.0813   1308.223   2272.530   1308.428   2272.448   1298.034   2276.022 N000350
     0.000      0.000   0.000      0.000      0.000   0.000   0.0000  0.0000      0.000      0.000   2150.949   2283.442   2151.611   2220.040 N000351
     0.000      0.000   0.000      0.000      0.000   0.000   0.0000  0.0000      0.000      0.000   2593.960   2285.438   2595.132   2188.541 N000352
  1352.316   2277.155 -11.227   1345.212   2288.047 -11.228  -0.1838  0.1311   1354.745   2288.103   1354.929   2287.972   1345.401   2287.899 N000353
     0.000      0.000   0.000      0.000      0.000   0.000   0.0000  0.0000      0.000      0.000   3232.476   2288.433   3229.010   2145.080 N000354
     0.000      0.000   0.000      0.000      0.000   0.000   0.0000  0.0000      0.000      0.000   2305.911   2289.440   2307.137   2214.215 N000355
     0.000      0.000   0.000      0.000      0.000   0.000   0.0000  0.0000      0.000      0.000   2745.964   2290.437   2746.611   2182.310 N000356
   985.321   2282.664  -9.744    968.865   2324.522  -9.745  -0.1795  0.1638    987.740   2293.615    987.920   2293.451    969.052   2324.340 N000357
   389.747   2287.736 -10.475    351.169   2382.170 -10.476  -0.0310 -0.0700    392.151   2298.691    392.182   2298.761    351.200   2382.239 N000358
  1739.348   2287.916  -9.432   1738.736   2267.537  -9.433  -0.1524 -0.1336   1741.786   2298.861   1741.939   2298.995   1738.889   2267.660 N000359
     0.000      0.000   0.000      0.000      0.000   0.000   0.0000  0.0000      0.000      0.000   1242.426   2303.520   1230.227   2313.015 N000360
  2658.203   2295.486 -11.028   2661.660   2204.635 -11.029   0.1752 -0.0144   2660.665   2306.423   2660.490   2306.437   2661.485   2204.662 N000361
  1725.940   2300.991  -9.497   1725.077   2281.810  -9.498  -0.0597 -0.0091   1728.379   2311.936   1728.438   2311.945   1725.137   2281.815 N000362
  1251.285   2303.966  -9.991   1241.670   2323.628  -9.992  -0.0997 -0.0340   1253.711   2314.915   1253.811   2314.949   1241.772   2323.654 N000363
     0.000      0.000   0.000      0.000      0.000   0.000   0.0000  0.0000      0.000      0.000   1718.438   2314.778   1714.985   2285.475 N000364
  1986.749   2306.638 -10.502   1988.633   2266.954 -10.502  -0.0014  0.1378   1989.194   2317.581   1989.195   2317.443   1988.635   2266.815 N000365
     0.000      0.000   0.000      0.000      0.000   0.000   0.0000  0.0000      0.000      0.000   3439.982   2319.431   3433.876   2161.359 N000366
     0.000      0.000   0.000      0.000      0.000   0.000   0.0000  0.0000      0.000      0.000   1399.430   2319.948   1390.553   2316.618 N000367
     0.000      0.000   0.000      0.000      0.000   0.000   0.0000  0.0000      0.000      0.000    566.909   2320.554    532.968   2388.814 N000368
     0.000      0.000   0.000      0.000      0.000   0.000   0.0000  0.0000      0.000      0.000    602.410   2320.597    569.887   2385.691 N000369
     0.000      0.000   0.000      0.000      0.000   0.000   0.0000  0.0000      0.000      0.000    927.918   2320.651    906.898   2357.165 N000370
  2253.332   2312.578 -10.955   2256.790   2252.315 -10.956  -0.1680  0.0784   2255.784   2323.519   2255.952   2323.441   2256.959   2252.223 N000371
     0.000      0.000   0.000      0.000      0.000   0.000   0.0000  0.0000      0.000      0.000   2707.463   2325.437   2708.307   2220.235 N000372
  1669.798   2315.781  -9.933   1668.063   2301.251  -9.933  -0.2473 -0.1282   1672.235   2326.726   1672.482   2326.855   1668.313   2301.361 N000373
  1187.768   2324.648 -10.262   1176.398   2349.953 -10.262  -0.2681  0.1475   1190.192   2335.597   1190.460   2335.449   1176.675   2349.781 N000374
     0.000      0.000   0.000      0.000      0.000   0.000   0.0000  0.0000      0.000      0.000   2431.384   2336.868   2432.699   2252.361 N000375
     0.000      0.000   0.000      0.000      0.000   0.000   0.0000  0.0000      0.000      0.000   2107.448   2338.442   2107.670   2278.783 N000376
  1675.728   2333.897  -9.473   1673.952   2319.092  -9.474  -0.1724 -0.1027   1678.165   2344.843   1678.337   2344.945   1674.126   2319.182 N000377
  2144.120   2336.138 -11.595   2147.004   2284.452 -11.596   0.1203  0.1382   2146.569   2347.080   2146.449   2346.941   2146.884   2284.322 N000378
   560.089   2343.285 -10.188    527.877   2423.597 -10.188   0.0893 -0.1837    562.498   2354.239    562.409   2354.423    527.781   2423.793 N000379
  1097.420   2347.322  -9.816   1083.426   2380.654  -9.817  -0.1093 -0.1778   1099.842   2358.272   1099.952   2358.450   1083.536   2380.825 N000380
     0.000      0.000   0.000      0.000      0.000   0.000   0.0000  0.0000      0.000      0.000   1464.140   2360.405   1456.201   2352.277 N000381
  1657.278   2364.585 -10.954   1655.018   2351.625 -10.955  -0.1667  0.0853   1659.714   2375.531   1659.881   2375.445   1655.188   2351.525 N000382
  2445.046   2366.750  -9.159   2448.773   2292.178  -9.159   0.0462 -0.0627   2447.502   2377.689   2447.456   2377.751   2448.727   2292.245 N000383
  2506.504   2367.111 -10.258   2510.233   2287.889 -10.259   0.0036  0.1112   2508.961   2378.050   2508.958   2377.938   2510.229   2287.778 N000384
     0.000      0.000   0.000      0.000      0.000   0.000   0.0000  0.0000      0.000      0.000   2018.445   2383.442   2017.845   2331.092 N000385
     0.000      0.000   0.000      0.000      0.000   0.000   0.0000  0.0000      0.000      0.000   1269.876   2384.898   1257.527   2393.302 N000386
     0.000      0.000   0.000      0.000      0.000   0.000   0.0000  0.0000      0.000      0.000   2682.962   2384.937   2683.938   2281.758 N000387
   346.816   2387.058 -10.050    304.670   2487.676 -10.051  -0.1840  0.0577    349.219   2398.013    349.403   2397.956    304.863   2487.600 N000388
  2072.228   2386.837  -9.149   2074.452   2341.155  -9.150  -0.0842 -0.1627   2074.675   2397.779   2074.759   2397.942   2074.536   2341.313 N000389
  1688.182   2392.515 -10.393   1686.178   2377.393 -10.394   0.1815  0.0146   1690.619   2403.459   1690.437   2403.445   1685.994   2377.393 N000390
     0.000      0.000   0.000      0.000      0.000   0.000   0.0000  0.0000      0.000      0.000   1182.454   2404.390   1167.734   2420.501 N000391
   671.406   2394.347  -9.000    642.826   2465.786  -9.000  -0.0942 -0.1533    673.817   2405.300    673.911   2405.453    642.922   2465.934 N000392
     0.000      0.000   0.000      0.000      0.000   0.000   0.0000  0.0000      0.000      0.000    389.342   2418.955    346.270   2505.454 N000393
     0.000      0.000   0.000      0.000      0.000   0.000   0.0000  0.0000      0.000      0.000   1637.936   2429.445   1632.498   2407.989 N000394
  2762.428   2426.426  -8.932   2765.621   2328.294  -8.933  -0.0724 -0.0743   2764.892   2437.362   2764.964   2437.436   2765.693   2328.363 N000395
     0.000      0.000   0.000      0.000      0.000   0.000   0.0000  0.0000      0.000      0.000   1726.938   2440.444   1722.766   2411.900 N000396
  1602.291   2433.154 -10.225   1598.634   2425.557 -10.226  -0.1468  0.1545   1604.725   2444.100   1604.872   2443.945   1598.785   2425.389 N000397
  1672.224   2434.339 -11.051   1669.682   2421.044 -11.052   0.1942 -0.1614   1674.660   2445.283   1674.466   2445.445   1669.484   2421.223 N000398
  1311.985   2435.099  -9.779   1302.488   2451.675  -9.780  -0.0152  0.0991   1314.412   2446.047   1314.427   2445.948   1302.505   2451.573 N000399
  2477.916   2440.421  -9.651   2481.570   2363.804  -9.651   1.0071  0.0114   2480.373   2451.359   2479.366   2451.348   2480.563   2363.869 N000400
  1978.145   2443.380 -10.526   1979.320   2405.645 -10.527   0.1445 -0.1198   1980.589   2454.323   1980.444   2454.442   1979.173   2405.778 N000401
  2961.076   2447.525 -12.547   2963.242   2334.719 -12.547   0.0763  0.0248   2963.545   2458.459   2963.469   2458.434   2963.166   2334.700 N000402
  3882.426   2452.655  -9.211   3872.125   2274.228  -9.211  -0.0744  0.0997   3884.918   2463.582   3884.992   2463.483   3872.197   2274.124 N000403
  2506.409   2455.301 -11.079   2510.054   2376.615 -11.079  -0.0912 -0.1712   2508.866   2466.239   2508.957   2466.410   2510.145   2376.781 N000404
   462.611   2457.269 -10.994    424.490   2549.006 -10.994   0.1111 -0.2311    465.017   2468.223    464.906   2468.454    424.370   2549.253 N000405
  1639.214   2459.246 -12.777   1635.955   2448.987 -12.778   0.2140  0.0867   1641.649   2470.191   1641.435   2470.104   1635.738   2448.917 N000406
  1392.949   2475.158  -9.861   1384.871   2485.577  -9.861  -0.0510  0.1581   1395.378   2486.105   1395.429   2485.947   1384.925   2485.412 N000407
     0.000      0.000   0.000      0.000      0.000   0.000   0.0000  0.0000      0.000      0.000   2278.651   2488.540   2279.281   2416.804 N000408
  1824.598   2490.551  -9.844   1823.794   2465.642  -9.845   0.0981  0.0508   1827.038   2501.494   1826.940   2501.443   1823.695   2465.598 N000409
  2498.237   2490.453  -8.816   2501.833   2412.645  -8.816  -0.0632  0.0533   2500.694   2501.391   2500.757   2501.338   2501.896   2412.586 N000410
     0.000      0.000   0.000      0.000      0.000   0.000   0.0000  0.0000      0.000      0.000   2380.926   2502.939   2381.863   2423.405 N000411
     0.000      0.000   0.000      0.000      0.000   0.000   0.0000  0.0000      0.000      0.000   1746.438   2503.444   1742.091   2474.149 N000412
     0.000      0.000   0.000      0.000      0.000   0.000   0.0000  0.0000      0.000      0.000    707.412   2506.952    676.192   2566.677 N000413
  2264.138   2497.506  -9.157   2267.100   2437.832  -9.158   0.1378  0.0062   2266.589   2508.446   2266.451   2508.440   2266.961   2437.836 N000414
     0.000      0.000   0.000      0.000      0.000   0.000   0.0000  0.0000      0.000      0.000   2123.409   2511.902   2123.056   2452.549 N000415
     0.000      0.000   0.000      0.000      0.000   0.000   0.0000  0.0000      0.000      0.000   3017.970   2513.434   3017.408   2385.876 N000416
  1317.268   2505.212 -10.503   1307.170   2522.530 -10.503  -0.1730  0.2115   1319.695   2516.159   1319.868   2515.947   1307.349   2522.300 N000417
  4082.417   2514.182  -9.036   4068.489   2321.927  -9.037  -0.0833  0.1818   4084.914   2525.107   4084.997   2524.925   4068.569   2321.740 N000418
     0.000      0.000   0.000      0.000      0.000   0.000   0.0000  0.0000      0.000      0.000   2291.542   2525.030   2292.112   2452.628 N000419
  2656.191   2516.533  -9.015   2659.705   2426.895  -9.016   0.1907  0.0327   2658.652   2527.469   2658.461   2527.437   2659.515   2426.876 N000420
  1998.602   2516.786 -10.476   1999.595   2478.247 -10.476   0.1016 -0.2478   2001.046   2527.728   2000.944   2527.975   1999.491   2478.506 N000421
     0.000      0.000   0.000      0.000      0.000   0.000   0.0000  0.0000      0.000      0.000   2269.951   2538.440   2270.379   2467.854 N000422
  2220.471   2527.977  -9.747   2223.101   2472.019  -9.747  -0.0289 -0.0233   2222.921   2538.917   2222.950   2538.940   2223.130   2472.041 N000423
     0.000      0.000   0.000      0.000      0.000   0.000   0.0000  0.0000      0.000      0.000   2183.393   2539.885   2183.328   2476.104 N000424
  2573.281   2533.923  -8.766   2576.851   2450.719  -8.767   0.1138 -0.0771   2575.739   2544.860   2575.625   2544.937   2576.737   2450.805 N000425
  2793.449   2533.828 -11.050   2796.610   2433.931 -11.050  -0.0514 -0.1722   2795.913   2544.763   2795.964   2544.935   2796.662   2434.100 N000426
  3088.679   2537.330 -11.705   3090.118   2415.446 -11.706   0.1789 -0.1703   3091.151   2548.263   3090.972   2548.433   3089.941   2415.630 N000427
     0.000      0.000   0.000      0.000      0.000   0.000   0.0000  0.0000      0.000      0.000    475.444   2558.954    433.840   2641.083 N000428
     0.000      0.000   0.000      0.000      0.000   0.000   0.0000  0.0000      0.000      0.000    794.914   2579.051    765.880   2632.582 N000429
     0.000      0.000   0.000      0.000      0.000   0.000   0.0000  0.0000      0.000      0.000   1401.929   2579.946   1390.620   2580.491 N000430
   802.184   2569.565  -9.829    775.895   2633.211  -9.829   0.1845  0.0648    804.598   2580.516    804.414   2580.451    775.705   2633.161 N000431
  1486.284   2571.611  -9.831   1479.222   2575.824  -9.832  -0.1656  0.1106   1488.715   2582.556   1488.881   2582.446   1479.392   2575.697 N000432
  2637.155   2573.971 -12.982   2640.662   2486.212 -12.982   0.1546 -0.0288   2639.615   2584.908   2639.460   2584.936   2640.507   2486.253 N000433
  1166.332   2576.524 -10.124   1151.556   2608.155 -10.124  -0.1415  0.0243   1168.755   2587.473   1168.897   2587.448   1151.702   2608.118 N000434
  2097.177   2582.954 -10.544   2098.702   2537.369 -10.545   0.1773 -0.0463   2099.624   2593.895   2099.446   2593.941   2098.523   2537.430 N000435
  2321.062   2583.461  -9.276   2324.001   2520.206  -9.277   0.0623 -0.0393   2323.514   2594.400   2323.452   2594.439   2323.938   2520.251 N000436
   944.266   2589.302 -10.723    922.600   2640.712 -10.724  -0.2341 -0.1981    946.683   2600.252    946.917   2600.450    922.839   2640.894 N000437
     0.000      0.000   0.000      0.000      0.000   0.000   0.0000  0.0000      0.000      0.000   1721.042   2601.944   1715.557   2576.188 N000438
     0.000      0.000   0.000      0.000      0.000   0.000   0.0000  0.0000      0.000      0.000   2506.957   2606.937   2507.937   2518.622 N000439
     0.000      0.000   0.000      0.000      0.000   0.000   0.0000  0.0000      0.000      0.000   1266.425   2608.947   1251.572   2621.617 N000440
  2159.744   2599.313  -8.901   2161.678   2548.957  -8.902   0.1436 -0.0865   2162.192   2610.254   2162.048   2610.340   2161.533   2549.056 N000441
  1702.083   2606.173 -10.438   1698.644   2592.971 -10.438   0.0829  0.1728   1704.519   2617.117   1704.436   2616.944   1698.561   2592.802 N000442
  1108.388   2608.298 -10.225   1091.567   2645.649 -10.225  -0.1121 -0.1494   1110.809   2619.247   1110.921   2619.396   1091.681   2645.792 N000443
  2854.163   2620.010  -8.786   2857.155   2516.108  -8.787  -0.2818  0.0098   2856.628   2630.944   2856.910   2630.935   2857.436   2516.077 N000444
     0.000      0.000   0.000      0.000      0.000   0.000   0.0000  0.0000      0.000      0.000    674.610   2632.452    640.158   2698.205 N000445
  2571.802   2621.047  -9.649   2575.269   2538.719  -9.650   0.2017 -0.3533   2574.260   2631.983   2574.058   2632.337   2575.067   2539.091 N000446
     0.000      0.000   0.000      0.000      0.000   0.000   0.0000  0.0000      0.000      0.000   1422.429   2638.446   1410.963   2638.344 N000447
  2569.416   2628.714  -9.294   2572.871   2546.645  -9.294  -0.0836  0.2143   2571.875   2639.651   2571.958   2639.437   2572.955   2546.422 N000448
   273.863   2638.499 -10.116    223.610   2752.767 -10.117  -0.1373 -0.0012    276.263   2649.454    276.400   2649.455    223.754   2752.755 N000449
  1262.817   2645.535 -11.716   1249.805   2670.225 -11.717  -0.1831  0.0347   1265.242   2656.482   1265.425   2656.447   1249.993   2670.174 N000450
     0.000      0.000   0.000      0.000      0.000   0.000   0.0000  0.0000      0.000      0.000     94.395   2660.457     31.944   2781.546 N000451
  3528.498   2658.270 -10.460   3525.600   2504.788 -10.461  -0.0018  0.1033   3530.980   2669.199   3530.982   2669.096   3525.601   2504.684 N000452
  2958.271   2660.822 -10.156   2960.835   2549.362 -10.157  -0.2010 -0.1499   2960.739   2671.756   2960.940   2671.906   2961.035   2549.498 N000453
  3749.265   2660.774  -9.780   3743.008   2491.580  -9.780  -0.2017  0.2073   3751.753   2671.701   3751.954   2671.494   3743.205   2491.358 N000454
  2453.814   2663.095 -11.108   2457.004   2590.359 -11.108  -0.1638  0.0946   2456.270   2674.032   2456.433   2673.938   2457.168   2590.251 N000455
  2239.399   2663.815  -8.602   2241.602   2607.954  -8.603  -0.2006 -0.1849   2241.849   2674.754   2242.050   2674.939   2241.803   2608.125 N000456
  1359.593   2664.517  -9.556   1348.767   2681.255  -9.557   0.0930  0.0170   1362.020   2675.463   1361.927   2675.446   1348.672   2681.246 N000457
     0.000      0.000   0.000      0.000      0.000   0.000   0.0000  0.0000      0.000      0.000   2761.463   2680.935   2762.296   2573.748 N000458
  3616.231   2669.742  -9.477   3612.140   2510.015  -9.478  -0.1753  0.1487   3618.715   2680.671   3618.891   2680.522   3612.312   2509.853 N000459
     0.000      0.000   0.000      0.000      0.000   0.000   0.0000  0.0000      0.000      0.000   1421.262   2695.363   1409.164   2696.483 N000460
  2685.563   2684.511 -13.426   2688.953   2594.037 -13.426   0.0629  0.0114   2688.024   2695.447   2687.961   2695.436   2688.890   2594.031 N000461
     0.000      0.000   0.000      0.000      0.000   0.000   0.0000  0.0000      0.000      0.000   3183.973   2697.332   3182.595   2558.413 N000462
     0.000      0.000   0.000      0.000      0.000   0.000   0.0000  0.0000      0.000      0.000   2940.967   2698.834   2941.192   2578.140 N000463
  1580.257   2693.602 -10.465   1573.879   2692.138 -10.465  -0.2094  0.1023   1582.690   2704.547   1582.900   2704.445   1574.093   2692.016 N000464
  1944.850   2699.819 -11.389   1944.140   2668.199 -11.389  -0.1499 -0.1811   1947.292   2710.760   1947.442   2710.942   1944.290   2668.371 N000465
  3010.655   2715.712  -9.293   3013.019   2600.726  -9.294   1.6551 -0.2881   3013.124   2726.645   3011.469   2726.933   3011.373   2601.141 N000466
     0.000      0.000   0.000      0.000      0.000   0.000   0.0000  0.0000      0.000      0.000    304.900   2728.455    252.113   2831.478 N000467
  2035.967   2723.362 -11.405   2036.133   2684.698 -11.406  -0.0335 -0.1375   2038.411   2734.303   2038.444   2734.441   2036.166   2684.835 N000468
     0.000      0.000   0.000      0.000      0.000   0.000   0.0000  0.0000      0.000      0.000   2763.650   2740.872   2764.459   2634.093 N000469
   483.749   2730.651 -10.654    441.769   2827.860 -10.655   0.0955  0.1513    486.154   2741.604    486.059   2741.453    441.672   2827.713 N000470
  1773.056   2734.236  -9.814   1769.685   2717.388  -9.814   0.0559  0.1483   1775.493   2745.179   1775.438   2745.031   1769.629   2717.242 N000471
     0.000      0.000   0.000      0.000      0.000   0.000   0.0000  0.0000      0.000      0.000    941.316   2761.899    914.705   2806.766 N000472
  1733.504   2751.644  -8.664   1729.344   2738.424  -8.665   0.0040  0.1439   1735.940   2762.587   1735.936   2762.443   1729.341   2738.278 N000473
     0.000      0.000   0.000      0.000      0.000   0.000   0.0000  0.0000      0.000      0.000   1625.434   2762.944   1616.869   2748.073 N000474
  2483.826   2764.692  -9.427   2486.848   2690.848  -9.428  -0.1736  0.1917   2486.282   2775.629   2486.455   2775.437   2487.023   2690.640 N000475
     0.000      0.000   0.000      0.000      0.000   0.000   0.0000  0.0000      0.000      0.000   2040.944   2779.941   2038.408   2730.882 N000476
     0.000      0.000   0.000      0.000      0.000   0.000   0.0000  0.0000      0.000      0.000    809.913   2780.165    778.307   2837.462 N000477
  1163.602   2776.517  -8.825   1146.182   2812.880  -8.826   0.2453  0.1596   1166.024   2787.464   1165.779   2787.305   1145.932   2812.738 N000478
  3340.746   2779.760 -11.343   3340.642   2640.596 -11.344  -0.0433  0.1025   3343.223   2790.690   3343.266   2790.588   3340.685   2640.490 N000479
     0.000      0.000   0.000      0.000      0.000   0.000   0.0000  0.0000      0.000      0.000   2468.205   2795.437   2468.656   2712.345 N000480
     0.000      0.000   0.000      0.000      0.000   0.000   0.0000  0.0000      0.000      0.000   2233.949   2803.439   2233.061   2739.130 N000481
  1085.715   2793.157  -9.286   1065.707   2836.871  -9.287   0.1381  0.1571   1088.135   2804.105   1087.997   2803.948   1065.567   2836.722 N000482
     0.000      0.000   0.000      0.000      0.000   0.000   0.0000  0.0000      0.000      0.000   2763.962   2803.935   2764.733   2697.810 N000483
  2001.891   2795.086  -9.696   2001.215   2760.418  -9.696   0.8906 -0.9144   2004.334   2806.026   2003.443   2806.941   2000.308   2761.421 N000484
  1779.049   2796.841 -11.885   1775.244   2780.685 -11.886   0.0489 -0.1588   1781.486   2807.784   1781.437   2807.943   1775.193   2780.851 N000485
     0.000      0.000   0.000      0.000      0.000   0.000   0.0000  0.0000      0.000      0.000   1919.941   2811.941   1915.710   2773.399 N000486
  3779.169   2803.215 -12.419   3773.384   2632.413 -12.419   0.1686  0.2155   3781.656   2814.142   3781.488   2813.926   3773.217   2632.209 N000487
     0.000      0.000   0.000      0.000      0.000   0.000   0.0000  0.0000      0.000      0.000   2458.755   2814.437   2459.113   2732.354 N000488
  2687.601   2812.859  -9.869   2690.854   2723.651  -9.869   0.1008 -0.1414   2690.061   2823.794   2689.960   2823.935   2690.753   2723.802 N000489
     0.000      0.000   0.000      0.000      0.000   0.000   0.0000  0.0000      0.000      0.000   2580.020   2827.936   2580.689   2736.461 N000490
  2312.145   2829.214  -9.342   2314.112   2769.940  -9.343   0.1091  0.1422   2314.595   2840.152   2314.486   2840.010   2314.003   2769.804 N000491
  1950.273   2833.315  -9.273   1948.678   2803.605  -9.274   0.2308 -0.1019   1952.714   2844.256   1952.483   2844.358   1948.443   2803.728 N000492
  2102.219   2841.180 -10.375   2102.350   2799.111 -10.375   0.0520  0.1799   2104.664   2852.120   2104.612   2851.940   2102.299   2798.932 N000493
     0.000      0.000   0.000      0.000      0.000   0.000   0.0000  0.0000      0.000      0.000   2466.954   2853.437   2467.228   2771.260 N000494
     0.000      0.000   0.000      0.000      0.000   0.000   0.0000  0.0000      0.000      0.000   1091.420   2855.357   1068.357   2889.164 N000495
   742.176   2848.751  -8.966    709.113   2925.313  -8.967   0.1765  0.0371    744.587   2859.702    744.411   2859.665    708.930   2925.292 N000496
  2503.944   2851.238 -13.100   2506.788   2776.990 -13.101  -0.0563  0.1724   2506.399   2862.174   2506.455   2862.002   2506.845   2776.811 N000497
   756.142   2865.209  -9.122    723.347   2940.967  -9.123   0.1423  0.2089    758.554   2876.159    758.411   2875.950    723.202   2940.765 N000498
     0.000      0.000   0.000      0.000      0.000   0.000   0.0000  0.0000      0.000      0.000   1255.424   2882.946   1236.874   2902.829 N000499
  1217.202   2878.780 -11.271   1199.966   2912.968 -11.271   0.1772 -0.2201   1219.625   2889.727   1219.448   2889.947   1199.781   2913.210 N000500
     0.000      0.000   0.000      0.000      0.000   0.000   0.0000  0.0000      0.000      0.000   1956.941   2894.941   1952.580   2854.919 N000501
  1918.768   2889.731 -11.494   1916.305   2863.744 -11.494  -0.2320  0.2314   1921.208   2900.672   1921.440   2900.441   1916.542   2863.488 N000502
     0.000      0.000   0.000      0.000      0.000   0.000   0.0000  0.0000      0.000      0.000   1767.937   2904.442   1760.606   2880.466 N000503
   519.857   2893.861 -11.107    476.419   2992.786 -11.108  -0.1427 -0.1393    522.262   2904.813    522.405   2904.952    476.565   2992.916 N000504
  1543.328   2897.534  -9.195   1534.102   2903.567  -9.196  -0.1266  0.0340   1545.759   2908.478   1545.886   2908.444   1534.232   2903.521 N000505
     0.000      0.000   0.000      0.000      0.000   0.000   0.0000  0.0000      0.000      0.000   2489.899   2918.381   2490.060   2835.357 N000506
     0.000      0.000   0.000      0.000      0.000   0.000   0.0000  0.0000      0.000      0.000   1046.918   2921.948   1021.427   2961.607 N000507
  1142.287   2912.307 -11.514   1122.339   2954.104 -11.515  -0.2129 -0.1930   1144.708   2923.254   1144.921   2923.447   1122.556   2954.283 N000508
  2043.016   2924.623  -9.239   2041.929   2888.996  -9.239   0.0165  0.1229   2045.460   2935.563   2045.443   2935.440   2041.913   2888.872 N000509
     0.000      0.000   0.000      0.000      0.000   0.000   0.0000  0.0000      0.000      0.000   2541.110   2937.897   2541.406   2851.087 N000510
  2792.198   2931.269 -10.365   2795.296   2835.424 -10.365   0.1981  0.0584   2794.660   2942.203   2794.462   2942.144   2795.098   2835.380 N000511
   719.730   2933.910 -10.378    684.236   3015.209 -10.379   0.1553 -0.0901    722.140   2944.860    721.985   2944.950    684.073   3015.317 N000512
     0.000      0.000   0.000      0.000      0.000   0.000   0.0000  0.0000      0.000      0.000   1643.433   2951.443   1633.340   2939.130 N000513
     0.000      0.000   0.000      0.000      0.000   0.000   0.0000  0.0000      0.000      0.000   1409.927   2958.945   1394.515   2967.116 N000514
     0.000      0.000   0.000      0.000      0.000   0.000   0.0000  0.0000      0.000      0.000   1829.771   2959.192   1822.974   2931.180 N000515
  2153.438   2948.399  -8.209   2153.441   2904.116  -8.210  -0.0616 -0.1015   2155.885   2959.337   2155.946   2959.439   2153.503   2904.215 N000516
  2315.727   2949.827 -11.127   2317.170   2892.295 -11.128   0.1794 -0.1734   2318.177   2960.764   2317.998   2960.938   2316.988   2892.486 N000517
  1658.286   2954.730  -9.960   1650.823   2952.211  -9.960  -0.2141  0.2027   1660.719   2965.673   1660.934   2965.471   1651.044   2951.985 N000518
  2884.629   2958.022 -10.788   2887.599   2855.327 -10.788   0.1292  0.0224   2887.094   2968.955   2886.965   2968.933   2887.470   2855.315 N000519
  1728.577   2988.613  -9.248   1722.116   2980.868  -9.248   0.0775  0.1133   1731.013   2999.555   1730.935   2999.442   1722.038   2980.759 N000520
     0.000      0.000   0.000      0.000      0.000   0.000   0.0000  0.0000      0.000      0.000   3797.987   3002.925   3790.637   2821.324 N000521
  2429.710   3029.751  -9.414   2431.581   2964.396  -9.415   0.2104 -0.0613   2432.163   3040.688   2431.953   3040.749   2431.370   2964.476 N000522
  1490.603   3031.065 -10.206   1478.633   3045.035 -10.206   0.1031  0.0368   1493.032   3042.009   1492.929   3041.972   1478.528   3045.006 N000523
   770.989   3032.505 -12.340    735.782   3112.211 -12.341  -0.0106  0.0047    773.400   3043.454    773.411   3043.450    735.793   3112.206 N000524
   607.092   3036.041 -10.468    564.821   3131.471 -10.469   0.0922  0.0407    609.499   3046.992    609.407   3046.951    564.725   3131.437 N000525
  3828.469   3039.867 -11.801   3823.401   2867.249 -11.802  -0.0312 -0.1333   3830.957   3050.792   3830.988   3050.925   3823.432   2867.381 N000526
  2170.572   3050.430 -11.687   2170.105   3006.793 -11.688   0.0722 -0.0702   2173.018   3061.368   2172.946   3061.438   2170.032   3006.870 N000527
     0.000      0.000   0.000      0.000      0.000   0.000   0.0000  0.0000      0.000      0.000   3531.980   3066.523   3528.407   2905.035 N000528
  3439.569   3072.696  -9.572   3439.466   2929.046  -9.573   0.0691  0.1965   3442.047   3083.625   3441.978   3083.428   3439.397   2928.852 N000529
     0.000      0.000   0.000      0.000      0.000   0.000   0.0000  0.0000      0.000      0.000    251.147   3089.061    187.718   3210.250 N000530
     0.000      0.000   0.000      0.000      0.000   0.000   0.0000  0.0000      0.000      0.000   1860.938   3094.907   1853.422   3067.409 N000531
     0.000      0.000   0.000      0.000      0.000   0.000   0.0000  0.0000      0.000      0.000   3335.775   3103.329   3334.185   2956.999 N000532
  1746.026   3109.844 -10.553   1738.656   3103.612 -10.553   0.0258 -0.1564   1748.461   3120.785   1748.435   3120.942   1738.628   3103.775 N000533
  1922.524   3114.429 -11.254   1918.222   3093.156 -11.254   0.0522 -0.0709   1924.964   3125.369   1924.912   3125.440   1918.169   3093.233 N000534
  1963.772   3115.277 -10.655   1960.103   3090.509 -10.656  -0.2280 -0.1941   1966.213   3126.216   1966.441   3126.410   1960.333   3090.689 N000535
  1848.701   3116.410  -9.707   1843.147   3101.502  -9.708   0.0958 -0.0901   1851.139   3127.351   1851.043   3127.441   1843.049   3101.602 N000536
  1543.858   3119.926  -9.360   1532.074   3131.627  -9.360  -0.1422 -0.0742   1546.288   3130.869   1546.430   3130.943   1532.219   3131.691 N000537
  2342.642   3121.188  -9.052   2343.453   3064.770  -9.052   0.1422  0.1424   2345.092   3132.125   2344.950   3131.982   2343.310   3064.636 N000538
  2460.687   3132.663  -8.867   2462.327   3066.762  -8.867  -0.0631  0.1635   2463.140   3143.599   2463.203   3143.436   2462.391   3066.591 N000539
     0.000      0.000   0.000      0.000      0.000   0.000   0.0000  0.0000      0.000      0.000   1856.438   3153.941   1848.284   3128.318 N000540
  2266.243   3148.908  -9.679   2266.181   3099.438  -9.680   0.0644 -0.0924   2268.691   3159.845   2268.627   3159.937   2266.115   3099.538 N000541
   443.467   3167.943 -10.994    390.611   3284.298 -10.995  -0.0330 -0.0575    445.869   3178.894    445.902   3178.952    390.644   3284.355 N000542
     0.000      0.000   0.000      0.000      0.000   0.000   0.0000  0.0000      0.000      0.000    920.914   3189.948    886.455   3249.820 N000543
  2339.107   3206.016 -10.602   2339.418   3151.752 -10.602   0.1068  0.0158   2341.556   3216.952   2341.450   3216.936   2339.310   3151.745 N000544
  2133.611   3213.265  -9.589   2131.562   3176.475  -9.590   0.1108  0.0147   2136.055   3224.203   2135.944   3224.188   2131.450   3176.469 N000545
   538.938   3246.208 -11.109    489.071   3356.270 -11.109  -0.0618  0.1848    541.342   3257.158    541.404   3256.973    489.140   3356.071 N000546
     0.000      0.000   0.000      0.000      0.000   0.000   0.0000  0.0000      0.000      0.000    877.885   3263.948    840.368   3330.600 N000547
     0.000      0.000   0.000      0.000      0.000   0.000   0.0000  0.0000      0.000      0.000   1869.437   3280.940   1860.257   3257.637 N000548
     0.000      0.000   0.000      0.000      0.000   0.000   0.0000  0.0000      0.000      0.000    787.410   3286.949    745.703   3363.175 N000549
     0.000      0.000   0.000      0.000      0.000   0.000   0.0000  0.0000      0.000      0.000   2254.947   3356.436   2250.971   3301.988 N000550
  2506.722   3346.837 -14.246   2507.655   3281.920 -14.246  -0.2308  0.0272   2509.175   3357.771   2509.406   3357.744   2507.888   3281.873 N000551
     0.000      0.000   0.000      0.000      0.000   0.000   0.0000  0.0000      0.000      0.000   2421.951   3365.435   2419.678   3297.075 N000552
  1373.456   3356.539 -10.419   1353.895   3391.057 -10.420  -0.0440  0.0387   1375.880   3367.482   1375.925   3367.444   1353.941   3391.013 N000553
     0.000      0.000   0.000      0.000      0.000   0.000   0.0000  0.0000      0.000      0.000   2449.007   3420.935   2446.645   3351.733 N000554
  1467.601   3410.674  -8.891   1449.922   3438.443  -8.891   0.1012  0.1737   1470.028   3421.616   1469.927   3421.443   1449.821   3438.272 N000555
  2330.122   3426.568 -11.398   2328.922   3378.633 -11.399   0.1217  0.0679   2332.570   3437.503   2332.448   3437.436   2328.799   3378.574 N000556
     0.000      0.000   0.000      0.000      0.000   0.000   0.0000  0.0000      0.000      0.000   2852.461   3450.931   2852.234   3349.046 N000557
     0.000      0.000   0.000      0.000      0.000   0.000   0.0000  0.0000      0.000      0.000   2335.806   3459.435   2332.040   3400.902 N000558
     0.000      0.000   0.000      0.000      0.000   0.000   0.0000  0.0000      0.000      0.000   3229.971   3481.928   3229.504   3350.473 N000559
     0.000      0.000   0.000      0.000      0.000   0.000   0.0000  0.0000      0.000      0.000   1982.939   3492.438   1973.677   3465.553 N000560
     0.000      0.000   0.000      0.000      0.000   0.000   0.0000  0.0000      0.000      0.000    609.905   3498.949    555.440   3601.703 N000561
  1739.038   3488.900  -9.637   1727.168   3494.735  -9.638   0.0384 -0.1002   1741.472   3499.840   1741.433   3499.940   1727.127   3494.842 N000562
     0.000      0.000   0.000      0.000      0.000   0.000   0.0000  0.0000      0.000      0.000   1846.936   3512.439   1834.792   3498.292 N000563
  1836.747   3514.290  -9.098   1826.725   3512.209  -9.099  -0.0035 -0.1791   1839.182   3525.229   1839.185   3525.408   1826.726   3512.394 N000564
     0.000      0.000   0.000      0.000      0.000   0.000   0.0000  0.0000      0.000      0.000   1022.415   3534.346    985.377   3597.834 N000565
     0.000      0.000   0.000      0.000      0.000   0.000   0.0000  0.0000      0.000      0.000   3328.973   3557.427   3328.158   3419.879 N000566
     0.000      0.000   0.000      0.000      0.000   0.000   0.0000  0.0000      0.000      0.000   2188.444   3562.874   2181.917   3520.170 N000567
     0.000      0.000   0.000      0.000      0.000   0.000   0.0000  0.0000      0.000      0.000   2143.443   3567.937   2136.182   3529.334 N000568
  1601.410   3593.549  -9.333   1584.714   3615.735  -9.334   1.3100 -0.1514   1603.839   3604.489   1602.529   3604.641   1583.366   3616.013 N000569
   835.852   3644.087  -9.091    790.924   3742.099  -9.092  -0.0860  0.0875    838.261   3655.034    838.347   3654.947    791.016   3741.999 N000570
     0.000      0.000   0.000      0.000      0.000   0.000   0.0000  0.0000      0.000      0.000    846.910   3654.947    799.957   3741.141 N000571
     0.000      0.000   0.000      0.000      0.000   0.000   0.0000  0.0000      0.000      0.000   2584.391   3667.808   2581.753   3594.222 N000572
  4043.817   3666.755  -8.963   4039.724   3487.700  -8.964  -0.1272  0.0329   4046.308   3677.676   4046.435   3677.643   4039.850   3487.657 N000573
  2865.645   3674.157  -9.216   2867.196   3588.163  -9.217   0.1455  0.1567   2868.106   3685.087   2867.961   3684.930   2867.051   3588.014 N000574
   808.212   3687.220  -9.034    761.034   3790.089  -9.035   0.0759  0.0840    810.621   3698.167    810.545   3698.083    760.957   3790.009 N000575
  3546.217   3689.001 -10.267   3546.950   3548.547 -10.268   0.0612  0.0011   3548.695   3699.926   3548.634   3699.925   3546.889   3548.551 N000576
  1981.065   3694.723 -10.494   1971.950   3686.025 -10.495   0.0649  0.1516   1983.503   3705.660   1983.438   3705.509   1971.886   3685.874 N000577
  1457.628   3696.014 -10.123   1435.199   3735.742 -10.124   0.1277  0.0141   1460.053   3706.956   1459.925   3706.941   1435.068   3735.739 N000578
     0.000      0.000   0.000      0.000      0.000   0.000   0.0000  0.0000      0.000      0.000   2610.954   3714.932   2608.270   3640.564 N000579
  3489.533   3720.249 -10.632   3490.638   3585.038 -10.633   0.0330  0.0486   3492.009   3731.174   3491.976   3731.125   3490.605   3584.991 N000580
   758.309   3722.092  -9.051    707.959   3831.759  -9.052   0.0308  0.1477    760.716   3733.039    760.685   3732.891    707.930   3831.607 N000581
  3857.768   3732.591 -10.403   3856.170   3569.076 -10.403  -0.2055  0.0909   3860.254   3743.513   3860.459   3743.422   3856.373   3568.967 N000582
     0.000      0.000   0.000      0.000      0.000   0.000   0.0000  0.0000      0.000      0.000   1979.938   3758.437   1967.701   3741.097 N000583
     0.000      0.000   0.000      0.000      0.000   0.000   0.0000  0.0000      0.000      0.000   1947.437   3790.437   1934.135   3777.289 N000584
     0.000      0.000   0.000      0.000      0.000   0.000   0.0000  0.0000      0.000      0.000   1515.426   3809.441   1490.584   3837.358 N000585
  1629.746   3801.688  -9.424   1610.729   3829.620  -9.424   0.1285  0.1883   1632.175   3812.628   1632.047   3812.440   1610.600   3829.436 N000586
     0.000      0.000   0.000      0.000      0.000   0.000   0.0000  0.0000      0.000      0.000   2629.454   3836.432   2626.184   3764.520 N000587
     0.000      0.000   0.000      0.000      0.000   0.000   0.0000  0.0000      0.000      0.000    919.811   3852.445    871.589   3941.040 N000588
     0.000      0.000   0.000      0.000      0.000   0.000   0.0000  0.0000      0.000      0.000   2037.439   3878.472   2024.960   3860.615 N000589
  3376.353   3871.527 -10.265   3377.972   3749.572 -10.266  -0.1475  0.0268   3378.825   3882.452   3378.973   3882.425   3378.119   3749.533 N000590
     0.000      0.000   0.000      0.000      0.000   0.000   0.0000  0.0000      0.000      0.000   3848.585   3883.221   3845.189   3713.234 N000591
  1310.850   3904.933 -11.554   1279.724   3968.261 -11.555  -0.1502 -0.0668   1313.270   3915.875   1313.420   3915.942   1279.879   3968.317 N000592
   961.414   3908.501  -9.870    916.002   4007.057  -9.870  -0.0577  0.0012    963.826   3919.446    963.884   3919.445    916.062   4007.050 N000593
  1786.484   3908.748 -10.885   1770.097   3926.561 -10.885   0.0120  0.0816   1788.917   3919.686   1788.905   3919.604   1770.086   3926.477 N000594
     0.000      0.000   0.000      0.000      0.000   0.000   0.0000  0.0000      0.000      0.000   1004.965   3925.944    958.808   4009.708 N000595
     0.000      0.000   0.000      0.000      0.000   0.000   0.0000  0.0000      0.000      0.000   3267.970   3930.426   3267.212   3808.033 N000596
  1338.239   3948.557 -12.544   1307.252   4011.330 -12.545   0.0652  0.0574   1340.660   3959.499   1340.595   3959.441   1307.185   4011.276 N000597
  1290.611   3957.106 -11.404   1257.694   4025.019 -11.405   0.1109  0.1058   1293.031   3968.048   1292.920   3967.942   1257.581   4024.920 N000598
  1938.482   3984.647 -11.578   1924.795   3991.597 -11.579  -0.0179  0.1471   1940.918   3995.583   1940.936   3995.436   1924.815   3991.442 N000599
     0.000      0.000   0.000      0.000      0.000   0.000   0.0000  0.0000      0.000      0.000   3645.479   4000.956   3643.793   3850.342 N000600
  1778.001   4024.941 -10.561   1759.605   4048.840 -10.562   0.0010 -0.0587   1780.433   4035.879   1780.432   4035.938   1759.603   4048.902 N000601
     0.000      0.000   0.000      0.000      0.000   0.000   0.0000  0.0000      0.000      0.000   2735.456   4047.930   2731.796   3974.618 N000602
  2369.580   4113.158  -8.894   2362.977   4086.193  -8.895   0.1801  0.1584   2372.026   4124.091   2371.846   4123.932   2362.796   4086.044 N000603
