     0.000      0.000   0.000      0.000      0.000   0.000   0.0000  0.0000      0.000      0.000    282.147   -143.707     -1.000     -1.000 N000001
     0.000      0.000   0.000      0.000      0.000   0.000   0.0000  0.0000      0.000      0.000    472.153   -120.042     -1.000     -1.000 N000002
     0.000      0.000   0.000      0.000      0.000   0.000   0.0000  0.0000      0.000      0.000    877.167   -116.546     -1.000     -1.000 N000003
   332.312    -48.854 -11.482    321.618     87.534 -11.567  -0.1603  0.1457    344.460    -40.894    344.620    -41.039    321.784     87.379 N000004
     0.000      0.000   0.000      0.000      0.000   0.000   0.0000  0.0000      0.000      0.000   2328.714    -18.407     -1.000     -1.000 N000005
   724.972     -9.106  -9.858    724.606    100.373  -9.943  -0.0282 -0.1059    737.133     -1.148    737.161     -1.042    724.635    100.475 N000006
  1272.473     -5.933 -10.361   1280.652     67.842 -10.446  -0.0272  0.0667   1284.652      2.019   1284.679      1.953   1280.679     67.775 N000007
  2819.524     28.845  -8.736   2820.627      6.857  -8.821   0.0237 -0.1553   2831.754     36.784   2831.731     36.939   2820.605      7.009 N000008
   764.682     70.932  -8.752    765.061    176.604  -8.836  -0.0457 -0.1135    776.843     78.891    776.889     79.005    765.107    176.713 N000009
  2273.024     90.650 -11.116   2281.648     99.844 -11.201   0.0239  0.1497   2285.236     98.595   2285.212     98.445   2281.624     99.700 N000010
  3387.668     96.286 -13.503   3377.224     38.950 -13.588   0.1683 -0.0057   3399.917    104.221   3399.749    104.227   3377.060     38.965 N000011
   132.948    102.774 -12.932    114.842    251.431 -13.017  -0.0523 -0.1390    145.088    110.740    145.140    110.879    114.896    251.565 N000012
   537.995    110.417  -9.551    532.826    230.906  -9.636  -0.0383 -0.0831    550.149    118.379    550.187    118.462    532.865    230.985 N000013
   441.567    138.863 -10.281    433.582    265.667 -10.366   0.0672 -0.1374    453.718    146.826    453.650    146.963    433.512    265.808 N000014
  2368.367    183.394 -12.036   2376.562    184.462 -12.120  -0.1331 -0.1058   2380.581    191.341   2380.714    191.446   2376.694    184.557 N000015
  1833.939    187.425 -10.780   1844.926    221.675 -10.865  -0.0607 -0.0752   1846.136    195.376   1846.197    195.451   1844.987    221.745 N000016
  1619.964    221.232  -9.621   1630.687    268.434  -9.705  -0.0356  0.2097   1632.154    229.186   1632.189    228.977   1630.722    268.226 N000017
  2881.765    221.461 -10.934   2883.160    190.360 -11.019  -0.2056 -0.0389   2893.996    229.403   2894.202    229.442   2883.362    190.385 N000018
  1939.173    290.880 -10.853   1950.290    316.338 -10.938   0.1726 -0.1195   1951.372    298.833   1951.199    298.953   1950.118    316.466 N000019
     0.000      0.000   0.000      0.000      0.000   0.000   0.0000  0.0000      0.000      0.000    700.095    310.339    685.966    410.428 N000020
     0.000      0.000   0.000      0.000      0.000   0.000   0.0000  0.0000      0.000      0.000   1882.197    329.954   1881.279    351.252 N000021
     0.000      0.000   0.000      0.000      0.000   0.000   0.0000  0.0000      0.000      0.000   1478.683    330.458   1476.477    377.867 N000022
  2178.129    350.894 -11.741   2188.492    359.990 -11.826   0.1289 -0.1064   2190.336    358.845   2190.207    358.951   2188.364    360.102 N000023
  1247.380    353.544 -10.403   1255.286    422.930 -10.488  -0.1205  0.0438   1259.555    361.504   1259.676    361.460   1255.408    422.879 N000024
     0.000      0.000   0.000      0.000      0.000   0.000   0.0000  0.0000      0.000      0.000   3712.257    392.152   3684.011    299.834 N000025
     0.000      0.000   0.000      0.000      0.000   0.000   0.0000  0.0000      0.000      0.000   1510.184    399.459   1508.208    443.679 N000026
   997.369    399.067 -10.767   1001.527    484.764 -10.851  -0.1312  0.0669   1009.536    407.030   1009.667    406.963   1001.661    484.689 N000027
     0.000      0.000   0.000      0.000      0.000   0.000   0.0000  0.0000      0.000      0.000   1094.670    416.463   1088.051    488.272 N000028
     0.000      0.000   0.000      0.000      0.000   0.000   0.0000  0.0000      0.000      0.000   1132.671    422.463   1126.620    491.612 N000029
  1094.730    420.284  -8.540   1100.448    499.077  -8.624   0.1303 -0.2163   1106.900    428.247   1106.770    428.463   1100.315    499.299 N000030
     0.000      0.000   0.000      0.000      0.000   0.000   0.0000  0.0000      0.000      0.000   3143.738    429.477   3129.626    370.002 N000031
  3177.531    447.741 -13.304   3174.913    392.734 -13.389   0.0307  0.1954   3189.770    455.685   3189.739    455.490   3174.881    392.546 N000032
     0.000      0.000   0.000      0.000      0.000   0.000   0.0000  0.0000      0.000      0.000   2480.216    466.951   2476.467    447.523 N000033
     0.000      0.000   0.000      0.000      0.000   0.000   0.0000  0.0000      0.000      0.000    207.806    486.389    177.582    620.343 N000034
  2063.311    484.511  -9.243   2074.581    498.262  -9.328  -0.1889  0.0109   2075.513    492.466   2075.702    492.455   2074.769    498.239 N000035
   166.790    499.558 -12.783    147.454    643.538 -12.868  -0.2097  0.0582    178.929    507.531    179.138    507.473    147.672    643.465 N000036
  2317.777    522.375  -9.081   2327.802    519.089  -9.166  -0.0228 -0.1245   2329.987    530.329   2330.010    530.454   2327.825    519.210 N000037
  1581.271    530.561  -8.862   1591.989    575.100  -8.946  -0.2293  0.0606   1593.456    538.521   1593.685    538.461   1592.220    575.025 N000038
  1791.322    555.937 -13.040   1802.868    586.163 -13.124  -0.1782 -0.0625   1803.514    563.897   1803.692    563.959   1803.046    586.213 N000039
     0.000      0.000   0.000      0.000      0.000   0.000   0.0000  0.0000      0.000      0.000   1447.180    568.463   1444.615    614.434 N000040
  2792.486    569.182  -8.714   2797.476    534.924  -8.798  -0.0141  0.1823   2804.711    577.132   2804.726    576.950   2797.489    534.745 N000041
     0.000      0.000   0.000      0.000      0.000   0.000   0.0000  0.0000      0.000      0.000   2418.796    578.454   2416.069    560.585 N000042
     0.000      0.000   0.000      0.000      0.000   0.000   0.0000  0.0000      0.000      0.000   3267.574    587.446   3252.084    516.381 N000043
     0.000      0.000   0.000      0.000      0.000   0.000   0.0000  0.0000      0.000      0.000   1826.993    587.959   1826.400    608.294 N000044
     0.000      0.000   0.000      0.000      0.000   0.000   0.0000  0.0000      0.000      0.000   2744.723    607.451   2738.494    568.337 N000045
    69.389    608.704 -10.092     45.262    759.739 -10.176  -0.1115  0.2044     81.523    616.681     81.634    616.476     45.380    759.526 N000046
     0.000      0.000   0.000      0.000      0.000   0.000   0.0000  0.0000      0.000      0.000   2031.199    622.458   2030.632    628.804 N000047
     0.000      0.000   0.000      0.000      0.000   0.000   0.0000  0.0000      0.000      0.000   2912.336    623.950   2903.719    573.964 N000048
  1143.969    617.081  -9.281   1149.925    690.278  -9.365  -0.0308  0.0810   1156.139    625.047   1156.170    624.967   1149.956    690.196 N000049
  2361.135    627.465 -11.870   2371.178    619.348 -11.955   0.1353 -0.0354   2373.346    635.420   2373.211    635.455   2371.044    619.391 N000050
     0.000      0.000   0.000      0.000      0.000   0.000   0.0000  0.0000      0.000      0.000   2154.203    658.958   2153.361    656.644 N000051
  1650.028    666.837 -11.126   1661.072    704.846 -11.210   0.0276 -0.1629   1662.214    674.800   1662.187    674.963   1661.044    705.009 N000052
     0.000      0.000   0.000      0.000      0.000   0.000   0.0000  0.0000      0.000      0.000   1471.180    676.165   1468.679    719.149 N000053
     0.000      0.000   0.000      0.000      0.000   0.000   0.0000  0.0000      0.000      0.000    409.207    677.912    384.705    796.351 N000054
  2584.586    677.295 -10.978   2592.746    653.896 -11.063   0.0865 -0.2054   2596.804    685.249   2596.718    685.454   2592.662    654.103 N000055
  3247.578    678.613 -12.357   3245.232    613.551 -12.442   0.0780  0.1133   3259.818    686.561   3259.740    686.448   3245.155    613.445 N000056
  1468.138    695.652 -10.124   1477.851    745.651 -10.209   0.1376  0.1516   1480.318    703.617   1480.180    703.465   1477.713    745.511 N000057
     0.000      0.000   0.000      0.000      0.000   0.000   0.0000  0.0000      0.000      0.000   4082.267    721.441   4046.459    597.903 N000058
     0.000      0.000   0.000      0.000      0.000   0.000   0.0000  0.0000      0.000      0.000    597.651    736.974    578.598    841.302 N000059
     0.000      0.000   0.000      0.000      0.000   0.000   0.0000  0.0000      0.000      0.000   1784.590    738.863   1783.938    759.809 N000060
  2832.710    735.937 -10.411   2837.997    695.565 -10.496   0.2100 -0.0632   2844.936    743.890   2844.726    743.953   2837.790    695.640 N000061
     0.000      0.000   0.000      0.000      0.000   0.000   0.0000  0.0000      0.000      0.000   1316.774    750.768   1312.451    803.584 N000062
     0.000      0.000   0.000      0.000      0.000   0.000   0.0000  0.0000      0.000      0.000   3803.258    751.444   3776.002    643.734 N000063
     0.000      0.000   0.000      0.000      0.000   0.000   0.0000  0.0000      0.000      0.000   2532.528    752.394   2529.389    723.874 N000064
     0.000      0.000   0.000      0.000      0.000   0.000   0.0000  0.0000      0.000      0.000   3829.258    759.944   3801.354    650.452 N000065
  1728.697    757.638  -9.218   1740.061    789.140  -9.302   0.1972  0.1378   1740.886    765.602   1740.689    765.464   1739.863    789.017 N000066
  3282.191    779.946  -9.617   3279.854    710.399  -9.701   0.1909 -0.0543   3294.431    787.896   3294.240    787.950   3279.667    710.464 N000067
  1326.830    782.445  -9.388   1334.842    841.301  -9.472  -0.1696 -0.0545   1339.005    790.414   1339.175    790.468   1335.014    841.343 N000068
     0.000      0.000   0.000      0.000      0.000   0.000   0.0000  0.0000      0.000      0.000    510.647    791.976    488.581    902.572 N000069
  1513.497    788.655  -9.400   1523.446    834.492  -9.484  -0.0027  0.1555   1525.678    796.622   1525.681    796.467   1523.449    834.338 N000070
     0.000      0.000   0.000      0.000      0.000   0.000   0.0000  0.0000      0.000      0.000   1629.685    796.966   1628.232    827.683 N000071
   937.602    793.546 -10.421    939.098    879.899 -10.505   0.1017  0.0456    949.764    801.518    949.662    801.472    938.994    879.861 N000072
     0.000      0.000   0.000      0.000      0.000   0.000   0.0000  0.0000      0.000      0.000   2857.642    808.121   2850.840    757.691 N000073
  1204.593    806.597 -12.008   1210.846    873.823 -12.092   0.0934  0.0970   1216.764    814.567   1216.671    814.470   1210.752    873.733 N000074
     0.000      0.000   0.000      0.000      0.000   0.000   0.0000  0.0000      0.000      0.000   2087.700    821.462   2087.298    820.930 N000075
  2203.945    816.948  -8.841   2215.377    815.799  -8.925  -0.0545 -0.0516   2216.149    824.909   2216.204    824.961   2215.432    815.846 N000076
  3008.940    818.778 -10.602   3011.941    765.540 -10.686  -0.0350 -0.1470   3021.171    826.731   3021.206    826.878   3011.977    765.682 N000077
  2107.378    841.042 -10.328   2119.139    845.946 -10.413  -0.1221  0.0418   2119.578    849.004   2119.701    848.962   2119.261    845.897 N000078
   144.211    843.011 -11.281    120.969    988.450 -11.366   0.2105  0.0114    156.345    850.992    156.135    850.980    120.750    988.455 N000079
     0.000      0.000   0.000      0.000      0.000   0.000   0.0000  0.0000      0.000      0.000   1616.684    854.967   1615.052    885.934 N000080
  1555.814    847.358 -10.398   1565.998    889.652 -10.482  -0.1608 -0.1418   1567.996    855.326   1568.157    855.467   1566.160    889.781 N000081
  2182.675    867.791 -10.315   2194.259    867.290 -10.399   0.1751 -0.1778   2194.878    875.753   2194.703    875.931   2194.085    867.477 N000082
  2864.704    872.247  -8.771   2870.207    827.144  -8.855   0.2037  0.1039   2876.929    880.202   2876.726    880.098   2870.005    827.055 N000083
  2768.866    873.212 -10.126   2775.662    834.251 -10.210  -0.1342  0.2119   2781.088    881.168   2781.222    880.956   2775.794    834.034 N000084
     0.000      0.000   0.000      0.000      0.000   0.000   0.0000  0.0000      0.000      0.000   2565.465    901.542   2562.512    868.250 N000085
     0.000      0.000   0.000      0.000      0.000   0.000   0.0000  0.0000      0.000      0.000   2343.707    910.961   2342.465    892.101 N000086
   391.589    917.321  -8.909    377.024   1043.833  -8.993   0.0889 -0.0544    403.732    925.300    403.643    925.355    376.932   1043.894 N000087
  1290.790    919.504  -9.000   1297.870    979.757  -9.085  -0.1436  0.0041   1302.962    927.475   1303.106    927.471   1298.016    979.743 N000088
  2812.143    934.372 -10.085   2818.648    891.513 -10.170   0.1427 -0.1282   2824.366    942.329   2824.223    942.457   2818.508    891.648 N000089
  2391.518    936.938 -13.206   2402.187    921.553 -13.290   0.0176 -0.0620   2403.727    944.899   2403.709    944.961   2402.170    921.615 N000090
     0.000      0.000   0.000      0.000      0.000   0.000   0.0000  0.0000      0.000      0.000    550.647    945.479    528.613   1052.840 N000091
     0.000      0.000   0.000      0.000      0.000   0.000   0.0000  0.0000      0.000      0.000   2161.826    951.964   2161.381    944.652 N000092
     0.000      0.000   0.000      0.000      0.000   0.000   0.0000  0.0000      0.000      0.000   2892.725    955.457   2886.134    899.992 N000093
  1552.068    950.356  -8.792   1561.992    991.926  -8.877   0.0679 -0.1437   1564.249    958.326   1564.181    958.469   1561.923    992.073 N000094
     0.000      0.000   0.000      0.000      0.000   0.000   0.0000  0.0000      0.000      0.000   1819.725    960.967   1819.055    976.810 N000095
  2325.110    956.555 -10.896   2336.209    945.290 -10.981   0.1100  0.0546   2337.317    964.517   2337.207    964.462   2336.099    945.244 N000096
  2169.571    958.602  -9.283   2181.292    957.720  -9.367   0.0713  0.1020   2181.773    966.566   2181.702    966.464   2181.221    957.624 N000097
  1059.271    965.085 -10.704   1062.323   1041.716 -10.789  -0.1999  0.0846   1071.435    973.059   1071.635    972.974   1062.527   1041.617 N000098
     0.000      0.000   0.000      0.000      0.000   0.000   0.0000  0.0000      0.000      0.000   2413.209    977.087   2411.678    952.632 N000099
  1086.799    974.250  -9.808   1090.321   1048.835  -9.892  -0.2005  0.2496   1098.965    982.224   1099.165    981.974   1090.527   1048.572 N000100
     0.000      0.000   0.000      0.000      0.000   0.000   0.0000  0.0000      0.000      0.000   2053.197    981.765   2052.921    981.417 N000101
  1954.282    989.561  -8.894   1966.154   1002.901  -8.979  -0.2181  0.0108   1966.476    997.527   1966.694    997.517   1966.372   1002.875 N000102
  1409.845   1008.071 -10.120   1418.134   1059.223 -10.205  -0.1546  0.0973   1422.021   1016.043   1422.176   1015.946   1418.291   1059.115 N000103
  2129.944   1017.159 -10.667   2141.793   1018.213 -10.751  -0.0563  0.1588   2142.144   1025.124   2142.200   1024.965   2141.849   1018.052 N000104
  1972.605   1023.128 -10.478   1984.490   1034.839 -10.563   0.1051  0.1275   1984.800   1031.094   1984.695   1030.967   1984.385   1034.720 N000105
   533.113   1023.584 -10.628    522.319   1139.343 -10.713   0.1128  0.0845    545.259   1031.565    545.146   1031.480    522.203   1139.267 N000106
  1799.349   1028.641  -8.681   1810.747   1052.245  -8.765  -0.1512  0.1970   1811.537   1036.610   1811.689   1036.413   1810.899   1052.039 N000107
  3751.110   1029.744 -10.496   3739.786    925.610 -10.581   0.1099  0.1964   3763.364   1037.694   3763.254   1037.498   3739.677    925.425 N000108
  2360.176   1044.855 -10.951   2371.234   1030.026 -11.036   0.1757 -0.1453   2372.383   1052.818   2372.207   1052.964   2371.060   1030.181 N000109
     0.000      0.000   0.000      0.000      0.000   0.000   0.0000  0.0000      0.000      0.000   1746.686   1059.970   1745.530   1079.910 N000110
     0.000      0.000   0.000      0.000      0.000   0.000   0.0000  0.0000      0.000      0.000   1838.189   1064.969   1837.470   1078.480 N000111
  3739.626   1057.365 -10.486   3728.837    953.349 -10.570   0.1012 -0.1348   3751.879   1065.316   3751.778   1065.451   3728.740    953.487 N000112
  3082.917   1059.425 -10.458   3086.012    996.870 -10.543  -0.0829 -0.0750   3095.148   1067.382   3095.231   1067.457   3086.094    996.938 N000113
  1396.350   1068.079 -11.555   1404.255   1119.808 -11.640  -0.1501  0.0795   1408.525   1076.053   1408.675   1075.973   1404.407   1119.718 N000114
  2833.859   1072.085 -10.646   2840.657   1025.485 -10.731  -0.1409  0.0852   2846.082   1080.045   2846.223   1079.960   2840.796   1025.392 N000115
  1840.304   1076.981  -8.642   1851.807   1097.279  -8.727  -0.1964 -0.0195   1852.493   1084.950   1852.690   1084.969   1852.004   1097.285 N000116
   950.123   1091.278 -11.860    950.136   1175.528 -11.944   0.1227 -0.2217    962.283   1099.256    962.160   1099.478    950.009   1175.758 N000117
  2735.706   1091.543  -8.713   2743.750   1051.086  -8.798   0.2063  0.0432   2747.926   1099.504   2747.719   1099.461   2743.546   1051.057 N000118
  1511.496   1095.065 -10.563   1520.621   1138.392 -10.648  -0.0043  0.0650   1523.674   1103.038   1523.679   1102.973   1520.626   1138.327 N000119
  1721.864   1099.465 -10.710   1732.720   1127.863 -10.795  -0.1355 -0.0353   1734.050   1107.436   1734.186   1107.471   1732.857   1127.888 N000120
     0.000      0.000   0.000      0.000      0.000   0.000   0.0000  0.0000      0.000      0.000   1225.668   1120.913   1218.530   1177.683 N000121
  2263.832   1113.177 -12.385   2275.402   1103.992 -12.470  -0.1684  0.1769   2276.035   1121.143   2276.204   1120.966   2275.570   1103.806 N000122
  1165.702   1119.739 -10.351   1169.874   1187.965 -10.435   0.2022  0.1639   1177.869   1127.715   1177.667   1127.551   1169.669   1187.816 N000123
     0.000      0.000   0.000      0.000      0.000   0.000   0.0000  0.0000      0.000      0.000   2226.302   1130.367   2225.826   1116.492 N000124
   455.399   1130.164 -10.922    441.018   1252.128 -11.007  -0.1012  0.1641    467.542   1138.147    467.643   1137.983    441.124   1251.955 N000125
  1378.460   1148.689  -9.762   1385.799   1201.280  -9.847  -0.0397  0.1885   1390.634   1156.664   1390.674   1156.475   1385.840   1201.089 N000126
  2630.475   1168.154 -12.856   2639.809   1133.588 -12.940  -0.0254  0.1537   2642.690   1176.117   2642.715   1175.964   2639.834   1133.435 N000127
   189.402   1182.049  -9.648    164.292   1325.333  -9.732  -0.0984  0.0493    201.535   1190.036    201.634   1189.987    164.395   1325.275 N000128
  1485.507   1197.655 -10.307   1493.969   1242.270 -10.391   0.0074  0.1283   1497.684   1205.630   1497.677   1205.501   1493.962   1242.143 N000129
  1014.414   1211.787 -10.867   1015.013   1291.079 -10.951  -0.0629 -0.1907   1026.575   1219.766   1026.638   1219.957   1015.076   1291.265 N000130
     0.000      0.000   0.000      0.000      0.000   0.000   0.0000  0.0000      0.000      0.000    784.582   1220.053    767.099   1309.734 N000131
  2029.213   1212.473  -9.894   2041.034   1218.407  -9.978   0.2128 -0.0270   2041.408   1220.443   2041.195   1220.470   2040.821   1218.448 N000132
  3113.040   1219.757 -14.113   3116.462   1152.579 -14.198   0.0397 -0.0553   3125.271   1227.717   3125.231   1227.773   3116.423   1152.636 N000133
  1083.758   1226.697 -11.196   1085.711   1300.775 -11.280   0.2355  0.1969   1095.922   1234.676   1095.686   1234.479   1085.472   1300.596 N000134
  1361.281   1228.630  -8.985   1368.008   1282.156  -9.069  -0.0525  0.1305   1373.453   1236.607   1373.506   1236.477   1368.062   1282.022 N000135
     0.000      0.000   0.000      0.000      0.000   0.000   0.0000  0.0000      0.000      0.000   1449.175   1236.976   1444.747   1276.998 N000136
     0.000      0.000   0.000      0.000      0.000   0.000   0.0000  0.0000      0.000      0.000   2266.274   1241.897   2265.732   1224.097 N000137
  2133.134   1238.174 -12.777   2144.981   1236.653 -12.861   0.1338  0.1744   2145.332   1246.144   2145.198   1245.970   2144.847   1236.489 N000138
     0.000      0.000   0.000      0.000      0.000   0.000   0.0000  0.0000      0.000      0.000   1484.676   1252.476   1480.613   1289.855 N000139
  1563.700   1253.086 -10.207   1572.794   1291.791 -10.291   0.1997  0.0865   1575.879   1261.062   1575.679   1260.975   1572.593   1291.719 N000140
     0.000      0.000   0.000      0.000      0.000   0.000   0.0000  0.0000      0.000      0.000   1893.290   1261.472   1892.462   1269.506 N000141
  1783.244   1254.591  -8.770   1794.114   1277.533  -8.855   0.0443  0.0906   1795.431   1262.564   1795.386   1262.473   1794.070   1277.446 N000142
  2117.449   1260.413  -9.134   2129.286   1259.786  -9.218  -0.0508 -0.0538   2129.647   1268.383   2129.698   1268.437   2129.337   1259.836 N000143
  1503.969   1268.095  -9.010   1512.356   1311.069  -9.094  -0.1671  0.1863   1516.146   1276.072   1516.313   1275.885   1512.526   1310.871 N000144
  2436.555   1269.898 -10.411   2447.493   1247.203 -10.495   0.0546 -0.1019   2448.763   1277.866   2448.708   1277.968   2447.438   1247.307 N000145
     0.000      0.000   0.000      0.000      0.000   0.000   0.0000  0.0000      0.000      0.000   1944.191   1279.472   1943.523   1283.784 N000146
     0.000      0.000   0.000      0.000      0.000   0.000   0.0000  0.0000      0.000      0.000   1295.225   1284.479   1288.338   1335.664 N000147
     0.000      0.000   0.000      0.000      0.000   0.000   0.0000  0.0000      0.000      0.000   3639.748   1289.615   3621.232   1180.322 N000148
     0.000      0.000   0.000      0.000      0.000   0.000   0.0000  0.0000      0.000      0.000   1360.672   1296.478   1354.735   1342.798 N000149
     0.000      0.000   0.000      0.000      0.000   0.000   0.0000  0.0000      0.000      0.000   2007.122   1303.401   2006.590   1303.107 N000150
  2789.755   1307.670 -10.987   2797.880   1260.652 -11.071   0.1500  0.1704   2801.975   1315.635   2801.825   1315.465   2797.731   1260.494 N000151
     0.000      0.000   0.000      0.000      0.000   0.000   0.0000  0.0000      0.000      0.000   1359.671   1316.979   1353.611   1363.329 N000152
  1259.073   1313.900 -11.058   1263.742   1374.790 -11.143   0.0733 -0.0995   1271.242   1321.880   1271.168   1321.980   1263.667   1374.895 N000153
  1455.865   1344.613 -12.713   1463.313   1390.869 -12.798  -0.1350  0.1130   1468.040   1352.591   1468.175   1352.478   1463.450   1390.746 N000154
  3638.731   1344.429 -14.306   3632.663   1241.315 -14.391   0.0138 -0.0924   3650.979   1352.387   3650.965   1352.480   3632.650   1241.407 N000155
  1954.404   1349.997 -10.981   1965.848   1360.186 -11.065  -0.0960 -0.0027   1966.595   1357.971   1966.691   1357.974   1965.944   1360.182 N000156
  2588.681   1351.773  -8.511   2598.756   1317.843  -8.596   0.1805  0.0228   2600.893   1359.741   2600.713   1359.718   2598.577   1317.833 N000157
     0.000      0.000   0.000      0.000      0.000   0.000   0.0000  0.0000      0.000      0.000   1474.775   1363.278   1470.080   1401.036 N000158
     0.000      0.000   0.000      0.000      0.000   0.000   0.0000  0.0000      0.000      0.000   1741.184   1364.976   1739.197   1383.295 N000159
  1370.765   1357.836 -11.867   1376.961   1410.359 -11.952   0.1403 -0.1638   1382.937   1365.816   1382.797   1365.979   1376.818   1410.533 N000160
  3972.427   1361.180  -9.325   3958.174   1236.715  -9.410  -0.0734  0.1802   3984.685   1369.135   3984.759   1368.955   3958.243   1236.533 N000161
  1747.052   1367.985 -11.125   1757.344   1392.930 -11.210   0.0517 -0.0153   1759.236   1375.961   1759.184   1375.976   1757.292   1392.949 N000162
     0.000      0.000   0.000      0.000      0.000   0.000   0.0000  0.0000      0.000      0.000   2212.699   1375.972   2212.228   1360.721 N000163
     0.000      0.000   0.000      0.000      0.000   0.000   0.0000  0.0000      0.000      0.000   2521.210   1377.344   2519.635   1340.717 N000164
     0.000      0.000   0.000      0.000      0.000   0.000   0.0000  0.0000      0.000      0.000   2204.699   1382.472   2204.230   1367.733 N000165
     0.000      0.000   0.000      0.000      0.000   0.000   0.0000  0.0000      0.000      0.000   2955.224   1386.854   2949.551   1320.733 N000166
     0.000      0.000   0.000      0.000      0.000   0.000   0.0000  0.0000      0.000      0.000   1416.173   1395.480   1410.513   1437.515 N000167
     0.000      0.000   0.000      0.000      0.000   0.000   0.0000  0.0000      0.000      0.000   1014.128   1395.983   1000.946   1468.381 N000168
  3367.930   1391.475  -8.752   3367.812   1305.094  -8.837   0.0013 -0.0249   3380.168   1399.436   3380.167   1399.461   3367.811   1305.119 N000169
     0.000      0.000   0.000      0.000      0.000   0.000   0.0000  0.0000      0.000      0.000   2190.698   1410.373   2190.214   1396.423 N000170
  1666.450   1403.184 -11.214   1675.955   1433.849 -11.299  -0.0502  0.1836   1678.631   1411.161   1678.681   1410.977   1676.006   1433.662 N000171
     0.000      0.000   0.000      0.000      0.000   0.000   0.0000  0.0000      0.000      0.000   3378.738   1411.462   3366.480   1317.039 N000172
  1633.787   1412.340  -9.621   1642.945   1445.365  -9.706  -0.1293 -0.1601   1645.968   1420.318   1646.097   1420.478   1643.075   1445.515 N000173
  1150.391   1422.017 -10.040   1152.325   1491.111 -10.125  -0.1085  0.0174   1162.555   1430.000   1162.664   1429.983   1152.436   1491.085 N000174
  2172.555   1425.252 -10.961   2184.247   1419.545 -11.045   0.0549  0.1267   2184.753   1433.225   2184.698   1433.098   2184.192   1419.423 N000175
  3240.904   1428.390  -9.264   3243.258   1349.822  -9.348  -0.0960 -0.1105   3253.138   1436.353   3253.234   1436.463   3243.353   1349.925 N000176
  1903.000   1429.173  -9.505   1914.059   1442.631  -9.590  -0.0267  0.1996   1915.189   1437.149   1915.215   1436.949   1914.086   1442.430 N000177
  1397.925   1432.432  -9.361   1404.102   1482.862  -9.446  -0.0750 -0.0383   1410.097   1440.413   1410.172   1440.451   1404.178   1482.895 N000178
     0.000      0.000   0.000      0.000      0.000   0.000   0.0000  0.0000      0.000      0.000    622.146   1443.488    597.579   1546.772 N000179
  2587.945   1456.084  -9.806   2598.176   1421.204  -9.890  -0.0554  0.0844   2600.156   1464.054   2600.212   1463.970   2598.231   1421.117 N000180
     0.000      0.000   0.000      0.000      0.000   0.000   0.0000  0.0000      0.000      0.000   2430.206   1467.472   2429.160   1436.359 N000181
     0.000      0.000   0.000      0.000      0.000   0.000   0.0000  0.0000      0.000      0.000   2133.196   1474.475   2132.620   1464.204 N000182
   920.314   1469.738  -8.858    916.601   1556.711  -8.943   0.0365  0.1265    932.470   1477.723    932.434   1477.597    916.565   1556.587 N000183
  2899.681   1480.405 -10.128   2907.085   1424.018 -10.213   0.1543 -0.0946   2911.903   1488.373   2911.748   1488.468   2906.933   1424.122 N000184
     0.000      0.000   0.000      0.000      0.000   0.000   0.0000  0.0000      0.000      0.000   1222.365   1492.683   1212.850   1549.345 N000185
  1836.362   1487.296 -12.720   1846.886   1505.359 -12.805  -0.1377 -0.2038   1848.549   1495.274   1848.686   1495.478   1847.024   1505.552 N000186
  1463.751   1490.460  -9.843   1470.531   1535.959  -9.927   0.2181 -0.0405   1475.925   1498.441   1475.707   1498.481   1470.310   1536.016 N000187
     0.000      0.000   0.000      0.000      0.000   0.000   0.0000  0.0000      0.000      0.000   1766.184   1500.478   1763.912   1516.548 N000188
  1530.641   1496.357  -8.936   1538.259   1536.869  -9.020   0.1408 -0.1430   1542.817   1504.338   1542.676   1504.481   1538.116   1537.022 N000189
  1563.944   1502.040  -9.286   1571.935   1540.073  -9.371  -0.0555  0.0397   1576.122   1510.020   1576.177   1509.980   1571.991   1540.029 N000190
  2124.791   1503.687 -10.562   2136.360   1500.934 -10.646  -0.1809  0.1869   2136.987   1511.662   2137.168   1511.475   2136.541   1500.735 N000191
     0.000      0.000   0.000      0.000      0.000   0.000   0.0000  0.0000      0.000      0.000   1173.300   1515.484   1162.647   1575.955 N000192
     0.000      0.000   0.000      0.000      0.000   0.000   0.0000  0.0000      0.000      0.000   2275.284   1520.057   2274.638   1499.471 N000193
  1399.496   1535.300 -11.702   1405.072   1585.649 -11.786  -0.0042 -0.2004   1411.667   1543.282   1411.671   1543.483   1405.075   1585.849 N000194
  2175.745   1535.546 -10.307   2187.305   1529.011 -10.392   0.1621  0.0457   2187.943   1543.521   2187.781   1543.475   2187.143   1528.977 N000195
     0.000      0.000   0.000      0.000      0.000   0.000   0.0000  0.0000      0.000      0.000   2244.173   1544.896   2243.527   1526.381 N000196
  4004.623   1538.866 -12.286   3991.116   1409.389 -12.370   0.1233 -0.1345   4016.882   1546.824   4016.758   1546.958   3990.998   1409.529 N000197
     0.000      0.000   0.000      0.000      0.000   0.000   0.0000  0.0000      0.000      0.000    933.489   1548.404    916.981   1627.655 N000198
  2332.761   1544.834 -10.958   2344.172   1527.116 -11.043  -0.0919 -0.1659   2344.964   1552.808   2345.055   1552.974   2344.263   1527.275 N000199
   486.742   1546.900  -9.597    468.695   1669.047  -9.682   0.2421 -0.0996    498.883   1554.892    498.641   1554.991    468.443   1669.167 N000200
     0.000      0.000   0.000      0.000      0.000   0.000   0.0000  0.0000      0.000      0.000   1860.686   1569.050   1858.860   1578.073 N000201
     0.000      0.000   0.000      0.000      0.000   0.000   0.0000  0.0000      0.000      0.000   1686.180   1571.481   1682.894   1593.341 N000202
     0.000      0.000   0.000      0.000      0.000   0.000   0.0000  0.0000      0.000      0.000   1897.687   1572.479   1896.072   1578.792 N000203
     0.000      0.000   0.000      0.000      0.000   0.000   0.0000  0.0000      0.000      0.000   3066.226   1585.968   3059.805   1510.187 N000204
     0.000      0.000   0.000      0.000      0.000   0.000   0.0000  0.0000      0.000      0.000   1842.685   1593.480   1840.647   1603.780 N000205
  2022.162   1585.867 -11.535   2033.315   1590.174 -11.620   0.1624 -0.1332   2034.354   1593.845   2034.192   1593.978   2033.152   1590.318 N000206
     0.000      0.000   0.000      0.000      0.000   0.000   0.0000  0.0000      0.000      0.000    607.644   1605.876    580.677   1711.652 N000207
     0.000      0.000   0.000      0.000      0.000   0.000   0.0000  0.0000      0.000      0.000   1263.666   1606.485   1254.088   1660.289 N000208
  1845.676   1606.411  -9.853   1855.854   1623.546  -9.937   0.1764 -0.0894   1857.862   1614.391   1857.686   1614.480   1855.676   1623.648 N000209
  1677.124   1606.870 -10.563   1685.851   1636.470 -10.648   0.1244 -0.1299   1689.304   1614.852   1689.180   1614.982   1685.725   1636.609 N000210
  1394.937   1608.410  -9.458   1399.964   1659.236  -9.543  -0.0628 -0.0564   1407.108   1616.394   1407.171   1616.451   1400.027   1659.288 N000211
     0.000      0.000   0.000      0.000      0.000   0.000   0.0000  0.0000      0.000      0.000   1726.208   1619.981   1723.100   1638.858 N000212
  2032.933   1627.492 -11.124   2044.018   1630.907 -11.208  -0.0667 -0.0078   2045.125   1635.471   2045.192   1635.479   2044.085   1630.910 N000213
     0.000      0.000   0.000      0.000      0.000   0.000   0.0000  0.0000      0.000      0.000   2222.698   1646.977   2221.917   1629.555 N000214
     0.000      0.000   0.000      0.000      0.000   0.000   0.0000  0.0000      0.000      0.000   2783.252   1659.472   2780.127   1602.439 N000215
  1060.538   1653.123  -9.936   1058.582   1730.055 -10.021   0.0379  0.1227   1072.697   1661.111   1072.659   1660.988   1058.544   1729.934 N000216
  1932.733   1653.034 -11.509   1943.284   1663.717 -11.593   0.2328  0.0339   1944.921   1661.014   1944.688   1660.980   1943.050   1663.700 N000217
  2410.441   1653.192 -10.194   2421.595   1629.427 -10.279  -0.0313 -0.2798   2422.645   1661.168   2422.676   1661.448   2421.626   1629.703 N000218
  1198.497   1668.493  -8.975   1199.469   1734.693  -9.060  -0.0026 -0.0069   1210.661   1676.480   1210.664   1676.487   1199.472   1734.700 N000219
  1273.831   1668.544  -9.428   1276.292   1728.884  -9.513  -0.1693  0.0437   1285.997   1676.530   1286.166   1676.487   1276.465   1728.827 N000220
     0.000      0.000   0.000      0.000      0.000   0.000   0.0000  0.0000      0.000      0.000   1227.664   1680.487   1216.781   1737.394 N000221
  2389.988   1673.707 -10.150   2401.183   1651.307 -10.234   0.0506 -0.0118   2402.191   1681.683   2402.141   1681.695   2401.132   1651.322 N000222
  2110.842   1693.505  -8.900   2122.001   1691.104  -8.985   0.0415  0.2051   2123.035   1701.484   2122.994   1701.279   2121.960   1690.902 N000223
     0.000      0.000   0.000      0.000      0.000   0.000   0.0000  0.0000      0.000      0.000   2520.707   1703.017   2519.290   1664.133 N000224
   165.620   1695.494 -10.745    132.074   1846.450 -10.829   0.1201 -0.0388    177.749   1703.492    177.629   1703.531    131.948   1846.500 N000225
  3356.300   1697.664 -10.625   3358.021   1608.336 -10.709  -0.2242  0.1398   3368.535   1705.631   3368.759   1705.491   3358.241   1608.182 N000226
     0.000      0.000   0.000      0.000      0.000   0.000   0.0000  0.0000      0.000      0.000   1275.749   1712.987   1265.556   1766.312 N000227
     0.000      0.000   0.000      0.000      0.000   0.000   0.0000  0.0000      0.000      0.000   2084.967   1714.980   2083.786   1707.348 N000228
     0.000      0.000   0.000      0.000      0.000   0.000   0.0000  0.0000      0.000      0.000   1690.679   1723.884   1686.701   1745.498 N000229
     0.000      0.000   0.000      0.000      0.000   0.000   0.0000  0.0000      0.000      0.000   1528.174   1736.485   1522.079   1770.448 N000230
  2963.151   1729.038  -9.963   2970.513   1666.158 -10.047   0.1515  0.0384   2975.374   1737.010   2975.222   1736.972   2970.364   1666.131 N000231
     0.000      0.000   0.000      0.000      0.000   0.000   0.0000  0.0000      0.000      0.000   2332.701   1738.478   2331.758   1712.867 N000232
     0.000      0.000   0.000      0.000      0.000   0.000   0.0000  0.0000      0.000      0.000   3715.747   1753.065   3698.794   1632.295 N000233
  2118.904   1765.257  -9.339   2129.908   1762.154  -9.424  -0.0962  0.0574   2131.097   1773.238   2131.194   1773.181   2130.005   1762.090 N000234
  1931.157   1767.363 -10.553   1941.282   1778.106 -10.638   0.1568 -0.1370   1943.344   1775.345   1943.187   1775.482   1941.124   1778.255 N000235
     0.000      0.000   0.000      0.000      0.000   0.000   0.0000  0.0000      0.000      0.000   2260.698   1778.979   2259.715   1758.460 N000236
  1415.780   1773.225 -10.341   1419.978   1823.067 -10.426   0.0152  0.0489   1427.950   1781.213   1427.935   1781.164   1419.963   1823.019 N000237
     0.000      0.000   0.000      0.000      0.000   0.000   0.0000  0.0000      0.000      0.000   2008.214   1781.982   2006.500   1779.933 N000238
  1544.883   1777.979  -9.157   1551.049   1817.903  -9.242  -0.0262 -0.0664   1557.057   1785.965   1557.083   1786.032   1551.075   1817.968 N000239
  1533.064   1785.177 -10.518   1539.019   1826.037 -10.603   0.0643  0.1775   1545.238   1793.164   1545.174   1792.986   1538.955   1825.864 N000240
  1644.641   1786.234 -10.047   1652.067   1818.572 -10.132   0.1406 -0.0328   1656.818   1794.219   1656.678   1794.252   1651.925   1818.616 N000241
  1957.966   1791.790  -9.964   1968.156   1800.552 -10.048  -0.0340 -0.2095   1970.154   1799.773   1970.188   1799.983   1968.189   1800.759 N000242
  1453.277   1795.057  -9.656   1457.938   1842.109  -9.740  -0.1162  0.0570   1465.448   1803.044   1465.564   1802.987   1458.056   1842.043 N000243
     0.000      0.000   0.000      0.000      0.000   0.000   0.0000  0.0000      0.000      0.000   1417.669   1807.488   1409.324   1850.279 N000244
     0.000      0.000   0.000      0.000      0.000   0.000   0.0000  0.0000      0.000      0.000   1190.662   1813.452   1177.816   1874.111 N000245
  2945.067   1806.702 -10.459   2952.802   1744.590 -10.544   0.0665  0.2016   2957.287   1814.675   2957.221   1814.474   2952.736   1744.394 N000246
  2039.689   1808.632 -10.216   2050.258   1811.339 -10.301   0.1891  0.1318   2051.880   1816.614   2051.691   1816.482   2050.068   1811.221 N000247
  1264.241   1808.848  -9.894   1265.340   1870.740  -9.979  -0.0922 -0.1518   1276.406   1816.838   1276.498   1816.989   1265.433   1870.886 N000248
     0.000      0.000   0.000      0.000      0.000   0.000   0.0000  0.0000      0.000      0.000    774.148   1819.547    750.015   1913.959 N000249
     0.000      0.000   0.000      0.000      0.000   0.000   0.0000  0.0000      0.000      0.000   2461.704   1820.978   2460.437   1785.896 N000250
     0.000      0.000   0.000      0.000      0.000   0.000   0.0000  0.0000      0.000      0.000   2101.192   1824.339   2099.754   1815.424 N000251
  1859.696   1816.826  -8.911   1869.095   1832.971  -8.996   0.1964 -0.1745   1871.881   1824.810   1871.684   1824.984   1868.896   1833.161 N000252
  1274.920   1822.408  -9.781   1276.112   1883.554  -9.866  -0.0797 -0.0919   1287.085   1830.398   1287.165   1830.490   1276.192   1883.640 N000253
     0.000      0.000   0.000      0.000      0.000   0.000   0.0000  0.0000      0.000      0.000   1990.272   1830.150   1988.279   1829.455 N000254
  1193.034   1823.619 -11.756   1192.497   1891.257 -11.841   0.0336  0.1192   1205.196   1831.610   1205.162   1831.490   1192.464   1891.140 N000255
     0.000      0.000   0.000      0.000      0.000   0.000   0.0000  0.0000      0.000      0.000   2365.701   1831.389   2364.602   1803.190 N000256
     0.000      0.000   0.000      0.000      0.000   0.000   0.0000  0.0000      0.000      0.000   2780.715   1831.476   2777.834   1773.663 N000257
  2273.109   1825.411  -9.361   2284.239   1811.009  -9.446   0.1089 -0.0886   2285.307   1833.392   2285.198   1833.480   2284.130   1811.106 N000258
     0.000      0.000   0.000      0.000      0.000   0.000   0.0000  0.0000      0.000      0.000   1883.113   1833.984   1880.372   1841.318 N000259
  2808.445   1832.625 -10.518   2817.484   1779.938 -10.603  -0.0554  0.1245   2820.661   1840.600   2820.716   1840.475   2817.539   1779.810 N000260
  2151.694   1833.812 -11.357   2162.608   1828.267 -11.442   0.1943 -0.1884   2163.888   1841.793   2163.694   1841.982   2162.413   1828.470 N000261
     0.000      0.000   0.000      0.000      0.000   0.000   0.0000  0.0000      0.000      0.000   1164.244   1845.074   1150.495   1908.095 N000262
     0.000      0.000   0.000      0.000      0.000   0.000   0.0000  0.0000      0.000      0.000   1478.171   1846.051   1470.552   1884.362 N000263
     0.000      0.000   0.000      0.000      0.000   0.000   0.0000  0.0000      0.000      0.000   3822.440   1854.966   3803.860   1726.145 N000264
     0.000      0.000   0.000      0.000      0.000   0.000   0.0000  0.0000      0.000      0.000   1506.672   1855.988   1499.437   1892.143 N000265
  2993.128   1848.763 -11.021   3000.446   1783.086 -11.105   0.1278  0.1442   3005.350   1856.737   3005.222   1856.593   3000.319   1782.951 N000266
  1041.142   1852.378 -10.493   1036.709   1932.441 -10.578   0.1417 -0.1223   1053.299   1860.370   1053.157   1860.492   1036.562   1932.576 N000267
  1016.356   1855.435 -10.921   1011.243   1937.534 -11.005  -0.1441 -0.0647   1028.512   1863.428   1028.656   1863.493   1011.390   1937.588 N000268
  2242.438   1862.631 -11.181   2253.468   1850.439 -11.266  -0.0622  0.1309   2254.635   1870.612   2254.697   1870.481   2253.530   1850.304 N000269
  1761.496   1864.352 -10.841   1769.762   1888.054 -10.925  -0.0038 -0.1093   1773.677   1872.338   1773.681   1872.447   1769.765   1888.164 N000270
     0.000      0.000   0.000      0.000      0.000   0.000   0.0000  0.0000      0.000      0.000    284.631   1881.500    240.858   2018.210 N000271
  2148.636   1873.097 -14.191   2159.432   1867.790 -14.276   0.1364  0.0748   2160.830   1881.079   2160.694   1881.004   2159.295   1867.725 N000272
  1208.775   1876.736  -9.777   1208.072   1943.562  -9.862  -0.1890 -0.1216   1220.938   1884.727   1221.127   1884.849   1208.264   1943.669 N000273
     0.000      0.000   0.000      0.000      0.000   0.000   0.0000  0.0000      0.000      0.000   2292.698   1886.981   2291.532   1864.027 N000274
  2585.680   1882.615 -13.209   2596.100   1845.587 -13.293   0.1800  0.1147   2597.888   1890.593   2597.708   1890.479   2595.921   1845.486 N000275
  1631.275   1887.124  -9.233   1637.913   1920.896  -9.318  -0.1750  0.0744   1643.451   1895.112   1643.626   1895.038   1638.091   1920.808 N000276
  1370.702   1888.098 -10.076   1373.195   1942.177 -10.160   0.1665  0.0983   1382.870   1896.088   1382.703   1895.990   1373.026   1942.091 N000277
  2720.483   1890.619  -9.530   2730.194   1843.948  -9.615   0.0139  0.1187   2732.695   1898.596   2732.681   1898.477   2730.180   1843.831 N000278
  1071.489   1896.407 -10.025   1067.348   1974.461 -10.109  -0.0114 -0.0934   1083.646   1904.400   1083.658   1904.493   1067.359   1974.554 N000279
   953.289   1899.385  -9.733    945.963   1987.095  -9.818  -0.1395 -0.1149    965.443   1907.379    965.582   1907.494    946.105   1987.200 N000280
  1788.179   1903.186 -10.199   1796.498   1924.999 -10.284   0.1794  0.1862   1800.361   1911.173   1800.181   1910.986   1796.318   1924.826 N000281
  2476.301   1903.915 -11.637   2487.082   1874.726 -11.722  -0.1990 -0.0848   2488.505   1911.895   2488.704   1911.980   2487.280   1874.796 N000282
  1733.326   1907.478 -11.330   1741.048   1933.502 -11.414  -0.1742 -0.0224   1745.505   1915.465   1745.680   1915.487   1741.224   1933.511 N000283
  1281.430   1916.448  -8.964   1281.903   1977.827  -9.048   0.0304 -0.0519   1293.595   1924.440   1293.564   1924.491   1281.871   1977.882 N000284
   965.392   1925.656 -11.273    958.097   2012.680 -11.358  -0.1078  0.0933    977.546   1933.650    977.654   1933.557    958.209   2012.577 N000285
     0.000      0.000   0.000      0.000      0.000   0.000   0.0000  0.0000      0.000      0.000    500.638   1936.499     -1.000     -1.000 N000286
  2662.044   1934.315  -9.107   2672.092   1891.720  -9.192   0.0438 -0.1132   2674.254   1942.294   2674.210   1942.407   2672.049   1891.836 N000287
     0.000      0.000   0.000      0.000      0.000   0.000   0.0000  0.0000      0.000      0.000   2637.292   1944.979   2635.308   1897.052 N000288
  2720.045   1937.586 -10.164   2729.771   1890.836 -10.249   0.0453  0.0858   2732.258   1945.564   2732.212   1945.478   2729.726   1890.754 N000289
  2285.282   1944.221  -9.108   2296.169   1928.925  -9.193   0.0320  0.1583   2297.480   1952.203   2297.448   1952.045   2296.137   1928.769 N000290
  2451.788   1954.377 -11.067   2462.559   1926.933 -11.152  -0.2125 -0.1234   2463.991   1962.358   2464.203   1962.481   2462.771   1927.041 N000291
  2648.105   1954.996 -10.437   2658.213   1913.371 -10.522   0.1050 -0.0040   2660.315   1962.975   2660.210   1962.979   2658.109   1913.383 N000292
  3182.602   1956.501 -12.052   3187.938   1877.165 -12.137   0.1020  0.0006   3194.830   1964.475   3194.728   1964.474   3187.837   1877.172 N000293
  1401.807   1961.676 -11.866   1404.249   2013.885 -11.951  -0.1932  0.1765   1413.975   1969.668   1414.168   1969.491   1404.447   2013.692 N000294
     0.000      0.000   0.000      0.000      0.000   0.000   0.0000  0.0000      0.000      0.000   3874.450   1969.468   3855.542   1836.193 N000295
     0.000      0.000   0.000      0.000      0.000   0.000   0.0000  0.0000      0.000      0.000    535.139   1971.500     -1.000     -1.000 N000296
  2103.845   1963.625 -11.543   2114.167   1961.804 -11.627  -0.1549  0.1253   2116.037   1971.610   2116.191   1971.485   2114.323   1961.667 N000297
  1120.434   1966.049 -10.495   1116.763   2040.881 -10.580  -0.0663  0.0490   1132.592   1974.043   1132.659   1973.994   1116.832   2040.826 N000298
  2447.018   1973.341 -10.316   2457.770   1946.248 -10.401   0.0183 -0.1594   2459.221   1981.322   2459.203   1981.482   2457.751   1946.409 N000299
     0.000      0.000   0.000      0.000      0.000   0.000   0.0000  0.0000      0.000      0.000    595.641   1988.499     -1.000     -1.000 N000300
     0.000      0.000   0.000      0.000      0.000   0.000   0.0000  0.0000      0.000      0.000   2887.017   1987.778   2883.451   1921.960 N000301
     0.000      0.000   0.000      0.000      0.000   0.000   0.0000  0.0000      0.000      0.000   2562.806   2006.981   2561.062   1964.390 N000302
  2820.435   2004.944  -9.318   2829.527   1950.922  -9.403  -0.0652 -0.0557   2832.650   2012.923   2832.715   2012.979   2829.592   1950.973 N000303
   167.989   2007.885 -13.346    133.756   2112.705 -13.430  -0.0109 -0.1151    180.116   2015.889    180.126   2016.004    133.766   2112.821 N000304
     0.000      0.000   0.000      0.000      0.000   0.000   0.0000  0.0000      0.000      0.000   1405.117   2019.492     -1.000     -1.000 N000305
  2010.395   2014.429 -10.971   2019.973   2019.818 -11.056  -0.1050 -0.0711   2022.583   2022.416   2022.688   2022.487   2020.078   2019.882 N000306
     0.000      0.000   0.000      0.000      0.000   0.000   0.0000  0.0000      0.000      0.000   3165.926   2029.376   3159.581   1943.828 N000307
     0.000      0.000   0.000      0.000      0.000   0.000   0.0000  0.0000      0.000      0.000   2474.203   2037.983   2472.637   2001.863 N000308
  2375.058   2030.835  -9.583   2385.778   2009.073  -9.667   0.0578 -0.1146   2387.258   2038.819   2387.200   2038.933   2385.720   2009.192 N000309
  3055.549   2046.139  -9.921   3062.598   1975.382 -10.005   0.0491  0.1387   3067.772   2054.116   3067.723   2053.977   3062.549   1975.247 N000310
  2157.627   2048.084  -9.128   2167.870   2042.523  -9.213   0.1267  0.0844   2169.819   2056.070   2169.693   2055.986   2167.743   2042.448 N000311
  2354.078   2056.233 -12.354   2364.738   2036.073 -12.439   0.0785  0.1708   2366.278   2064.218   2366.199   2064.047   2364.660   2035.907 N000312
  2557.732   2060.270  -9.295   2568.103   2025.184  -9.380   0.1608 -0.0871   2569.938   2068.252   2569.777   2068.340   2567.943   2025.283 N000313
  3119.623   2072.323 -11.597   3126.021   1997.005 -11.681   0.1231 -0.1773   3131.848   2080.300   3131.725   2080.477   3125.899   1997.190 N000314
     0.000      0.000   0.000      0.000      0.000   0.000   0.0000  0.0000      0.000      0.000   2539.705   2100.983     -1.000     -1.000 N000315
  1732.911   2095.069 -11.728   1743.135   2069.900 -11.813  -0.0888  0.0687   1745.089   2103.060   1745.178   2102.991   1743.225   2069.824 N000316
  1604.726   2100.850  -9.394   1613.317   2085.770  -9.478   0.1148 -0.1499   1616.900   2108.842   1616.785   2108.992   1613.200   2085.930 N000317
  1967.795   2121.565 -11.196   1980.062   2078.401 -11.280  -0.2049  0.0653   1979.981   2129.554   1980.186   2129.489   1980.268   2078.320 N000318
  1368.394   2125.823 -10.537   1372.847   2129.884 -10.622  -0.1056 -0.1775   1380.560   2133.817   1380.666   2133.995   1372.953   2130.055 N000319
     0.000      0.000   0.000      0.000      0.000   0.000   0.0000  0.0000      0.000      0.000    823.647   2138.500    801.457   2181.079 N000320
  1447.201   2138.971  -9.848   1453.037   2136.780  -9.933   0.0859 -0.0293   1459.369   2146.965   1459.284   2146.994   1452.949   2136.817 N000321
  1942.115   2139.294  -9.602   1954.127   2098.191  -9.687   0.1150 -0.1433   1954.300   2147.284   1954.185   2147.427   1954.011   2098.344 N000322
     0.000      0.000   0.000      0.000      0.000   0.000   0.0000  0.0000      0.000      0.000   2336.197   2149.028   2337.684   2070.987 N000323
  1969.452   2154.102  -9.937   1981.620   2110.982 -10.021  -0.0478  0.1025   1981.638   2162.092   1981.685   2161.990   1981.668   2110.875 N000324
  2225.352   2155.929 -11.225   2238.840   2093.325 -11.310  -0.1215 -0.0712   2237.546   2163.916   2237.668   2163.987   2238.962   2093.387 N000325
   509.039   2157.407 -11.712    487.602   2234.759 -11.797   0.0390 -0.0929    521.176   2165.411    521.137   2165.504    487.560   2234.857 N000326
     0.000      0.000   0.000      0.000      0.000   0.000   0.0000  0.0000      0.000      0.000   2098.689   2167.489   2099.406   2107.448 N000327
     0.000      0.000   0.000      0.000      0.000   0.000   0.0000  0.0000      0.000      0.000   2063.164   2172.489   2063.666   2115.186 N000328
  2163.648   2166.207 -11.976   2176.906   2108.313 -12.061   0.1485  0.2066   2175.840   2174.195   2175.692   2173.988   2176.757   2108.117 N000329
  1638.317   2175.103 -11.203   1646.933   2157.954 -11.287  -0.1833  0.1033   1650.491   2183.097   1650.674   2182.993   1647.119   2157.835 N000330
  1728.540   2175.007 -10.607   1738.307   2150.738 -10.692   0.0398  0.0065   1740.717   2182.999   1740.677   2182.992   1738.267   2150.734 N000331
  2448.916   2179.059 -11.425   2462.537   2099.779 -11.509  -0.0839  0.0586   2461.117   2187.044   2461.201   2186.986   2462.621   2099.714 N000332
  2248.203   2182.035  -9.606   2261.707   2117.801  -9.691   0.2026  0.0349   2260.397   2190.023   2260.195   2189.988   2261.504   2117.781 N000333
  1763.189   2185.209 -11.312   1773.300   2158.299 -11.396  -0.2844  0.1822   1775.368   2193.201   1775.652   2193.019   1773.588   2158.093 N000334
  2502.588   2190.926  -9.824   2516.119   2107.686  -9.908   0.0885 -0.0737   2514.792   2198.912   2514.703   2198.986   2516.031   2107.766 N000335
  1449.142   2191.792  -9.962   1454.620   2189.967 -10.046   0.1424 -0.2076   1461.310   2199.788   1461.168   2199.995   1454.474   2190.188 N000336
  1330.112   2198.723  -9.721   1333.193   2206.690  -9.805   0.1119  0.1566   1342.276   2206.720   1342.164   2206.563   1333.080   2206.541 N000337
     0.000      0.000   0.000      0.000      0.000   0.000   0.0000  0.0000      0.000      0.000   1190.159   2208.498   1177.627   2221.064 N000338
  3153.032   2200.415 -11.225   3162.202   2069.997 -11.309   0.0322 -0.0851   3165.257   2208.395   3165.225   2208.480   3162.170   2070.084 N000339
     0.000      0.000   0.000      0.000      0.000   0.000   0.0000  0.0000      0.000      0.000   3583.239   2208.476     -1.000     -1.000 N000340
     0.000      0.000   0.000      0.000      0.000   0.000   0.0000  0.0000      0.000      0.000   1120.156   2213.999   1105.817   2232.489 N000341
  1236.257   2216.775 -11.135   1237.107   2232.707 -11.220   0.0191 -0.0578   1248.418   2224.773   1248.399   2224.831   1237.087   2232.767 N000342
  2552.423   2220.843 -11.169   2565.854   2133.968 -11.254  -0.0770 -0.1568   2564.627   2228.829   2564.704   2228.986   2565.931   2134.120 N000343
  1499.210   2236.997  -9.861   1505.234   2231.595  -9.945   0.1216 -0.0032   1511.379   2244.993   1511.257   2244.996   1505.110   2231.608 N000344
     0.000      0.000   0.000      0.000      0.000   0.000   0.0000  0.0000      0.000      0.000   3046.220   2249.020   3044.610   2119.035 N000345
  2149.897   2248.586 -10.095   2162.883   2192.156 -10.179  -0.1026  0.0864   2162.088   2256.576   2162.191   2256.490   2162.986   2192.061 N000346
   437.602   2251.645 -11.504    411.847   2337.138 -11.589   0.1020  0.1448    449.736   2259.651    449.634   2259.506    411.743   2337.000 N000347
     0.000      0.000   0.000      0.000      0.000   0.000   0.0000  0.0000      0.000      0.000   3193.475   2265.981   3190.360   2125.444 N000348
  1379.213   2258.404 -10.456   1382.801   2263.049 -10.541   0.2131 -0.0958   1391.378   2266.402   1391.165   2266.497   1382.583   2263.163 N000349
  1305.815   2261.564 -12.358   1307.822   2272.307 -12.442  -0.1847  0.0643   1317.978   2269.562   1318.162   2269.498   1308.011   2272.226 N000350
  2148.717   2272.349 -10.300   2161.627   2216.152 -10.385   0.2174 -0.1514   2160.908   2280.339   2160.691   2280.491   2161.408   2216.321 N000351
  2591.418   2274.443 -11.109   2604.771   2184.806 -11.194  -0.0823 -0.0572   2603.623   2282.429   2603.705   2282.486   2604.853   2184.857 N000352
  1352.294   2277.150 -11.203   1355.157   2284.251 -11.287  -0.2058  0.1262   1364.458   2285.148   1364.664   2285.022   1355.368   2284.106 N000353
  3229.920   2277.502  -8.982   3238.549   2141.447  -9.067  -0.0796  0.0017   3242.147   2285.482   3242.227   2285.480   3238.628   2141.440 N000354
  2303.297   2278.377  -9.491   2316.747   2210.396  -9.576  -0.1610 -0.1235   2315.493   2286.366   2315.654   2286.489   2316.908   2210.508 N000355
     0.000      0.000   0.000      0.000      0.000   0.000   0.0000  0.0000      0.000      0.000   2755.710   2287.485   2756.307   2178.636 N000356
   985.356   2282.706  -9.825    978.954   2320.731  -9.909  -0.1444  0.2057    997.507   2290.707    997.652   2290.502    979.105   2320.509 N000357
   389.746   2287.715 -10.454    361.372   2378.260 -10.538  -0.0314 -0.0910    401.878   2295.722    401.909   2295.813    361.403   2378.350 N000358
     0.000      0.000   0.000      0.000      0.000   0.000   0.0000  0.0000      0.000      0.000   1751.677   2296.045   1748.766   2263.907 N000359
     0.000      0.000   0.000      0.000      0.000   0.000   0.0000  0.0000      0.000      0.000   1252.160   2300.571   1240.221   2309.210 N000360
     0.000      0.000   0.000      0.000      0.000   0.000   0.0000  0.0000      0.000      0.000   2670.235   2303.486   2671.198   2200.982 N000361
     0.000      0.000   0.000      0.000      0.000   0.000   0.0000  0.0000      0.000      0.000   1738.176   2308.995   1735.020   2278.059 N000362
     0.000      0.000   0.000      0.000      0.000   0.000   0.0000  0.0000      0.000      0.000   1263.545   2312.000   1251.763   2319.849 N000363
     0.000      0.000   0.000      0.000      0.000   0.000   0.0000  0.0000      0.000      0.000   1728.176   2311.828   1724.872   2281.718 N000364
     0.000      0.000   0.000      0.000      0.000   0.000   0.0000  0.0000      0.000      0.000   1998.935   2314.493   1998.469   2263.082 N000365
     0.000      0.000   0.000      0.000      0.000   0.000   0.0000  0.0000      0.000      0.000   3449.733   2316.479   3443.463   2157.731 N000366
     0.000      0.000   0.000      0.000      0.000   0.000   0.0000  0.0000      0.000      0.000   1409.165   2316.998   1400.510   2312.826 N000367
     0.000      0.000   0.000      0.000      0.000   0.000   0.0000  0.0000      0.000      0.000    576.637   2317.606    543.132   2384.937 N000368
     0.000      0.000   0.000      0.000      0.000   0.000   0.0000  0.0000      0.000      0.000    612.139   2317.649    580.039   2381.818 N000369
     0.000      0.000   0.000      0.000      0.000   0.000   0.0000  0.0000      0.000      0.000    937.649   2317.703    916.969   2353.324 N000370
  2253.326   2312.563 -10.952   2266.567   2248.586 -11.037  -0.1742  0.0631   2265.520   2320.553   2265.694   2320.490   2266.742   2248.509 N000371
  2704.998   2314.550  -9.240   2718.011   2216.605  -9.324  -0.0015  0.0502   2717.207   2322.536   2717.209   2322.486   2718.012   2216.554 N000372
     0.000      0.000   0.000      0.000      0.000   0.000   0.0000  0.0000      0.000      0.000   1682.220   2323.905   1678.208   2297.598 N000373
     0.000      0.000   0.000      0.000      0.000   0.000   0.0000  0.0000      0.000      0.000   1200.194   2332.501   1186.682   2345.967 N000374
     0.000      0.000   0.000      0.000      0.000   0.000   0.0000  0.0000      0.000      0.000   2441.128   2333.917   2442.450   2248.659 N000375
     0.000      0.000   0.000      0.000      0.000   0.000   0.0000  0.0000      0.000      0.000   2117.189   2335.492   2117.485   2275.055 N000376
  1675.794   2333.930  -9.570   1683.913   2315.355  -9.654  -0.1060 -0.0702   1687.968   2341.926   1688.074   2341.996   1684.020   2315.417 N000377
  2144.134   2336.144 -11.600   2156.823   2280.731 -11.685   0.1338  0.1439   2156.324   2344.136   2156.190   2343.992   2156.689   2280.596 N000378
   560.071   2343.275 -10.231    538.025   2419.707 -10.315   0.0708 -0.1933    572.208   2351.282    572.137   2351.476    537.949   2419.911 N000379
  1097.428   2347.371  -9.838   1093.466   2376.877  -9.923  -0.1019 -0.1288   1109.582   2355.373   1109.684   2355.502   1093.569   2376.999 N000380
     0.000      0.000   0.000      0.000      0.000   0.000   0.0000  0.0000      0.000      0.000   1473.875   2357.457   1466.147   2348.487 N000381
     0.000      0.000   0.000      0.000      0.000   0.000   0.0000  0.0000      0.000      0.000   1669.618   2372.497   1665.091   2347.754 N000382
     0.000      0.000   0.000      0.000      0.000   0.000   0.0000  0.0000      0.000      0.000   2457.200   2374.802   2458.480   2288.540 N000383
  2506.527   2367.077 -10.258   2519.998   2284.153 -10.342   0.0268  0.0768   2518.729   2375.066   2518.702   2374.989   2519.971   2284.078 N000384
  2015.946   2372.630 -11.717   2027.617   2327.491 -11.801  -0.0537  0.1305   2028.132   2380.624   2028.185   2380.494   2027.672   2327.355 N000385
     0.000      0.000   0.000      0.000      0.000   0.000   0.0000  0.0000      0.000      0.000   1279.610   2381.951   1267.519   2389.491 N000386
  2680.513   2373.989  -9.602   2693.665   2278.058  -9.687   0.0130 -0.0113   2692.720   2381.976   2692.707   2381.988   2693.652   2278.070 N000387
   346.824   2387.100 -10.069    314.900   2483.812 -10.154  -0.1763  0.1004    358.953   2395.110    359.129   2395.010    315.086   2483.693 N000388
     0.000      0.000   0.000      0.000      0.000   0.000   0.0000  0.0000      0.000      0.000   2084.500   2394.994   2084.357   2337.577 N000389
     0.000      0.000   0.000      0.000      0.000   0.000   0.0000  0.0000      0.000      0.000   1700.174   2400.497   1695.895   2373.622 N000390
  1180.184   2393.419  -9.697   1177.909   2416.643  -9.781   0.1545 -0.0220   1192.341   2401.421   1192.187   2401.443   1177.750   2416.678 N000391
     0.000      0.000   0.000      0.000      0.000   0.000   0.0000  0.0000      0.000      0.000    683.640   2402.507    653.063   2462.057 N000392
   386.762   2407.792 -10.583    356.306   2501.352 -10.668  -0.1759 -0.2080    398.892   2415.802    399.068   2416.010    356.486   2501.549 N000393
  1635.541   2418.473 -10.312   1642.455   2404.179 -10.397   0.0405 -0.0271   1647.713   2426.471   1647.672   2426.498   1642.414   2404.210 N000394
     0.000      0.000   0.000      0.000      0.000   0.000   0.0000  0.0000      0.000      0.000   2774.710   2434.488   2775.394   2324.675 N000395
  1724.456   2429.608 -11.322   1732.616   2408.241 -11.406  -0.0438  0.1076   1736.631   2437.605   1736.675   2437.498   1732.661   2408.129 N000396
  1602.312   2433.173 -10.226   1608.577   2421.790 -10.310  -0.1251  0.1735   1614.483   2441.172   1614.609   2440.999   1608.706   2421.604 N000397
  1672.232   2434.311 -11.047   1679.598   2417.238 -11.131   0.2030 -0.1894   1684.406   2442.309   1684.203   2442.498   1679.390   2417.446 N000398
     0.000      0.000   0.000      0.000      0.000   0.000   0.0000  0.0000      0.000      0.000   1324.161   2443.002   1312.494   2447.759 N000399
     0.000      0.000   0.000      0.000      0.000   0.000   0.0000  0.0000      0.000      0.000   2489.109   2448.400   2490.314   2360.160 N000400
  1978.143   2443.373 -10.567   1989.165   2401.890 -10.652   0.1432 -0.1267   1990.327   2451.369   1990.183   2451.496   1989.020   2402.029 N000401
     0.000      0.000   0.000      0.000      0.000   0.000   0.0000  0.0000      0.000      0.000   2973.216   2455.486   2972.837   2331.023 N000402
     0.000      0.000   0.000      0.000      0.000   0.000   0.0000  0.0000      0.000      0.000   3894.747   2460.534   3881.734   2270.512 N000403
     0.000      0.000   0.000      0.000      0.000   0.000   0.0000  0.0000      0.000      0.000   2518.701   2463.463   2519.895   2373.072 N000404
   462.635   2457.263 -11.036    434.714   2545.094 -11.120   0.1345 -0.2366    474.767   2465.273    474.633   2465.510    434.570   2545.349 N000405
  1639.233   2459.236 -12.783   1645.894   2445.191 -12.868   0.2334  0.0766   1651.405   2467.235   1651.172   2467.158   1645.657   2445.133 N000406
  1392.992   2475.210  -9.925   1394.888   2481.816 -10.010  -0.0083  0.2102   1405.155   2483.212   1405.164   2483.002   1394.899   2481.601 N000407
  2276.100   2477.694  -8.647   2288.969   2413.177  -8.731  -0.0999  0.0937   2288.293   2485.687   2288.393   2485.594   2289.069   2413.075 N000408
     0.000      0.000   0.000      0.000      0.000   0.000   0.0000  0.0000      0.000      0.000   1836.678   2498.498   1833.576   2461.830 N000409
  2498.264   2490.478  -8.891   2511.615   2408.955  -8.976  -0.0357  0.0779   2510.465   2498.469   2510.501   2498.392   2511.650   2408.873 N000410
  2378.272   2491.856  -9.329   2391.439   2419.553  -9.414  -0.2004 -0.1437   2390.468   2499.849   2390.669   2499.993   2391.640   2419.682 N000411
  1743.826   2492.294 -11.128   1751.810   2470.177 -11.212  -0.1744 -0.2060   1756.001   2500.293   1756.175   2500.499   1751.986   2470.372 N000412
     0.000      0.000   0.000      0.000      0.000   0.000   0.0000  0.0000      0.000      0.000    717.141   2504.009    686.335   2562.793 N000413
     0.000      0.000   0.000      0.000      0.000   0.000   0.0000  0.0000      0.000      0.000   2276.193   2505.494   2276.756   2434.104 N000414
  2120.908   2501.069  -9.315   2132.826   2448.918  -9.399  -0.0530  0.1076   2133.096   2509.064   2133.149   2508.957   2132.880   2448.805 N000415
     0.000      0.000   0.000      0.000      0.000   0.000   0.0000  0.0000      0.000      0.000   3027.718   2510.487   3027.077   2382.198 N000416
     0.000      0.000   0.000      0.000      0.000   0.000   0.0000  0.0000      0.000      0.000   1329.602   2513.003   1317.343   2518.479 N000417
     0.000      0.000   0.000      0.000      0.000   0.000   0.0000  0.0000      0.000      0.000   4094.753   2521.977   4078.076   2318.135 N000418
     0.000      0.000   0.000      0.000      0.000   0.000   0.0000  0.0000      0.000      0.000   2301.284   2522.085   2301.898   2448.895 N000419
     0.000      0.000   0.000      0.000      0.000   0.000   0.0000  0.0000      0.000      0.000   2668.206   2524.491   2669.246   2423.173 N000420
     0.000      0.000   0.000      0.000      0.000   0.000   0.0000  0.0000      0.000      0.000   2010.684   2525.030   2009.338   2474.751 N000421
  2267.661   2527.670  -8.901   2280.337   2464.277  -8.985   0.1605  0.1700   2279.853   2535.665   2279.692   2535.495   2280.176   2464.118 N000422
  2220.510   2527.985  -9.766   2232.941   2468.285  -9.851   0.0103 -0.0153   2232.701   2535.980   2232.691   2535.995   2232.931   2468.301 N000423
     0.000      0.000   0.000      0.000      0.000   0.000   0.0000  0.0000      0.000      0.000   2193.134   2536.940   2193.144   2472.361 N000424
     0.000      0.000   0.000      0.000      0.000   0.000   0.0000  0.0000      0.000      0.000   2585.369   2541.992   2586.482   2447.094 N000425
  2793.433   2533.805 -11.021   2806.304   2430.212 -11.106  -0.0672 -0.1953   2805.643   2541.794   2805.710   2541.990   2806.371   2430.403 N000426
  3088.708   2537.352 -11.693   3099.807   2411.790 -11.777   0.2079 -0.1484   3100.928   2545.339   3100.720   2545.487   3099.601   2411.954 N000427
     0.000      0.000   0.000      0.000      0.000   0.000   0.0000  0.0000      0.000      0.000    485.171   2556.012    444.044   2637.167 N000428
     0.000      0.000   0.000      0.000      0.000   0.000   0.0000  0.0000      0.000      0.000    804.643   2576.109    776.006   2628.697 N000429
  1399.577   2568.788 -11.548   1400.678   2576.448 -11.633   0.0768 -0.2125   1411.740   2576.791   1411.663   2577.004   1400.597   2576.671 N000430
   802.221   2569.552  -9.825    786.055   2629.311  -9.910   0.2212  0.0524    814.364   2577.562    814.143   2577.509    785.827   2629.277 N000431
     0.000      0.000   0.000      0.000      0.000   0.000   0.0000  0.0000      0.000      0.000   1498.616   2579.503   1489.354   2571.885 N000432
  2637.159   2573.996 -12.965   2650.404   2482.525 -13.050   0.1588 -0.0037   2649.363   2581.988   2649.204   2581.992   2650.245   2482.541 N000433
  1166.333   2576.547 -10.157   1161.594   2604.332 -10.241  -0.1408  0.0474   1178.488   2584.553   1178.629   2584.506   1161.739   2604.271 N000434
     0.000      0.000   0.000      0.000      0.000   0.000   0.0000  0.0000      0.000      0.000   2109.186   2590.997   2108.357   2533.676 N000435
     0.000      0.000   0.000      0.000      0.000   0.000   0.0000  0.0000      0.000      0.000   2333.194   2591.495   2333.732   2516.514 N000436
   944.287   2589.320 -10.692    932.708   2636.857 -10.777  -0.2132 -0.1798    956.435   2597.328    956.648   2597.508    932.926   2637.022 N000437
  1718.744   2590.797 -11.011   1725.613   2572.179 -11.096   0.1386 -0.2029   1730.917   2598.798   1730.779   2599.001   1725.471   2572.396 N000438
     0.000      0.000   0.000      0.000      0.000   0.000   0.0000  0.0000      0.000      0.000   2516.700   2603.994   2517.700   2514.898 N000439
     0.000      0.000   0.000      0.000      0.000   0.000   0.0000  0.0000      0.000      0.000   1276.158   2606.005   1261.586   2617.779 N000440
     0.000      0.000   0.000      0.000      0.000   0.000   0.0000  0.0000      0.000      0.000   2171.788   2607.397   2171.357   2545.304 N000441
  1702.087   2606.154 -10.419   1708.567   2589.156 -10.504   0.0872  0.1538   1714.260   2614.155   1714.173   2614.001   1708.480   2589.007 N000442
  1108.411   2608.304 -10.239   1101.646   2641.796 -10.324  -0.0887 -0.1438   1120.564   2616.311   1120.653   2616.454   1101.735   2641.935 N000443
     0.000      0.000   0.000      0.000      0.000   0.000   0.0000  0.0000      0.000      0.000   2866.656   2627.991   2867.142   2512.375 N000444
     0.000      0.000   0.000      0.000      0.000   0.000   0.0000  0.0000      0.000      0.000    684.338   2629.511    650.318   2694.299 N000445
     0.000      0.000   0.000      0.000      0.000   0.000   0.0000  0.0000      0.000      0.000   2583.802   2629.394   2584.820   2535.369 N000446
  1419.999   2627.629 -12.315   1420.941   2634.650 -12.400  -0.0008  0.1288   1432.163   2635.633   1432.163   2635.505   1420.943   2634.519 N000447
  2569.454   2628.726  -9.201   2582.663   2542.931  -9.286  -0.0460  0.2262   2581.656   2636.720   2581.702   2636.494   2582.709   2542.699 N000448
   273.887   2638.505 -10.097    233.903   2748.821 -10.182  -0.1135  0.0053    286.012   2646.521    286.125   2646.515    234.022   2748.805 N000449
  1262.825   2645.509 -11.724   1259.832   2666.354 -11.809  -0.1755  0.0093   1274.983   2653.516   1275.158   2653.506   1260.012   2666.329 N000450
     0.000      0.000   0.000      0.000      0.000   0.000   0.0000  0.0000      0.000      0.000    104.119   2657.517     42.264   2777.570 N000451
  3528.661   2658.233 -10.680   3535.361   2501.086 -10.765   0.1610  0.0664   3540.895   2666.219   3540.734   2666.152   3535.202   2501.031 N000452
  2958.287   2660.855 -10.127   2970.541   2545.696 -10.211  -0.1847 -0.1172   2970.502   2668.846   2970.687   2668.963   2970.725   2545.800 N000453
  3749.288   2660.755  -9.714   3752.600   2487.922  -9.798  -0.1789  0.1888   3761.529   2668.739   3761.707   2668.550   3752.775   2487.720 N000454
  2453.834   2663.100 -11.088   2466.801   2586.627 -11.173  -0.1447  0.0997   2466.031   2671.095   2466.176   2670.996   2466.946   2586.515 N000455
     0.000      0.000   0.000      0.000      0.000   0.000   0.0000  0.0000      0.000      0.000   2251.791   2671.998   2251.619   2604.373 N000456
  1359.620   2664.516  -9.501   1358.792   2677.416  -9.586   0.1199  0.0157   1371.781   2672.521   1371.661   2672.506   1358.669   2677.410 N000457
  2759.011   2670.199  -9.099   2772.033   2570.233  -9.184   0.0115  0.1991   2771.219   2678.192   2771.208   2677.993   2772.021   2570.033 N000458
  3616.356   2669.680  -9.418   3621.853   2506.295  -9.503  -0.0501  0.0860   3628.593   2677.665   3628.643   2677.579   3621.902   2506.205 N000459
     0.000      0.000   0.000      0.000      0.000   0.000   0.0000  0.0000      0.000      0.000   1430.996   2692.422   1419.150   2692.651 N000460
  2685.629   2684.525 -13.469   2698.755   2590.325 -13.553   0.1288  0.0255   2697.834   2692.519   2697.705   2692.494   2698.626   2590.309 N000461
     0.000      0.000   0.000      0.000      0.000   0.000   0.0000  0.0000      0.000      0.000   3193.722   2694.389   3192.250   2554.729 N000462
     0.000      0.000   0.000      0.000      0.000   0.000   0.0000  0.0000      0.000      0.000   2950.714   2695.891   2950.891   2574.438 N000463
  1580.296   2693.610 -10.458   1583.870   2688.325 -10.542  -0.1703  0.1097   1592.465   2701.614   1592.635   2701.504   1584.045   2688.199 N000464
  1944.852   2699.826 -11.417   1954.013   2664.423 -11.502  -0.1484 -0.1737   1957.032   2707.827   1957.180   2708.001   1954.162   2664.587 N000465
     0.000      0.000   0.000      0.000      0.000   0.000   0.0000  0.0000      0.000      0.000   3021.216   2723.991   3021.062   2597.441 N000466
     0.000      0.000   0.000      0.000      0.000   0.000   0.0000  0.0000      0.000      0.000    314.625   2725.517    262.382   2827.521 N000467
  2035.987   2723.343 -11.505   2046.014   2680.899 -11.590  -0.0130 -0.1572   2048.170   2731.344   2048.183   2731.501   2046.026   2681.058 N000468
     0.000      0.000   0.000      0.000      0.000   0.000   0.0000  0.0000      0.000      0.000   2773.395   2737.932   2774.185   2630.372 N000469
     0.000      0.000   0.000      0.000      0.000   0.000   0.0000  0.0000      0.000      0.000    495.785   2738.515    451.891   2823.774 N000470
  1773.093   2734.244  -9.792   1779.639   2713.589  -9.877   0.0935  0.1556   1785.268   2742.247   1785.174   2742.091   1779.545   2713.438 N000471
   938.808   2751.073  -9.139    924.711   2803.010  -9.224  -0.0924  0.1235    950.954   2759.085    951.046   2758.961    924.809   2802.875 N000472
     0.000      0.000   0.000      0.000      0.000   0.000   0.0000  0.0000      0.000      0.000   1745.673   2759.504   1739.264   2734.469 N000473
  1623.113   2752.003  -9.485   1626.930   2744.247  -9.570   0.1128  0.0027   1635.282   2760.008   1635.169   2760.005   1626.815   2744.254 N000474
     0.000      0.000   0.000      0.000      0.000   0.000   0.0000  0.0000      0.000      0.000   2496.198   2772.497   2496.800   2686.896 N000475
  2038.585   2768.862  -8.964   2048.359   2726.952  -9.048   0.0854 -0.1376   2050.768   2776.864   2050.683   2777.002   2048.272   2727.099 N000476
     0.000      0.000   0.000      0.000      0.000   0.000   0.0000  0.0000      0.000      0.000    819.642   2777.227    788.446   2833.554 N000477
     0.000      0.000   0.000      0.000      0.000   0.000   0.0000  0.0000      0.000      0.000   1175.511   2784.367   1155.988   2808.867 N000478
     0.000      0.000   0.000      0.000      0.000   0.000   0.0000  0.0000      0.000      0.000   3353.016   2787.648   3350.325   2636.810 N000479
     0.000      0.000   0.000      0.000      0.000   0.000   0.0000  0.0000      0.000      0.000   2477.947   2792.498   2478.441   2708.597 N000480
     0.000      0.000   0.000      0.000      0.000   0.000   0.0000  0.0000      0.000      0.000   2243.689   2800.500   2242.890   2735.362 N000481
  1085.711   2793.870 -10.969   1075.764   2833.721 -11.054   0.1340  0.8704   1097.862   2801.881   1097.728   2801.011   1075.638   2832.840 N000482
     0.000      0.000   0.000      0.000      0.000   0.000   0.0000  0.0000      0.000      0.000   2773.707   2800.995   2774.465   2694.083 N000483
     0.000      0.000   0.000      0.000      0.000   0.000   0.0000  0.0000      0.000      0.000   2013.181   2804.002   2010.181   2757.632 N000484
     0.000      0.000   0.000      0.000      0.000   0.000   0.0000  0.0000      0.000      0.000   1791.174   2805.005   1785.113   2777.042 N000485
  1917.353   2801.189 -10.304   1925.451   2769.806 -10.388  -0.1474  0.1893   1929.531   2809.193   1929.679   2809.003   1925.602   2769.601 N000486
  3779.205   2803.238 -12.428   3782.995   2628.785 -12.513   0.2050  0.2377   3791.446   2811.224   3791.241   2810.986   3782.791   2628.561 N000487
     0.000      0.000   0.000      0.000      0.000   0.000   0.0000  0.0000      0.000      0.000   2468.497   2811.498   2468.902   2728.603 N000488
  2687.637   2812.892  -9.901   2700.637   2719.947  -9.986   0.1370 -0.1082   2699.841   2820.888   2699.704   2820.996   2700.500   2720.067 N000489
     0.000      0.000   0.000      0.000      0.000   0.000   0.0000  0.0000      0.000      0.000   2589.763   2824.997   2590.458   2732.718 N000490
  2312.160   2829.183  -9.380   2323.945   2766.142  -9.465   0.1241  0.1114   2324.351   2837.183   2324.227   2837.072   2323.821   2766.039 N000491
  1950.233   2833.301  -9.348   1958.520   2799.796  -9.433   0.1908 -0.1153   1962.412   2841.305   1962.221   2841.420   1958.326   2799.929 N000492
  2102.200   2841.158 -10.360   2112.189   2795.305 -10.445   0.0333  0.1577   2114.385   2849.160   2114.351   2849.002   2112.156   2795.147 N000493
  2464.534   2842.676  -9.907   2477.052   2767.681  -9.992   0.0341  0.1760   2476.731   2850.675   2476.697   2850.499   2477.019   2767.505 N000494
     0.000      0.000   0.000      0.000      0.000   0.000   0.0000  0.0000      0.000      0.000   1101.151   2852.421   1078.437   2885.277 N000495
     0.000      0.000   0.000      0.000      0.000   0.000   0.0000  0.0000      0.000      0.000    754.139   2856.730    719.093   2921.365 N000496
  2503.964   2851.231 -13.077   2516.592   2773.229 -13.162  -0.0360  0.1662   2516.162   2859.230   2516.198   2859.064   2516.629   2773.058 N000497
   756.182   2865.171  -9.122    733.546   2936.997  -9.206   0.1817  0.1705    768.321   2873.186    768.139   2873.016    733.360   2936.838 N000498
  1253.162   2871.630 -10.033   1247.089   2898.562 -10.118   0.1621 -0.3701   1265.318   2879.641   1265.156   2880.011   1246.918   2898.956 N000499
  1217.226   2878.770 -11.296   1210.037   2909.078 -11.380   0.2011 -0.2300   1229.381   2886.781   1229.180   2887.011   1209.827   2909.332 N000500
     0.000      0.000   0.000      0.000      0.000   0.000   0.0000  0.0000      0.000      0.000   1966.679   2892.005   1962.465   2851.115 N000501
  1918.795   2889.731 -11.492   1926.232   2859.934 -11.577  -0.2051  0.2312   1930.973   2897.736   1931.178   2897.505   1926.442   2859.681 N000502
     0.000      0.000   0.000      0.000      0.000   0.000   0.0000  0.0000      0.000      0.000   1777.673   2901.507   1770.537   2876.645 N000503
   519.859   2893.875 -11.094    486.652   2988.842 -11.179  -0.1408 -0.1252    531.990   2901.893    532.131   2902.018    486.797   2988.958 N000504
     0.000      0.000   0.000      0.000      0.000   0.000   0.0000  0.0000      0.000      0.000   1555.620   2905.509   1544.205   2899.678 N000505
  2486.888   2906.932  -9.363   2499.295   2831.120  -9.448  -0.5559 -0.5126   2499.085   2914.932   2499.641   2915.444   2499.849   2831.596 N000506
  1044.347   2910.959 -10.548   1031.369   2957.678 -10.633  -0.1530 -0.0411   1056.496   2918.973   1056.649   2919.014   1031.526   2957.706 N000507
  1142.286   2912.289 -11.494   1132.411   2950.195 -11.578  -0.2135 -0.2111   1154.438   2920.302   1154.652   2920.513   1132.628   2950.393 N000508
     0.000      0.000   0.000      0.000      0.000   0.000   0.0000  0.0000      0.000      0.000   2055.182   2932.505   2051.791   2885.072 N000509
     0.000      0.000   0.000      0.000      0.000   0.000   0.0000  0.0000      0.000      0.000   2550.852   2934.961   2551.189   2847.329 N000510
     0.000      0.000   0.000      0.000      0.000   0.000   0.0000  0.0000      0.000      0.000   2804.207   2939.208   2804.841   2831.642 N000511
   719.711   2933.877 -10.350    694.397   3011.237 -10.434   0.1361 -0.1230    731.849   2941.894    731.713   2942.017    694.253   3011.377 N000512
     0.000      0.000   0.000      0.000      0.000   0.000   0.0000  0.0000      0.000      0.000   1653.168   2948.509   1643.300   2935.292 N000513
  1407.295   2948.143 -10.333   1404.314   2963.415 -10.418  -0.2053  0.1432   1419.455   2956.154   1419.660   2956.011   1404.526   2963.250 N000514
     0.000      0.000   0.000      0.000      0.000   0.000   0.0000  0.0000      0.000      0.000   1839.508   2956.257   1832.896   2927.359 N000515
     0.000      0.000   0.000      0.000      0.000   0.000   0.0000  0.0000      0.000      0.000   2165.685   2956.504   2163.355   2900.422 N000516
  2315.723   2949.842 -11.138   2326.994   2888.532 -11.223   0.1755 -0.1579   2327.914   2957.845   2327.738   2958.003   2326.817   2888.707 N000517
     0.000      0.000   0.000      0.000      0.000   0.000   0.0000  0.0000      0.000      0.000   1670.669   2962.537   1661.000   2948.147 N000518
  2884.582   2958.099 -10.807   2897.279   2851.674 -10.891   0.0818  0.0992   2896.792   2966.097   2896.710   2965.997   2897.197   2851.580 N000519
  1728.584   2988.562  -9.272   1732.068   2976.979  -9.356   0.0844  0.0617   1740.755   2996.571   1740.671   2996.509   1731.983   2976.923 N000520
     0.000      0.000   0.000      0.000      0.000   0.000   0.0000  0.0000      0.000      0.000   3807.740   2999.990   3800.220   2817.660 N000521
     0.000      0.000   0.000      0.000      0.000   0.000   0.0000  0.0000      0.000      0.000   2441.694   3037.816   2441.178   2960.698 N000522
     0.000      0.000   0.000      0.000      0.000   0.000   0.0000  0.0000      0.000      0.000   1502.663   3039.040   1488.529   3041.140 N000523
   770.998   3032.493 -12.339    745.967   3108.252 -12.423  -0.0023 -0.0068    783.136   3040.512    783.139   3040.519    745.969   3108.259 N000524
   607.064   3036.031 -10.477    575.012   3127.496 -10.561   0.0643  0.0307    619.197   3044.051    619.133   3044.020    574.945   3127.470 N000525
  3828.501   3039.876 -11.781   3833.020   2863.589 -11.865   0.0011 -0.1238   3840.742   3047.866   3840.741   3047.990   3833.020   2863.714 N000526
  2170.592   3050.426 -11.444   2179.990   3002.984 -11.528   0.0915 -0.0739   2182.777   3058.432   2182.685   3058.506   2179.897   3003.067 N000527
  3529.391   3055.719 -10.637   3537.931   2901.477 -10.722  -0.1091  0.1238   3541.621   3063.712   3541.730   3063.589   3538.038   2901.344 N000528
     0.000      0.000   0.000      0.000      0.000   0.000   0.0000  0.0000      0.000      0.000   3451.727   3080.495   3449.039   2925.153 N000529
     0.000      0.000   0.000      0.000      0.000   0.000   0.0000  0.0000      0.000      0.000    260.871   3086.132    198.042   3206.232 N000530
     0.000      0.000   0.000      0.000      0.000   0.000   0.0000  0.0000      0.000      0.000   1870.674   3091.976   1863.351   3063.575 N000531
  3333.255   3092.250  -8.631   3343.803   2953.142  -8.716  -0.0454 -0.1495   3345.478   3100.246   3345.524   3100.396   3343.848   2953.290 N000532
  1746.079   3109.850 -10.522   1748.661   3099.766 -10.607   0.0788 -0.1496   1758.249   3117.862   1758.170   3118.011   1748.579   3099.926 N000533
  1922.514   3114.407 -11.260   1928.131   3089.302 -11.344   0.0422 -0.0926   1934.691   3122.417   1934.648   3122.510   1928.087   3089.400 N000534
  1963.780   3115.270 -10.648   1970.021   3086.673 -10.733  -0.2203 -0.2004   1975.957   3123.280   1976.178   3123.480   1970.243   3086.859 N000535
  1848.759   3116.478  -9.678   1853.139   3097.728  -9.763   0.1536 -0.0216   1860.933   3124.489   1860.779   3124.510   1852.983   3097.763 N000536
  1543.904   3119.894  -9.377   1542.117   3127.720  -9.461  -0.0956 -0.1058   1556.068   3127.907   1556.164   3128.013   1542.213   3127.821 N000537
  2342.636   3121.217  -9.098   2353.284   3061.003  -9.183   0.1364  0.1719   2354.827   3129.223   2354.690   3129.051   2353.147   3060.839 N000538
  2460.747   3132.665  -8.850   2472.204   3062.972  -8.935  -0.0027  0.1647   2472.941   3140.670   2472.944   3140.505   2472.207   3062.803 N000539
  1853.913   3143.001 -11.154   1858.131   3124.485 -11.239  -0.0866  0.0014   1866.087   3151.012   1866.174   3151.011   1858.219   3124.476 N000540
  2266.230   3148.899  -9.712   2276.023   3095.623  -9.796   0.0512 -0.1011   2278.417   3156.906   2278.366   3157.007   2275.971   3095.731 N000541
     0.000      0.000   0.000      0.000      0.000   0.000   0.0000  0.0000      0.000      0.000    455.626   3176.025    400.924   3280.347 N000542
   918.528   3179.092 -10.956    896.638   3245.963 -11.041   0.0281  0.0920    930.670   3187.112    930.642   3187.020    896.611   3245.871 N000543
  2339.097   3205.982 -10.570   2349.255   3147.910 -10.654   0.0966 -0.0181   2351.286   3213.990   2351.189   3214.008   2349.157   3147.936 N000544
  2133.577   3213.279  -9.564   2141.415   3172.665  -9.648   0.0774  0.0292   2145.760   3221.289   2145.683   3221.260   2141.337   3172.642 N000545
   538.928   3246.187 -11.067    499.323   3352.243 -11.151  -0.0719  0.1640    551.057   3254.212    551.129   3254.048    499.402   3352.065 N000546
   875.323   3253.135 -10.152    850.383   3326.789 -10.237  -0.1490  0.1345    887.463   3261.157    887.612   3261.022    850.540   3326.635 N000547
     0.000      0.000   0.000      0.000      0.000   0.000   0.0000  0.0000      0.000      0.000   1879.173   3278.013   1870.200   3253.781 N000548
   784.920   3276.215 -10.351    755.815   3359.428 -10.435  -0.0797  0.2152    797.057   3284.239    797.137   3284.024    755.902   3359.197 N000549
     0.000      0.000   0.000      0.000      0.000   0.000   0.0000  0.0000      0.000      0.000   2264.686   3353.511   2260.849   3298.155 N000550
  2506.840   3346.615 -14.259   2517.603   3277.875 -14.344  -0.1122 -0.1946   2519.034   3354.624   2519.146   3354.818   2517.715   3278.065 N000551
  2419.519   3354.590  -8.718   2429.541   3293.348  -8.803   0.0194  0.0903   2431.710   3362.600   2431.691   3362.510   2429.522   3293.257 N000552
  1373.457   3356.517 -10.269   1363.960   3387.114 -10.354  -0.0425  0.0172   1385.614   3364.537   1385.656   3364.520   1364.004   3387.092 N000553
     0.000      0.000   0.000      0.000      0.000   0.000   0.0000  0.0000      0.000      0.000   2458.747   3418.011   2456.491   3347.912 N000554
     0.000      0.000   0.000      0.000      0.000   0.000   0.0000  0.0000      0.000      0.000   1479.659   3418.520   1459.865   3434.355 N000555
  2330.152   3426.596 -11.405   2338.822   3374.824 -11.489   0.1517  0.0958   2342.339   3434.608   2342.187   3434.512   2338.669   3374.738 N000556
     0.000      0.000   0.000      0.000      0.000   0.000   0.0000  0.0000      0.000      0.000   2862.205   3448.008   2862.009   3345.259 N000557
     0.000      0.000   0.000      0.000      0.000   0.000   0.0000  0.0000      0.000      0.000   2345.545   3456.513   2341.911   3397.064 N000558
     0.000      0.000   0.000      0.000      0.000   0.000   0.0000  0.0000      0.000      0.000   3239.717   3479.005   3239.215   3346.715 N000559
  1980.629   3481.501  -9.527   1983.752   3461.669  -9.612   0.1289  0.0008   1992.804   3489.517   1992.675   3489.516   1983.621   3461.679 N000560
     0.000      0.000   0.000      0.000      0.000   0.000   0.0000  0.0000      0.000      0.000    619.629   3496.029    565.713   3597.666 N000561
     0.000      0.000   0.000      0.000      0.000   0.000   0.0000  0.0000      0.000      0.000   1751.167   3497.019   1737.121   3490.944 N000562
     0.000      0.000   0.000      0.000      0.000   0.000   0.0000  0.0000      0.000      0.000   1856.671   3509.518   1844.765   3494.403 N000563
     0.000      0.000   0.000      0.000      0.000   0.000   0.0000  0.0000      0.000      0.000   1848.920   3522.487   1836.702   3508.502 N000564
  1018.188   3522.610 -11.594    993.675   3593.199 -11.679  -1.8119 -0.7902   1030.331   3530.636   1032.143   3531.426    995.543   3593.847 N000565
  3326.528   3546.586  -8.504   3337.888   3416.209  -8.589   0.0278  0.0859   3338.748   3554.591   3338.720   3554.505   3337.860   3416.124 N000566
  2186.165   3552.049  -8.952   2191.993   3516.408  -9.037   0.1645  0.1119   2198.346   3560.065   2198.182   3559.953   2191.827   3516.307 N000567
     0.000      0.000   0.000      0.000      0.000   0.000   0.0000  0.0000      0.000      0.000   2153.180   3565.017   2146.099   3525.466 N000568
     0.000      0.000   0.000      0.000      0.000   0.000   0.0000  0.0000      0.000      0.000   1612.262   3601.722   1593.401   3612.086 N000569
   835.882   3644.118  -9.106    801.178   3738.099  -9.191  -0.0552  0.1180    848.018   3652.148    848.073   3652.030    801.238   3737.970 N000570
     0.000      0.000   0.000      0.000      0.000   0.000   0.0000  0.0000      0.000      0.000    856.636   3652.030    810.183   3737.113 N000571
     0.000      0.000   0.000      0.000      0.000   0.000   0.0000  0.0000      0.000      0.000   2594.132   3664.889   2591.597   3590.385 N000572
     0.000      0.000   0.000      0.000      0.000   0.000   0.0000  0.0000      0.000      0.000   4056.187   3674.723   4049.456   3483.948 N000573
     0.000      0.000   0.000      0.000      0.000   0.000   0.0000  0.0000      0.000      0.000   2877.703   3682.012   2876.844   3584.202 N000574
     0.000      0.000   0.000      0.000      0.000   0.000   0.0000  0.0000      0.000      0.000    820.271   3695.168    771.199   3785.970 N000575
  3546.258   3689.038 -10.232   3556.674   3544.829 -10.316   0.1016  0.0384   3558.484   3697.044   3558.382   3697.006   3556.573   3544.798 N000576
  1981.059   3694.735 -10.486   1981.909   3682.137 -10.571   0.0594  0.1635   1993.233   3702.756   1993.174   3702.592   1981.850   3681.973 N000577
  1457.592   3696.031 -10.142   1445.242   3731.805 -10.226   0.0919  0.0314   1469.748   3704.057   1469.656   3704.026   1445.148   3731.781 N000578
     0.000      0.000   0.000      0.000      0.000   0.000   0.0000  0.0000      0.000      0.000   2620.695   3712.015   2618.112   3636.724 N000579
     0.000      0.000   0.000      0.000      0.000   0.000   0.0000  0.0000      0.000      0.000   3501.724   3728.207   3500.300   3581.229 N000580
     0.000      0.000   0.000      0.000      0.000   0.000   0.0000  0.0000      0.000      0.000    770.410   3729.977    718.187   3827.555 N000581
     0.000      0.000   0.000      0.000      0.000   0.000   0.0000  0.0000      0.000      0.000   3870.210   3740.504   3866.008   3565.235 N000582
  1977.679   3747.463  -9.928   1977.855   3737.134 -10.012   0.1792 -0.0373   1989.852   3755.485   1989.673   3755.522   1977.672   3737.189 N000583
  1944.966   3779.363 -10.114   1944.080   3773.233 -10.199  -0.0345 -0.1371   1957.137   3787.386   1957.172   3787.523   1944.113   3773.372 N000584
     0.000      0.000   0.000      0.000      0.000   0.000   0.0000  0.0000      0.000      0.000   1525.157   3806.527   1500.662   3833.390 N000585
  1629.728   3801.687  -9.454   1620.756   3825.666  -9.539   0.1106  0.1869   1641.889   3809.713   1641.779   3809.526   1620.645   3825.482 N000586
     0.000      0.000   0.000      0.000      0.000   0.000   0.0000  0.0000      0.000      0.000   2639.194   3833.517   2636.034   3760.668 N000587
     0.000      0.000   0.000      0.000      0.000   0.000   0.0000  0.0000      0.000      0.000    929.537   3849.534    881.822   3936.990 N000588
  2034.941   3867.731 -10.375   2034.867   3856.906 -10.460  -0.0595  0.1957   2047.115   3875.755   2047.174   3875.559   2034.930   3856.697 N000589
     0.000      0.000   0.000      0.000      0.000   0.000   0.0000  0.0000      0.000      0.000   3388.719   3879.511   3387.839   3745.746 N000590
     0.000      0.000   0.000      0.000      0.000   0.000   0.0000  0.0000      0.000      0.000   3858.335   3880.307   3854.841   3709.486 N000591
     0.000      0.000   0.000      0.000      0.000   0.000   0.0000  0.0000      0.000      0.000   1323.150   3913.031   1290.019   3964.308 N000592
   961.363   3908.505  -9.874    926.177   4003.011  -9.959  -0.1092  0.0054    973.501   3916.540    973.610   3916.535    926.291   4002.994 N000593
     0.000      0.000   0.000      0.000      0.000   0.000   0.0000  0.0000      0.000      0.000   1798.638   3916.693   1780.117   3922.526 N000594
  1002.676   3915.081  -9.826    969.157   4005.729  -9.910   0.1230  0.0811   1014.815   3923.115   1014.692   3923.034    969.030   4005.656 N000595
  3265.323   3919.513  -8.646   3276.784   3804.259  -8.730  -0.1767  0.0128   3277.538   3927.526   3277.715   3927.513   3276.961   3804.231 N000596
  1338.216   3948.562 -12.523   1317.368   4007.325 -12.607   0.0421  0.0623   1350.366   3956.594   1350.324   3956.532   1317.325   4007.264 N000597
  1290.619   3957.114 -11.567   1267.853   4021.006 -11.651   0.1186  0.1139   1302.767   3965.146   1302.649   3965.033   1267.732   4020.898 N000598
  1938.499   3984.648 -11.553   1934.815   3987.652 -11.638  -0.0010  0.1480   1950.669   3992.675   1950.670   3992.527   1934.818   3987.497 N000599
  3642.761   3990.049  -9.303   3653.248   3846.600  -9.387  -0.2386  0.0159   3654.988   3998.060   3655.227   3998.044   3653.486   3846.565 N000600
  1778.051   4024.937 -10.567   1769.702   4044.861 -10.652   0.0508 -0.0630   1790.215   4032.966   1790.164   4033.029   1769.649   4044.932 N000601
  2733.094   4037.089  -9.627   2741.743   3970.834  -9.711   0.0940  0.0892   2745.290   4045.110   2745.196   4045.021   2741.649   3970.749 N000602
     0.000      0.000   0.000      0.000      0.000   0.000   0.0000  0.0000      0.000      0.000   2381.583   4121.026   2372.721   4082.128 N000603
