     0.000      0.000   0.000      0.000      0.000   0.000   0.0000  0.0000      0.000      0.000    286.620   -147.787     -1.000     -1.000 N000001
     0.000      0.000   0.000      0.000      0.000   0.000   0.0000  0.0000      0.000      0.000    476.622   -124.121     -1.000     -1.000 N000002
     0.000      0.000   0.000      0.000      0.000   0.000   0.0000  0.0000      0.000      0.000    881.627   -120.622     -1.000     -1.000 N000003
   332.302    -48.874 -11.518    326.234     83.178 -11.515  -0.1697  0.1256    348.923    -44.995    349.093    -45.121    326.409     83.042 N000004
     0.000      0.000   0.000      0.000      0.000   0.000   0.0000  0.0000      0.000      0.000   2333.146    -22.475     -1.000     -1.000 N000005
   724.986     -9.055  -9.926    729.185     96.107  -9.923  -0.0141 -0.0545    741.611     -5.177    741.626     -5.122    729.199     96.160 N000006
  1272.452     -5.987 -10.360   1285.124     63.507 -10.357  -0.0478  0.0127   1289.085     -2.111   1289.133     -2.123   1285.172     63.491 N000007
     0.000      0.000   0.000      0.000      0.000   0.000   0.0000  0.0000      0.000      0.000   2836.152     32.873   2824.918      2.800 N000008
     0.000      0.000   0.000      0.000      0.000   0.000   0.0000  0.0000      0.000      0.000    781.353     74.923    769.674    172.391 N000009
  2273.004     90.617 -11.132   2286.002     95.573 -11.129   0.0035  0.1171   2289.649     94.491   2289.645     94.374   2285.998     95.459 N000010
  3387.692     96.235 -13.508   3381.505     34.708 -13.505   0.1918 -0.0569   3404.352    100.106   3404.160    100.163   3381.318     34.774 N000011
   132.927    102.776 -12.941    119.485    247.066 -12.938  -0.0728 -0.1371    149.545    106.655    149.618    106.792    119.560    247.197 N000012
     0.000      0.000   0.000      0.000      0.000   0.000   0.0000  0.0000      0.000      0.000    554.656    114.378    537.467    226.644 N000013
     0.000      0.000   0.000      0.000      0.000   0.000   0.0000  0.0000      0.000      0.000    458.122    142.878    438.133    261.456 N000014
  2368.371    183.363 -12.051   2380.935    180.186 -12.049  -0.1286 -0.1372   2385.018    187.236   2385.147    187.373   2381.063    180.312 N000015
  1833.945    187.406 -10.785   1849.364    217.384 -10.783  -0.0546 -0.0943   1850.585    191.280   1850.640    191.375   1849.419    217.473 N000016
     0.000      0.000   0.000      0.000      0.000   0.000   0.0000  0.0000      0.000      0.000   1636.637    224.898   1635.181    263.939 N000017
     0.000      0.000   0.000      0.000      0.000   0.000   0.0000  0.0000      0.000      0.000   2898.624    225.372   2887.679    186.160 N000018
  1939.205    290.885 -10.885   1954.739    312.063 -10.882   0.2050 -0.1145   1955.846    294.759   1955.641    294.874   1954.535    312.188 N000019
     0.000      0.000   0.000      0.000      0.000   0.000   0.0000  0.0000      0.000      0.000    704.563    306.251    690.557    406.074 N000020
     0.000      0.000   0.000      0.000      0.000   0.000   0.0000  0.0000      0.000      0.000   1886.640    325.874   1885.707    346.967 N000021
     0.000      0.000   0.000      0.000      0.000   0.000   0.0000  0.0000      0.000      0.000   1483.135    326.375   1480.959    373.560 N000022
  2178.168    350.852 -11.761   2192.930    355.675 -11.758   0.1683 -0.1477   2194.812    354.725   2194.644    354.873   2192.763    355.830 N000023
     0.000      0.000   0.000      0.000      0.000   0.000   0.0000  0.0000      0.000      0.000   1264.132    357.375   1259.921    418.555 N000024
     0.000      0.000   0.000      0.000      0.000   0.000   0.0000  0.0000      0.000      0.000   3716.664    388.084   3688.252    295.629 N000025
     0.000      0.000   0.000      0.000      0.000   0.000   0.0000  0.0000      0.000      0.000   1514.635    395.374   1512.691    439.366 N000026
   997.386    398.978 -10.754   1006.095    480.330 -10.751  -0.1144 -0.0221   1014.015    402.853   1014.129    402.875   1006.211    480.344 N000027
     0.000      0.000   0.000      0.000      0.000   0.000   0.0000  0.0000      0.000      0.000   1099.130    412.375   1092.591    483.932 N000028
     0.000      0.000   0.000      0.000      0.000   0.000   0.0000  0.0000      0.000      0.000   1137.131    418.375   1131.156    487.274 N000029
     0.000      0.000   0.000      0.000      0.000   0.000   0.0000  0.0000      0.000      0.000   1111.230    424.375   1104.853    494.958 N000030
     0.000      0.000   0.000      0.000      0.000   0.000   0.0000  0.0000      0.000      0.000   3148.156    425.404   3133.925    365.769 N000031
  3177.518    447.707 -13.314   3179.197    388.468 -13.311   0.0182  0.1616   3194.175    451.577   3194.157    451.416   3179.178    388.312 N000032
  2468.041    458.802  -8.838   2480.875    443.058  -8.835   0.0410 -0.1977   2484.689    462.674   2484.648    462.872   2480.835    443.254 N000033
     0.000      0.000   0.000      0.000      0.000   0.000   0.0000  0.0000      0.000      0.000    212.285    482.293    182.252    615.933 N000034
     0.000      0.000   0.000      0.000      0.000   0.000   0.0000  0.0000      0.000      0.000   2080.143    488.372   2079.186    493.947 N000035
   166.807    499.566 -12.817    152.154    639.130 -12.814  -0.1930  0.0656    183.425    503.442    183.618    503.376    152.355    639.050 N000036
     0.000      0.000   0.000      0.000      0.000   0.000   0.0000  0.0000      0.000      0.000   2334.446    526.372   2332.214    514.927 N000037
  1581.324    530.552  -8.753   1596.521    570.764  -8.751  -0.1759  0.0518   1597.961    534.425   1598.137    534.373   1596.698    570.701 N000038
  1791.313    555.936 -13.030   1807.310    581.848 -13.028  -0.1874 -0.0639   1807.952    559.809   1808.139    559.873   1807.498    581.899 N000039
  1434.879    560.686  -8.501   1448.992    610.290  -8.498  -0.1210  0.1863   1451.514    564.560   1451.635    564.373   1449.114    610.098 N000040
     0.000      0.000   0.000      0.000      0.000   0.000   0.0000  0.0000      0.000      0.000   2809.152    572.870   2801.829    530.480 N000041
     0.000      0.000   0.000      0.000      0.000   0.000   0.0000  0.0000      0.000      0.000   2423.230    574.371   2420.450    556.302 N000042
     0.000      0.000   0.000      0.000      0.000   0.000   0.0000  0.0000      0.000      0.000   3271.991    583.369   3256.375    512.137 N000043
     0.000      0.000   0.000      0.000      0.000   0.000   0.0000  0.0000      0.000      0.000   1831.440    583.872   1830.852    603.979 N000044
  2732.708    599.407 -10.254   2743.045    563.962 -10.251   0.2080 -0.0933   2749.359    603.277   2749.151    603.370   2742.840    564.066 N000045
    69.417    608.679 -10.088     49.997    755.276 -10.086  -0.0834  0.1786     86.034    612.555     86.117    612.376     50.085    755.091 N000046
     0.000      0.000   0.000      0.000      0.000   0.000   0.0000  0.0000      0.000      0.000   2035.642    618.372   2035.061    624.496 N000047
  2900.278    616.071  -9.791   2908.220    569.758  -9.788   0.1707  0.0707   2916.931    619.941   2916.761    619.870   2908.052    569.700 N000048
  1143.976    617.034  -9.291   1154.474    685.870  -9.288  -0.0238  0.0338   1160.607    620.907   1160.631    620.874   1154.498    685.835 N000049
  2361.181    627.464 -11.896   2375.613    615.053 -11.893   0.1813 -0.0360   2377.828    631.335   2377.647    631.371   2375.434    615.100 N000050
     0.000      0.000   0.000      0.000      0.000   0.000   0.0000  0.0000      0.000      0.000   2158.644    654.871   2157.777    652.339 N000051
  1650.061    666.804 -11.130   1665.583    700.477 -11.127   0.0615 -0.1956   1666.699    670.677   1666.637    670.872   1665.521    700.674 N000052
  1458.824    668.273  -8.533   1473.004    714.886  -8.530  -0.1762  0.0730   1475.459    672.146   1475.635    672.073   1473.182    714.802 N000053
   396.837    670.114  -8.772    389.126    792.125  -8.769  -0.2257  0.1761    413.458    673.989    413.684    673.813    389.360    791.933 N000054
  2584.556    677.266 -10.998   2597.082    649.584 -10.996   0.0556 -0.2344   2601.205    681.136   2601.149    681.370   2597.028    649.817 N000055
  3247.605    678.562 -12.392   3249.557    609.245 -12.389   0.1052  0.0621   3264.263    682.431   3264.158    682.369   3249.454    609.191 N000056
  1468.096    695.629 -10.166   1482.310    741.282 -10.163   0.0956  0.1289   1484.731    699.501   1484.635    699.373   1482.214    741.161 N000057
  4070.249    713.555 -11.496   4050.919    593.720 -11.494   0.2494  0.0547   4086.918    717.422   4086.669    717.367   4050.677    593.682 N000058
   585.679    729.125  -9.433    583.410    837.001  -9.430   0.1786  0.1250    602.302    732.999    602.124    732.874    583.227    836.890 N000059
     0.000      0.000   0.000      0.000      0.000   0.000   0.0000  0.0000      0.000      0.000   1789.039    734.772   1788.402    755.474 N000060
  2832.690    735.930 -10.435   2842.314    691.279 -10.433   0.1901 -0.0705   2849.343    739.799   2849.153    739.869   2842.127    691.360 N000061
     0.000      0.000   0.000      0.000      0.000   0.000   0.0000  0.0000      0.000      0.000   1321.233    746.673   1316.977    799.219 N000062
  3791.130    743.654  -9.420   3780.376    639.640  -9.417   0.1304  0.1544   3807.795    747.522   3807.665    747.367   3780.248    639.497 N000063
     0.000      0.000   0.000      0.000      0.000   0.000   0.0000  0.0000      0.000      0.000   2536.961    748.308   2533.767    719.578 N000064
  3816.871    751.912  -9.367   3805.471    646.137  -9.365  -0.1292 -0.0883   3833.536    755.779   3833.665    755.867   3805.598    646.215 N000065
     0.000      0.000   0.000      0.000      0.000   0.000   0.0000  0.0000      0.000      0.000   1745.138    761.372   1744.335    784.677 N000066
     0.000      0.000   0.000      0.000      0.000   0.000   0.0000  0.0000      0.000      0.000   3298.658    783.868   3283.966    706.200 N000067
  1326.806    782.449  -9.360   1339.340    836.938  -9.358  -0.1941 -0.0511   1343.439    786.321   1343.633    786.372   1339.535    836.975 N000068
   498.541    783.979 -10.645    493.271    898.123 -10.642   0.0411 -0.0210    515.164    787.853    515.123    787.874    493.228    898.147 N000069
  1513.546    788.629  -9.363   1527.995    830.105  -9.360   0.0457  0.1289   1530.181    792.501   1530.136    792.372   1527.949    829.981 N000070
     0.000      0.000   0.000      0.000      0.000   0.000   0.0000  0.0000      0.000      0.000   1634.137    792.872   1632.720    823.332 N000071
   937.604    793.523 -10.427    943.682    875.481 -10.424   0.1044  0.0229    954.233    797.396    954.128    797.373    943.576    875.466 N000072
     0.000      0.000   0.000      0.000      0.000   0.000   0.0000  0.0000      0.000      0.000   2862.070    804.036   2855.184    753.405 N000073
  1204.568    806.586 -12.025   1215.364    869.435 -12.022   0.0676  0.0860   1221.199    810.459   1221.132    810.373   1215.296    869.354 N000074
  2075.586    813.650  -8.491   2091.809    816.745  -8.488   0.0856  0.1498   2092.229    817.520   2092.143    817.371   2091.723    816.603 N000075
  2204.161    814.709  -9.980   2220.001    809.260  -9.978   0.1613 -2.2911   2220.806    818.579   2220.645    820.870   2219.844    811.526 N000076
  3008.969    818.741 -10.596   3016.296    761.221 -10.593  -0.0065 -0.1844   3025.624    822.609   3025.630    822.794   3016.303    761.401 N000077
  2107.423    841.012 -10.302   2123.614    841.585 -10.299  -0.0767  0.0121   2124.067    844.883   2124.143    844.870   2123.691    841.568 N000078
   144.195    843.045 -11.284    125.660    984.025 -11.282   0.1945  0.0453    160.813    846.920    160.618    846.875    125.458    983.995 N000079
  1604.636    846.791 -10.985   1619.682    881.359 -10.982   0.1364 -0.2092   1621.273    850.662   1621.137    850.871   1619.544    881.575 N000080
  1555.812    847.360 -10.393   1570.494    885.292 -10.390  -0.1630 -0.1403   1572.448    851.231   1572.611    851.372   1570.658    885.420 N000081
  2182.731    867.798 -10.368   2198.736    862.966 -10.366   0.2312 -0.1706   2199.375    871.668   2199.144    871.839   2198.506    863.149 N000082
     0.000      0.000   0.000      0.000      0.000   0.000   0.0000  0.0000      0.000      0.000   2881.153    876.011   2874.352    822.762 N000083
  2768.842    873.203 -10.135   2779.994    829.946 -10.133  -0.1577  0.2032   2785.494    877.072   2785.652    876.869   2780.149    829.737 N000084
  2553.260    893.605  -8.741   2566.904    863.960  -8.738   0.0098  0.0212   2569.909    897.474   2569.899    897.453   2566.894    863.940 N000085
     0.000      0.000   0.000      0.000      0.000   0.000   0.0000  0.0000      0.000      0.000   2348.146    906.870   2346.870    887.778 N000086
     0.000      0.000   0.000      0.000      0.000   0.000   0.0000  0.0000      0.000      0.000    408.121    921.249    381.605   1039.445 N000087
     0.000      0.000   0.000      0.000      0.000   0.000   0.0000  0.0000      0.000      0.000   1307.566    923.372   1302.554    975.357 N000088
     0.000      0.000   0.000      0.000      0.000   0.000   0.0000  0.0000      0.000      0.000   2828.652    938.368   2822.859    887.346 N000089
  2391.551    936.922 -13.225   2406.621    917.211 -13.223   0.0510 -0.0783   2408.198    940.791   2408.147    940.869   2406.571    917.291 N000090
   538.648    937.372 -10.027    533.417   1048.260 -10.024   0.1484 -0.1277    555.272    941.246    555.123    941.373    533.263   1048.399 N000091
  2149.753    943.963  -8.995   2165.938    940.269  -8.992   0.1283 -0.0371   2166.397    947.833   2166.269    947.870   2165.810    940.314 N000092
     0.000      0.000   0.000      0.000      0.000   0.000   0.0000  0.0000      0.000      0.000   2897.153    951.368   2890.479    895.692 N000093
     0.000      0.000   0.000      0.000      0.000   0.000   0.0000  0.0000      0.000      0.000   1568.636    954.371   1566.428    987.700 N000094
  1807.724    952.773  -9.435   1823.715    972.214  -9.432   0.1884 -0.2273   1824.364    956.643   1824.175    956.870   1823.526    972.452 N000095
  2325.118    956.557 -10.819   2340.626    940.962 -10.817   0.1180  0.0566   2341.764    960.426   2341.646    960.369   2340.509    940.914 N000096
     0.000      0.000   0.000      0.000      0.000   0.000   0.0000  0.0000      0.000      0.000   2186.144    962.370   2185.648    953.285 N000097
     0.000      0.000   0.000      0.000      0.000   0.000   0.0000  0.0000      0.000      0.000   1076.101    968.872   1067.094   1037.210 N000098
  2401.149    969.215  -8.887   2416.228    948.384  -8.884   0.1495  0.0897   2417.797    973.084   2417.647    972.994   2416.079    948.306 N000099
  1086.849    974.199  -9.767   1094.941   1044.374  -9.764  -0.1511  0.1987   1103.479    978.071   1103.630    977.872   1095.096   1044.165 N000100
     0.000      0.000   0.000      0.000      0.000   0.000   0.0000  0.0000      0.000      0.000   2057.643    977.670   2057.365    977.069 N000101
     0.000      0.000   0.000      0.000      0.000   0.000   0.0000  0.0000      0.000      0.000   1971.141    993.420   1970.827    998.522 N000102
  1409.982   1007.778  -9.885   1422.799   1054.533  -9.882  -0.0183 -0.1959   1426.616   1011.649   1426.634   1011.845   1422.817   1054.726 N000103
     0.000      0.000   0.000      0.000      0.000   0.000   0.0000  0.0000      0.000      0.000   2146.644   1020.869   2146.284   1013.705 N000104
     0.000      0.000   0.000      0.000      0.000   0.000   0.0000  0.0000      0.000      0.000   1989.142   1026.870   1988.839   1030.364 N000105
     0.000      0.000   0.000      0.000      0.000   0.000   0.0000  0.0000      0.000      0.000    549.623   1027.373    526.859   1134.814 N000106
  1799.320   1028.598  -8.693   1815.196   1047.836  -8.691  -0.1800  0.1532   1815.959   1032.468   1816.139   1032.315   1815.377   1047.672 N000107
  3751.086   1029.723 -10.535   3744.023    921.323 -10.533   0.0860  0.1754   3767.750   1033.589   3767.664   1033.413   3743.938    921.157 N000108
  2360.194   1044.829 -10.968   2375.661   1025.662 -10.965   0.1942 -0.1706   2376.841   1048.698   2376.647   1048.869   2375.468   1025.843 N000109
     0.000      0.000   0.000      0.000      0.000   0.000   0.0000  0.0000      0.000      0.000   1751.139   1055.870   1750.010   1075.535 N000110
  1826.129   1057.008  -8.953   1842.074   1074.110  -8.950   0.1285  0.0081   1842.768   1060.878   1842.640   1060.870   1841.945   1074.111 N000111
  3739.604   1057.383 -10.465   3733.077    949.096 -10.462   0.0788 -0.1174   3756.268   1061.248   3756.189   1061.366   3733.001    949.216 N000112
     0.000      0.000   0.000      0.000      0.000   0.000   0.0000  0.0000      0.000      0.000   3099.656   1063.367   3090.425    992.636 N000113
  1396.371   1068.054 -11.567   1408.802   1115.384 -11.564  -0.1285  0.0543   1413.006   1071.925   1413.134   1071.871   1408.932   1115.321 N000114
  2833.841   1072.083 -10.565   2844.991   1021.168 -10.562  -0.1591  0.0831   2850.494   1075.951   2850.653   1075.868   2845.148   1021.076 N000115
     0.000      0.000   0.000      0.000      0.000   0.000   0.0000  0.0000      0.000      0.000   1857.140   1080.870   1856.477   1092.913 N000116
     0.000      0.000   0.000      0.000      0.000   0.000   0.0000  0.0000      0.000      0.000    966.629   1095.372    954.606   1171.327 N000117
  2735.664   1091.564  -8.666   2748.078   1046.786  -8.663   0.1645  0.0641   2752.316   1095.432   2752.151   1095.368   2747.915   1046.734 N000118
  1511.494   1095.065 -10.560   1525.135   1133.999 -10.557  -0.0056  0.0650   1528.130   1098.935   1528.136   1098.870   1525.141   1133.934 N000119
  1721.833   1099.427 -10.693   1737.179   1123.447 -10.691  -0.1669 -0.0726   1738.472   1103.297   1738.638   1103.370   1737.347   1123.507 N000120
     0.000      0.000   0.000      0.000      0.000   0.000   0.0000  0.0000      0.000      0.000   1230.132   1116.808   1223.090   1173.268 N000121
  2263.850   1113.151 -12.398   2279.844   1099.615 -12.395  -0.1503  0.1512   2280.495   1117.020   2280.645   1116.869   2279.993   1099.455 N000122
  1165.643   1119.720 -10.359   1174.380   1183.531 -10.357   0.1425  0.1452   1182.274   1123.591   1182.131   1123.446   1174.236   1183.397 N000123
  2214.171   1122.336  -8.763   2230.320   1112.070  -8.761   0.0711 -0.0640   2230.816   1126.205   2230.745   1126.269   2230.249   1112.138 N000124
     0.000      0.000   0.000      0.000      0.000   0.000   0.0000  0.0000      0.000      0.000    472.122   1133.872    445.797   1247.483 N000125
  1378.419   1148.715  -9.754   1390.294   1196.901  -9.752  -0.0806  0.2154   1395.053   1152.586   1395.134   1152.370   1390.377   1196.681 N000126
  2630.456   1168.127 -12.870   2644.174   1129.226 -12.867  -0.0444  0.1272   2647.106   1171.995   2647.150   1171.868   2644.218   1129.097 N000127
     0.000      0.000   0.000      0.000      0.000   0.000   0.0000  0.0000      0.000      0.000    206.119   1185.873    169.116   1320.774 N000128
  1485.503   1197.714 -10.263   1498.491   1237.922 -10.261   0.0030  0.1879   1502.138   1201.584   1502.135   1201.396   1498.489   1237.735 N000129
  1014.395   1211.777 -10.853   1019.588   1286.629 -10.850  -0.0826 -0.2004   1031.024   1215.648   1031.107   1215.848   1019.671   1286.823 N000130
   772.339   1211.940  -8.521    771.639   1305.150  -8.518  -0.0891 -0.1313    788.966   1215.811    789.055   1215.943    771.729   1305.275 N000131
     0.000      0.000   0.000      0.000      0.000   0.000   0.0000  0.0000      0.000      0.000   2045.642   1216.369   2045.278   1214.073 N000132
  3112.983   1219.778 -14.134   3120.739   1148.285 -14.131  -0.0174 -0.0344   3129.639   1223.644   3129.656   1223.679   3120.756   1148.318 N000133
  1083.740   1226.645 -11.203   1090.278   1296.286 -11.201   0.2172  0.1452   1100.370   1230.516   1100.153   1230.371   1090.057   1296.157 N000134
     0.000      0.000   0.000      0.000      0.000   0.000   0.0000  0.0000      0.000      0.000   1377.967   1232.370   1372.608   1277.603 N000135
     0.000      0.000   0.000      0.000      0.000   0.000   0.0000  0.0000      0.000      0.000   1453.635   1232.870   1449.282   1272.584 N000136
     0.000      0.000   0.000      0.000      0.000   0.000   0.0000  0.0000      0.000      0.000   2270.717   1237.797   2270.163   1219.732 N000137
  2133.141   1238.162 -12.778   2149.430   1232.267 -12.776   0.1407  0.1616   2149.784   1242.030   2149.644   1241.868   2149.290   1232.117 N000138
     0.000      0.000   0.000      0.000      0.000   0.000   0.0000  0.0000      0.000      0.000   1489.135   1248.370   1485.144   1285.441 N000139
  1563.655   1253.027 -10.234   1577.269   1287.326 -10.232   0.1553  0.0271   1580.292   1256.896   1580.136   1256.869   1577.112   1287.310 N000140
     0.000      0.000   0.000      0.000      0.000   0.000   0.0000  0.0000      0.000      0.000   1897.741   1257.369   1896.939   1265.117 N000141
     0.000      0.000   0.000      0.000      0.000   0.000   0.0000  0.0000      0.000      0.000   1799.839   1258.369   1798.558   1273.051 N000142
  2117.471   1260.381  -9.187   2133.757   1255.377  -9.184  -0.0293 -0.0853   2134.114   1264.250   2134.144   1264.335   2133.786   1255.460 N000143
  1504.018   1268.103  -9.024   1516.933   1306.658  -9.021  -0.1184  0.1937   1520.654   1271.972   1520.772   1271.778   1517.054   1306.456 N000144
  2436.614   1269.973 -10.357   2451.963   1242.914 -10.354   0.1141 -0.0267   2453.262   1273.841   2453.148   1273.867   2451.849   1242.948 N000145
  1932.099   1271.633  -9.481   1948.092   1279.520  -9.478   0.0986  0.1326   1948.740   1275.501   1948.641   1275.368   1947.993   1279.395 N000146
     0.000      0.000   0.000      0.000      0.000   0.000   0.0000  0.0000      0.000      0.000   1299.688   1280.370   1292.897   1331.232 N000147
     0.000      0.000   0.000      0.000      0.000   0.000   0.0000  0.0000      0.000      0.000   3644.163   1285.523   3625.517   1176.021 N000148
     0.000      0.000   0.000      0.000      0.000   0.000   0.0000  0.0000      0.000      0.000   1365.134   1292.370   1359.285   1338.370 N000149
  1994.887   1295.514  -8.549   2011.013   1298.807  -8.546  -0.0414  0.0859   2011.529   1299.383   2011.570   1299.297   2011.055   1298.719 N000150
  2789.752   1307.636 -10.983   2802.250   1256.273 -10.981   0.1471  0.1359   2806.405   1311.502   2806.257   1311.366   2802.104   1256.149 N000151
  1347.557   1308.866  -9.743   1358.220   1358.760  -9.740   0.0565 -0.1344   1364.190   1312.735   1364.134   1312.870   1358.162   1358.898 N000152
  1259.041   1313.799 -11.119   1268.276   1370.254 -11.116   0.0409 -0.2006   1275.673   1317.669   1275.633   1317.870   1268.233   1370.457 N000153
  1455.871   1344.603 -12.715   1467.854   1386.431 -12.712  -0.1287  0.1028   1472.506   1348.472   1472.635   1348.369   1467.985   1386.319 N000154
  3638.652   1344.554 -14.315   3636.873   1237.135 -14.312  -0.0652  0.0318   3655.315   1348.418   3655.380   1348.386   3636.936   1237.100 N000155
     0.000      0.000   0.000      0.000      0.000   0.000   0.0000  0.0000      0.000      0.000   1971.141   1353.868   1970.417   1355.785 N000156
  2587.707   1352.279  -9.662   2602.188   1314.050  -9.659  -0.7934  0.5295   2604.356   1356.146   2605.150   1355.617   2602.974   1313.472 N000157
     0.000      0.000   0.000      0.000      0.000   0.000   0.0000  0.0000      0.000      0.000   1479.235   1359.169   1474.619   1396.607 N000158
     0.000      0.000   0.000      0.000      0.000   0.000   0.0000  0.0000      0.000      0.000   1745.639   1360.868   1743.698   1378.884 N000159
  1370.759   1357.854 -11.857   1381.506   1405.942 -11.854   0.1339 -0.1461   1387.393   1361.723   1387.259   1361.869   1381.369   1406.098 N000160
     0.000      0.000   0.000      0.000      0.000   0.000   0.0000  0.0000      0.000      0.000   3989.167   1364.864   3962.497   1232.241 N000161
     0.000      0.000   0.000      0.000      0.000   0.000   0.0000  0.0000      0.000      0.000   1763.639   1371.868   1761.793   1388.537 N000162
     0.000      0.000   0.000      0.000      0.000   0.000   0.0000  0.0000      0.000      0.000   2217.145   1371.867   2216.670   1356.336 N000163
     0.000      0.000   0.000      0.000      0.000   0.000   0.0000  0.0000      0.000      0.000   2525.649   1373.242   2524.043   1336.350 N000164
     0.000      0.000   0.000      0.000      0.000   0.000   0.0000  0.0000      0.000      0.000   2209.145   1378.367   2208.674   1363.347 N000165
  2942.842   1378.883  -9.262   2953.755   1316.392  -9.259  -0.1583 -0.0061   2959.496   1382.749   2959.654   1382.755   2953.911   1316.387 N000166
  1403.823   1387.459  -9.075   1414.881   1433.051  -9.072  -0.1769 -0.0405   1420.458   1391.328   1420.634   1391.369   1415.060   1433.078 N000167
  1002.111   1388.069 -10.417   1005.698   1463.974 -10.414   0.1424  0.0693   1018.740   1391.939   1018.598   1391.870   1005.553   1463.916 N000168
     0.000      0.000   0.000      0.000      0.000   0.000   0.0000  0.0000      0.000      0.000   3384.588   1395.365   3372.125   1300.794 N000169
     0.000      0.000   0.000      0.000      0.000   0.000   0.0000  0.0000      0.000      0.000   2195.144   1406.267   2194.662   1392.032 N000170
  1666.422   1403.173 -11.202   1680.439   1429.419 -11.199  -0.0777  0.1727   1683.060   1407.041   1683.138   1406.868   1680.518   1429.241 N000171
     0.000      0.000   0.000      0.000      0.000   0.000   0.0000  0.0000      0.000      0.000   3383.160   1407.365   3370.793   1312.713 N000172
  1633.797   1412.332  -9.617   1647.473   1440.932  -9.614  -0.1199 -0.1678   1650.434   1416.201   1650.554   1416.368   1647.593   1441.091 N000173
     0.000      0.000   0.000      0.000      0.000   0.000   0.0000  0.0000      0.000      0.000   1167.131   1425.869   1157.023   1486.626 N000174
  2172.578   1425.226 -10.978   2188.720   1415.125 -10.976   0.0777  0.1014   2189.222   1429.094   2189.144   1428.992   2188.643   1415.030 N000175
     0.000      0.000   0.000      0.000      0.000   0.000   0.0000  0.0000      0.000      0.000   3257.658   1432.365   3247.684   1345.589 N000176
  1903.012   1429.170  -9.506   1918.556   1438.217  -9.503  -0.0141  0.1966   1919.653   1433.038   1919.667   1432.841   1918.570   1438.020 N000177
  1397.974   1432.433  -9.376   1408.698   1478.416  -9.373  -0.0257 -0.0377   1414.609   1436.302   1414.634   1436.339   1408.724   1478.452 N000178
     0.000      0.000   0.000      0.000      0.000   0.000   0.0000  0.0000      0.000      0.000    626.624   1439.370    602.250   1542.270 N000179
  2587.940   1456.078  -9.801   2602.574   1416.825  -9.798  -0.0605  0.0778   2604.589   1459.944   2604.650   1459.866   2602.634   1416.744 N000180
     0.000      0.000   0.000      0.000      0.000   0.000   0.0000  0.0000      0.000      0.000   2434.647   1463.366   2433.576   1431.975 N000181
  2121.082   1466.501  -9.204   2137.160   1459.798  -9.201   0.0820  0.0009   2137.726   1470.368   2137.644   1470.367   2137.078   1459.803 N000182
     0.000      0.000   0.000      0.000      0.000   0.000   0.0000  0.0000      0.000      0.000    936.906   1473.481    921.186   1552.104 N000183
     0.000      0.000   0.000      0.000      0.000   0.000   0.0000  0.0000      0.000      0.000   2916.180   1484.365   2911.295   1419.763 N000184
     0.000      0.000   0.000      0.000      0.000   0.000   0.0000  0.0000      0.000      0.000   1226.832   1488.569   1217.432   1544.882 N000185
  1836.357   1487.295 -12.728   1851.376   1500.937 -12.725  -0.1434 -0.2052   1852.997   1491.162   1853.140   1491.368   1851.520   1501.131 N000186
  1463.720   1490.434  -9.863   1475.047   1531.490  -9.861   0.1870 -0.0662   1480.355   1494.302   1480.168   1494.368   1474.857   1531.570 N000187
  1754.186   1492.417 -10.015   1768.606   1512.025 -10.012   0.1861 -0.0829   1770.825   1496.285   1770.639   1496.368   1768.418   1512.121 N000188
     0.000      0.000   0.000      0.000      0.000   0.000   0.0000  0.0000      0.000      0.000   1547.136   1500.368   1542.654   1532.580 N000189
     0.000      0.000   0.000      0.000      0.000   0.000   0.0000  0.0000      0.000      0.000   1580.636   1505.868   1576.524   1535.589 N000190
  2124.808   1503.684 -10.572   2140.835   1496.525 -10.570  -0.1639  0.1845   2141.452   1507.551   2141.616   1507.367   2140.999   1496.330 N000191
     0.000      0.000   0.000      0.000      0.000   0.000   0.0000  0.0000      0.000      0.000   1177.768   1511.369   1167.239   1571.485 N000192
     0.000      0.000   0.000      0.000      0.000   0.000   0.0000  0.0000      0.000      0.000   2279.729   1515.950   2279.080   1495.073 N000193
  1399.501   1535.288 -11.682   1409.629   1581.181 -11.679   0.0012 -0.2125   1416.135   1539.156   1416.134   1539.368   1409.626   1581.394 N000194
  2175.766   1535.491 -10.377   2191.781   1524.549 -10.375   0.1824 -0.0090   2192.410   1539.358   2192.228   1539.367   2191.598   1524.571 N000195
  2231.946   1536.768 -10.424   2247.948   1521.828 -10.422  -0.0276 -0.1525   2248.591   1540.635   2248.619   1540.787   2247.975   1521.978 N000196
  4004.635   1538.877 -12.296   3995.382   1405.089 -12.294   0.1349 -0.1228   4021.303   1542.740   4021.168   1542.863   3995.252   1405.218 N000197
     0.000      0.000   0.000      0.000      0.000   0.000   0.0000  0.0000      0.000      0.000    937.962   1544.286    921.607   1623.163 N000198
     0.000      0.000   0.000      0.000      0.000   0.000   0.0000  0.0000      0.000      0.000   2349.499   1548.866   2348.701   1522.876 N000199
     0.000      0.000   0.000      0.000      0.000   0.000   0.0000  0.0000      0.000      0.000    503.123   1550.870    473.143   1664.639 N000200
     0.000      0.000   0.000      0.000      0.000   0.000   0.0000  0.0000      0.000      0.000   1865.140   1564.939   1863.357   1573.643 N000201
  1673.878   1563.589 -10.388   1687.292   1588.998 -10.385  -0.1215  0.0894   1690.516   1567.457   1690.638   1567.367   1687.415   1588.899 N000202
     0.000      0.000   0.000      0.000      0.000   0.000   0.0000  0.0000      0.000      0.000   1902.141   1568.367   1900.565   1574.365 N000203
  3054.213   1577.797  -9.623   3064.371   1505.609  -9.620   0.2131 -0.2030   3070.869   1581.661   3070.656   1581.864   3064.161   1505.824 N000204
  1830.488   1585.640 -10.456   1845.135   1599.487 -10.453  -0.0122  0.1397   1847.128   1589.507   1847.140   1589.367   1845.148   1599.347 N000205
     0.000      0.000   0.000      0.000      0.000   0.000   0.0000  0.0000      0.000      0.000   2038.642   1589.867   2037.628   1585.897 N000206
     0.000      0.000   0.000      0.000      0.000   0.000   0.0000  0.0000      0.000      0.000    612.124   1601.754    585.364   1707.126 N000207
  1251.623   1598.544  -9.480   1258.797   1655.848  -9.477   0.1232  0.0438   1268.256   1602.412   1268.132   1602.368   1258.672   1655.814 N000208
  1845.606   1606.417  -9.812   1860.284   1619.123  -9.809   0.1058 -0.0832   1862.246   1610.284   1862.140   1610.367   1860.177   1619.214 N000209
     0.000      0.000   0.000      0.000      0.000   0.000   0.0000  0.0000      0.000      0.000   1693.638   1610.867   1690.247   1632.163 N000210
  1394.934   1608.387  -9.450   1404.525   1654.747  -9.447  -0.0664 -0.0799   1411.568   1612.255   1411.634   1612.335   1404.592   1654.822 N000211
  1714.303   1611.912 -11.191   1727.898   1634.306 -11.188   0.2770 -0.0876   1730.942   1615.780   1730.665   1615.867   1727.618   1634.414 N000212
     0.000      0.000   0.000      0.000      0.000   0.000   0.0000  0.0000      0.000      0.000   2049.642   1631.366   2048.562   1626.485 N000213
     0.000      0.000   0.000      0.000      0.000   0.000   0.0000  0.0000      0.000      0.000   2227.145   1642.866   2226.372   1625.140 N000214
  2771.204   1651.496 -10.839   2784.684   1598.037 -10.836   0.1679 -0.0040   2787.855   1655.361   2787.688   1655.365   2784.518   1598.053 N000215
     0.000      0.000   0.000      0.000      0.000   0.000   0.0000  0.0000      0.000      0.000   1077.130   1656.868   1063.162   1725.437 N000216
  1932.738   1653.027 -11.527   1947.779   1659.275 -11.524   0.2383  0.0269   1949.380   1656.893   1949.141   1656.866   1947.539   1659.266 N000217
  2410.293   1653.331 -10.227   2425.879   1625.169 -10.224  -0.1788 -0.1413   2426.941   1657.196   2427.119   1657.338   2426.057   1625.297 N000218
     0.000      0.000   0.000      0.000      0.000   0.000   0.0000  0.0000      0.000      0.000   1215.132   1672.368   1204.061   1730.211 N000219
     0.000      0.000   0.000      0.000      0.000   0.000   0.0000  0.0000      0.000      0.000   1290.633   1672.368   1281.049   1724.344 N000220
  1215.629   1672.504 -12.457   1221.506   1732.901 -12.454   0.1290  0.0044   1232.261   1676.372   1232.132   1676.368   1221.374   1732.906 N000221
  2390.019   1673.745 -10.151   2405.650   1646.933 -10.148   0.0812  0.0265   2406.666   1677.611   2406.585   1677.584   2405.569   1646.912 N000222
     0.000      0.000   0.000      0.000      0.000   0.000   0.0000  0.0000      0.000      0.000   2127.444   1697.166   2126.431   1686.475 N000223
     0.000      0.000   0.000      0.000      0.000   0.000   0.0000  0.0000      0.000      0.000   2525.149   1698.907   2523.714   1659.727 N000224
   165.627   1695.549 -10.701    136.846   1841.928 -10.698   0.1269  0.0161    182.245   1699.419    182.119   1699.403    136.714   1841.922 N000225
     0.000      0.000   0.000      0.000      0.000   0.000   0.0000  0.0000      0.000      0.000   3373.183   1701.387   3362.571   1603.822 N000226
     0.000      0.000   0.000      0.000      0.000   0.000   0.0000  0.0000      0.000      0.000   1280.216   1708.868   1270.145   1761.823 N000227
  2072.781   1707.156 -10.032   2088.270   1703.072 -10.029   0.0062  0.1564   2089.424   1711.022   2089.418   1710.866   2088.265   1702.916 N000228
  1678.523   1715.888  -8.939   1691.253   1741.025  -8.936   0.0232 -0.0119   1695.161   1719.755   1695.138   1719.767   1691.230   1741.039 N000229
     0.000      0.000   0.000      0.000      0.000   0.000   0.0000  0.0000      0.000      0.000   1532.636   1732.367   1526.631   1765.976 N000230
  2963.163   1729.000  -9.981   2974.900   1661.734  -9.978   0.1634 -0.0003   2979.818   1732.864   2979.654   1732.864   2974.739   1661.745 N000231
     0.000      0.000   0.000      0.000      0.000   0.000   0.0000  0.0000      0.000      0.000   2337.146   1734.365   2336.205   1708.447 N000232
     0.000      0.000   0.000      0.000      0.000   0.000   0.0000  0.0000      0.000      0.000   3720.164   1748.962   3703.090   1627.947 N000233
  2119.218   1765.382  -9.794   2134.698   1757.820  -9.792   0.2185  0.1819   2135.862   1769.247   2135.644   1769.065   2134.479   1757.654 N000234
  1931.168   1767.346 -10.557   1945.788   1773.639 -10.554   0.1679 -0.1544   1947.809   1771.211   1947.641   1771.366   1945.618   1773.806 N000235
     0.000      0.000   0.000      0.000      0.000   0.000   0.0000  0.0000      0.000      0.000   2265.145   1774.865   2264.172   1754.031 N000236
  1415.750   1773.201 -10.332   1424.518   1818.558 -10.329  -0.0146  0.0242   1432.385   1777.068   1432.399   1777.043   1424.533   1818.532 N000237
  1996.212   1773.849 -10.954   2011.178   1775.323 -10.951   0.1873 -0.1512   2012.854   1777.714   2012.667   1777.866   2010.989   1775.488 N000238
     0.000      0.000   0.000      0.000      0.000   0.000   0.0000  0.0000      0.000      0.000   1561.545   1781.912   1555.627   1813.490 N000239
  1533.024   1785.211 -10.474   1543.531   1821.595 -10.471   0.0237  0.2113   1549.660   1789.078   1549.636   1788.867   1543.509   1821.384 N000240
  1644.634   1786.225 -10.017   1656.599   1814.092 -10.014   0.1336 -0.0419   1661.271   1790.091   1661.138   1790.133   1656.464   1814.144 N000241
     0.000      0.000   0.000      0.000      0.000   0.000   0.0000  0.0000      0.000      0.000   1974.642   1795.866   1972.686   1796.309 N000242
     0.000      0.000   0.000      0.000      0.000   0.000   0.0000  0.0000      0.000      0.000   1470.028   1798.867   1462.624   1837.556 N000243
     0.000      0.000   0.000      0.000      0.000   0.000   0.0000  0.0000      0.000      0.000   1422.134   1803.367   1413.897   1845.789 N000244
  1178.322   1805.341  -9.491   1182.242   1869.495  -9.488  -0.1777 -0.1199   1194.954   1809.209   1195.132   1809.329   1182.422   1869.602 N000245
  2945.060   1806.672 -10.470   2957.174   1740.166 -10.467   0.0601  0.1721   2961.714   1810.536   2961.654   1810.363   2957.114   1739.999 N000246
  2039.664   1808.647 -10.210   2054.720   1806.909 -10.207   0.1636  0.1468   2056.306   1812.512   2056.143   1812.365   2054.556   1806.774 N000247
     0.000      0.000   0.000      0.000      0.000   0.000   0.0000  0.0000      0.000      0.000   1280.966   1812.867   1270.029   1866.382 N000248
   762.110   1811.755 -10.434    754.799   1909.611 -10.431   0.1101  0.2021    778.736   1815.623    778.626   1815.421    754.688   1909.416 N000249
  2449.611   1813.018  -9.920   2464.984   1781.482  -9.917   0.1112  0.0176   2466.259   1816.882   2466.148   1816.864   2464.873   1781.472 N000250
     0.000      0.000   0.000      0.000      0.000   0.000   0.0000  0.0000      0.000      0.000   2105.643   1820.222   2104.235   1810.980 N000251
     0.000      0.000   0.000      0.000      0.000   0.000   0.0000  0.0000      0.000      0.000   1876.140   1820.866   1873.407   1828.700 N000252
  1274.942   1822.415  -9.731   1280.728   1879.055  -9.729  -0.0579 -0.0852   1291.575   1826.282   1291.633   1826.367   1280.786   1879.136 N000253
  1978.120   1822.223  -8.939   1992.811   1825.056  -8.936   0.0367  0.0567   1994.762   1826.089   1994.725   1826.032   1992.774   1825.002 N000254
  1193.028   1823.622 -11.786   1197.096   1886.749 -11.783   0.0284  0.1215   1209.660   1827.489   1209.632   1827.367   1197.068   1886.629 N000255
  2353.325   1823.680  -9.165   2368.873   1799.044  -9.163  -0.1754  0.2704   2369.971   1827.544   2370.147   1827.274   2369.048   1798.761 N000256
     0.000      0.000   0.000      0.000      0.000   0.000   0.0000  0.0000      0.000      0.000   2785.152   1827.364   2782.233   1769.255 N000257
  2273.094   1825.395  -9.370   2288.678   1806.560  -9.368   0.0939 -0.1050   2289.740   1829.260   2289.646   1829.365   2288.584   1806.672 N000258
  1870.788   1825.916  -9.681   1884.741   1836.783  -9.679  -0.1402 -0.0837   1887.429   1829.782   1887.569   1829.866   1884.882   1836.856 N000259
  2808.447   1832.580 -10.512   2821.880   1775.488 -10.509  -0.0533  0.0803   2825.099   1836.444   2825.152   1836.364   2821.933   1775.404 N000260
  2151.699   1833.801 -11.386   2167.086   1823.813 -11.383   0.1990 -0.1993   2168.343   1837.666   2168.144   1837.865   2166.886   1824.027 N000261
  1151.998   1837.044  -8.923   1155.022   1903.546  -8.920  -0.0850 -0.0397   1168.630   1840.911   1168.715   1840.950   1155.109   1903.579 N000262
     0.000      0.000   0.000      0.000      0.000   0.000   0.0000  0.0000      0.000      0.000   1482.635   1841.929   1475.121   1879.870 N000263
  3810.257   1846.888 -11.082   3808.214   1721.675 -11.079   0.0664 -0.1117   3826.922   1850.750   3826.856   1850.861   3808.150   1721.790 N000264
  1494.405   1847.938  -9.337   1503.904   1887.598  -9.335  -0.0953 -0.0620   1511.040   1851.804   1511.136   1851.866   1504.000   1887.653 N000265
  2993.140   1848.716 -11.054   3004.834   1778.640 -11.051   0.1401  0.0969   3009.795   1852.579   3009.655   1852.482   3004.695   1778.553 N000266
     0.000      0.000   0.000      0.000      0.000   0.000   0.0000  0.0000      0.000      0.000   1057.630   1856.367   1041.195   1928.049 N000267
     0.000      0.000   0.000      0.000      0.000   0.000   0.0000  0.0000      0.000      0.000   1033.129   1859.367   1016.026   1933.059 N000268
     0.000      0.000   0.000      0.000      0.000   0.000   0.0000  0.0000      0.000      0.000   2259.145   1866.365   2257.993   1845.863 N000269
     0.000      0.000   0.000      0.000      0.000   0.000   0.0000  0.0000      0.000      0.000   1778.139   1868.327   1774.292   1883.690 N000270
     0.000      0.000   0.000      0.000      0.000   0.000   0.0000  0.0000      0.000      0.000    289.120   1877.369    245.620   2013.616 N000271
  2148.592   1873.125 -14.213   2163.863   1863.373 -14.210   0.0919  0.1032   2165.236   1876.990   2165.144   1876.887   2163.771   1863.277 N000272
     0.000      0.000   0.000      0.000      0.000   0.000   0.0000  0.0000      0.000      0.000   1225.596   1880.724   1212.871   1939.153 N000273
  2280.459   1879.074  -9.220   2295.944   1859.664  -9.217  -0.0407  0.0739   2297.105   1882.938   2297.146   1882.864   2295.985   1859.587 N000274
  2585.690   1882.611 -13.218   2600.534   1841.158 -13.216   0.1895  0.1107   2602.339   1886.474   2602.150   1886.364   2600.345   1841.061 N000275
  1631.279   1887.148  -9.132   1642.463   1916.434  -9.130  -0.1706  0.0980   1647.917   1891.014   1648.087   1890.916   1642.636   1916.322 N000276
  1370.703   1888.095 -10.082   1377.780   1937.668 -10.079   0.1674  0.0946   1387.337   1891.961   1387.170   1891.866   1377.610   1937.586 N000277
     0.000      0.000   0.000      0.000      0.000   0.000   0.0000  0.0000      0.000      0.000   2737.120   1894.363   2734.590   1839.413 N000278
  1071.482   1896.449 -10.031   1071.971   1969.974 -10.028  -0.0179 -0.0511   1088.112   1900.316   1088.130   1900.367   1071.989   1970.024 N000279
     0.000      0.000   0.000      0.000      0.000   0.000   0.0000  0.0000      0.000      0.000    970.057   1903.367    950.755   1982.659 N000280
  1788.167   1903.183 -10.191   1801.010   1920.519 -10.188   0.1669  0.1827   1804.806   1907.048   1804.639   1906.865   1800.842   1920.348 N000281
  2476.303   1903.897 -11.664   2491.517   1870.276 -11.661  -0.1965 -0.1028   2492.952   1907.761   2493.148   1907.864   2491.713   1870.365 N000282
     0.000      0.000   0.000      0.000      0.000   0.000   0.0000  0.0000      0.000      0.000   1750.139   1911.365   1745.758   1929.030 N000283
     0.000      0.000   0.000      0.000      0.000   0.000   0.0000  0.0000      0.000      0.000   1298.033   1920.366   1286.471   1973.365 N000284
   965.392   1925.666 -11.265    962.747   2008.147 -11.262  -0.1079  0.1032    982.021   1929.533    982.129   1929.430    962.859   2008.034 N000285
     0.000      0.000   0.000      0.000      0.000   0.000   0.0000  0.0000      0.000      0.000    505.123   1932.368     -1.000     -1.000 N000286
     0.000      0.000   0.000      0.000      0.000   0.000   0.0000  0.0000      0.000      0.000   2678.651   1938.292   2676.467   1887.410 N000287
     0.000      0.000   0.000      0.000      0.000   0.000   0.0000  0.0000      0.000      0.000   2641.733   1940.863   2639.725   1892.624 N000288
  2720.016   1937.527 -10.148   2734.154   1886.356 -10.146   0.0157  0.0273   2736.667   1941.391   2736.651   1941.363   2734.139   1886.330 N000289
     0.000      0.000   0.000      0.000      0.000   0.000   0.0000  0.0000      0.000      0.000   2301.896   1947.927   2300.599   1924.320 N000290
  2451.796   1954.337 -11.073   2467.010   1922.452 -11.070  -0.2036 -0.1635   2468.444   1958.200   2468.648   1958.364   2467.213   1922.601 N000291
  2648.111   1955.012 -10.418   2662.640   1908.957 -10.415   0.1106  0.0122   2664.761   1958.875   2664.650   1958.863   2662.530   1908.953 N000292
  3182.596   1956.469 -12.057   3192.292   1872.733 -12.054   0.0957 -0.0313   3199.253   1960.331   3199.157   1960.362   3192.197   1872.771 N000293
  1401.797   1961.694 -11.858   1408.818   2009.390 -11.855  -0.2030  0.1943   1418.431   1965.560   1418.634   1965.366   1409.026   2009.178 N000294
  3862.240   1961.711  -8.762   3859.871   1832.035  -8.760   0.0398  0.2114   3878.906   1965.572   3878.866   1965.361   3859.830   1831.828 N000295
     0.000      0.000   0.000      0.000      0.000   0.000   0.0000  0.0000      0.000      0.000    539.623   1967.368     -1.000     -1.000 N000296
  2103.842   1963.613 -11.541   2118.652   1957.328 -11.538  -0.1581  0.1129   2120.485   1967.477   2120.643   1967.364   2118.811   1957.203 N000297
  1120.411   1966.027 -10.489   1121.368   2036.324 -10.487  -0.0893  0.0269   1137.042   1969.893   1137.131   1969.867   1121.460   2036.289 N000298
     0.000      0.000   0.000      0.000      0.000   0.000   0.0000  0.0000      0.000      0.000   2463.648   1977.364   2462.195   1941.966 N000299
     0.000      0.000   0.000      0.000      0.000   0.000   0.0000  0.0000      0.000      0.000    600.124   1984.368     -1.000     -1.000 N000300
     0.000      0.000   0.000      0.000      0.000   0.000   0.0000  0.0000      0.000      0.000   2891.453   1983.663   2887.847   1917.539 N000301
     0.000      0.000   0.000      0.000      0.000   0.000   0.0000  0.0000      0.000      0.000   2567.249   2002.863   2565.498   1959.949 N000302
  2820.405   2004.957  -9.341   2833.897   1946.511  -9.338  -0.0948 -0.0426   2837.058   2008.820   2837.153   2008.863   2833.991   1946.547 N000303
   167.964   2007.859 -13.376    138.498   2108.071 -13.373  -0.0355 -0.1410    184.583   2011.727    184.619   2011.868    138.533   2108.211 N000304
     0.000      0.000   0.000      0.000      0.000   0.000   0.0000  0.0000      0.000      0.000   1409.584   2015.366     -1.000     -1.000 N000305
  2010.367   2014.413 -10.983   2024.442   2015.327 -10.980  -0.1332 -0.0871   2027.009   2018.277   2027.142   2018.364   2024.575   2015.404 N000306
     0.000      0.000   0.000      0.000      0.000   0.000   0.0000  0.0000      0.000      0.000   3170.357   2025.262   3163.946   1939.418 N000307
  2461.845   2030.059  -9.081   2476.927   1997.484  -9.079  -0.1553  0.0593   2478.493   2033.923   2478.648   2033.863   2477.082   1997.413 N000308
  2375.075   2030.807  -9.540   2390.250   2004.589  -9.537   0.0748 -0.1431   2391.722   2034.670   2391.647   2034.813   2390.175   2004.738 N000309
  3055.532   2046.150  -9.882   3066.960   1970.976  -9.880   0.0323  0.1503   3072.188   2050.012   3072.156   2049.862   3066.928   1970.828 N000310
     0.000      0.000   0.000      0.000      0.000   0.000   0.0000  0.0000      0.000      0.000   2174.144   2051.864   2172.229   2037.976 N000311
  2354.083   2056.218 -12.351   2369.201   2031.598 -12.348   0.0828  0.1554   2370.729   2060.081   2370.647   2059.926   2369.119   2031.448 N000312
  2557.684   2060.285  -9.269   2572.488   2020.754  -9.266   0.1125 -0.0726   2574.333   2064.147   2574.221   2064.220   2572.376   2020.835 N000313
     0.000      0.000   0.000      0.000      0.000   0.000   0.0000  0.0000      0.000      0.000   3136.156   2076.362   3130.272   1992.772 N000314
     0.000      0.000   0.000      0.000      0.000   0.000   0.0000  0.0000      0.000      0.000   2544.149   2096.863     -1.000     -1.000 N000315
  1732.893   2095.054 -11.717   1747.649   2065.388 -11.714  -0.1072  0.0545   1749.531   2098.919   1749.639   2098.864   1747.758   2065.325 N000316
  1604.737   2100.788  -9.454   1617.878   2081.197  -9.451   0.1262 -0.2124   1621.374   2104.652   1621.248   2104.865   1617.749   2081.421 N000317
  1967.788   2121.545 -11.208   1984.557   2073.895 -11.205  -0.2122  0.0449   1984.429   2125.409   1984.642   2125.364   1984.771   2073.834 N000318
  1368.380   2125.777 -10.515   1377.420   2125.307 -10.512  -0.1198 -0.2230   1385.014   2129.642   1385.134   2129.865   1377.541   2125.522 N000319
     0.000      0.000   0.000      0.000      0.000   0.000   0.0000  0.0000      0.000      0.000    828.127   2134.366    806.131   2176.501 N000320
     0.000      0.000   0.000      0.000      0.000   0.000   0.0000  0.0000      0.000      0.000   1463.750   2142.865   1457.525   2132.288 N000321
     0.000      0.000   0.000      0.000      0.000   0.000   0.0000  0.0000      0.000      0.000   1958.641   2143.301   1958.515   2093.854 N000322
     0.000      0.000   0.000      0.000      0.000   0.000   0.0000  0.0000      0.000      0.000   2340.646   2144.905   2342.140   2066.522 N000323
     0.000      0.000   0.000      0.000      0.000   0.000   0.0000  0.0000      0.000      0.000   1986.142   2157.864   1986.173   2106.384 N000324
  2225.350   2155.911 -11.221   2243.308   2088.833 -11.218  -0.1238 -0.0889   2241.995   2159.774   2242.119   2159.863   2243.432   2088.913 N000325
     0.000      0.000   0.000      0.000      0.000   0.000   0.0000  0.0000      0.000      0.000    525.623   2161.367    492.284   2230.251 N000326
     0.000      0.000   0.000      0.000      0.000   0.000   0.0000  0.0000      0.000      0.000   2103.143   2163.363   2103.895   2102.964 N000327
  2050.815   2164.472 -12.472   2067.999   2110.683 -12.470  -0.1606 -0.0282   2067.458   2168.335   2067.619   2168.363   2068.161   2110.699 N000328
  2163.632   2166.198 -11.976   2181.370   2103.826 -11.973   0.1322  0.1983   2180.276   2170.062   2180.144   2169.863   2181.237   2103.637 N000329
  1638.300   2175.089 -11.145   1651.465   2153.423 -11.142  -0.2000  0.0889   1654.938   2178.953   1655.137   2178.864   1651.668   2153.318 N000330
     0.000      0.000   0.000      0.000      0.000   0.000   0.0000  0.0000      0.000      0.000   1745.139   2178.864   1742.801   2146.224 N000331
  2448.913   2179.029 -11.454   2466.976   2095.288 -11.451  -0.0871  0.0294   2465.561   2182.892   2465.648   2182.862   2467.063   2095.252 N000332
  2248.242   2181.970  -9.576   2266.215   2113.257  -9.573   0.2419 -0.0299   2264.887   2185.833   2264.645   2185.863   2265.973   2113.305 N000333
  1763.301   2185.186 -11.270   1777.945   2153.758 -11.267  -0.1729  0.1600   1779.940   2189.050   1780.113   2188.890   1778.121   2153.583 N000334
  2502.645   2190.872  -9.813   2520.612   2103.167  -9.811   0.1449 -0.1284   2519.293   2194.734   2519.149   2194.862   2520.467   2103.306 N000335
     0.000      0.000   0.000      0.000      0.000   0.000   0.0000  0.0000      0.000      0.000   1465.635   2195.865   1459.053   2185.652 N000336
  1330.154   2198.749  -9.736   1337.837   2202.167  -9.733   0.1540  0.1828   1346.787   2202.614   1346.634   2202.431   1337.681   2201.995 N000337
  1178.119   2200.357  -9.822   1182.370   2216.351  -9.819   0.1191 -0.1434   1194.751   2204.222   1194.632   2204.365   1182.247   2216.506 N000338
  3153.064   2200.403 -11.236   3166.594   2065.561 -11.233   0.0638 -0.0974   3169.721   2204.263   3169.657   2204.361   3166.531   2065.663 N000339
     0.000      0.000   0.000      0.000      0.000   0.000   0.0000  0.0000      0.000      0.000   3587.662   2204.360     -1.000     -1.000 N000340
  1108.118   2206.062 -11.764   1110.571   2227.977 -11.761   0.1184  0.0618   1124.749   2209.927   1124.631   2209.865   1110.450   2227.924 N000341
  1236.244   2216.733 -11.121   1241.707   2228.109 -11.118   0.0060 -0.1000   1252.876   2220.598   1252.870   2220.698   1241.700   2228.211 N000342
  2552.417   2220.843 -11.181   2570.275   2129.508 -11.179  -0.0828 -0.1567   2569.066   2224.705   2569.149   2224.862   2570.358   2129.659 N000343
  1499.234   2236.988  -9.863   1509.835   2227.046  -9.861   0.1453 -0.0124   1515.869   2240.852   1515.724   2240.864   1509.687   2227.070 N000344
     0.000      0.000   0.000      0.000      0.000   0.000   0.0000  0.0000      0.000      0.000   3050.655   2244.899   3048.980   2114.601 N000345
  2149.888   2248.554 -10.088   2167.361   2187.633 -10.085  -0.1116  0.0545   2166.532   2252.417   2166.644   2252.363   2167.473   2187.570 N000346
   437.582   2251.686 -11.495    416.568   2332.557 -11.492   0.0819  0.1858    454.204   2255.552    454.122   2255.366    416.485   2332.375 N000347
     0.000      0.000   0.000      0.000      0.000   0.000   0.0000  0.0000      0.000      0.000   3197.907   2261.860   3194.721   2121.016 N000348
  1379.211   2258.429 -10.449   1387.393   2258.523 -10.447   0.2111 -0.0709   1395.845   2262.293   1395.634   2262.364   1387.177   2258.612 N000349
  1305.808   2261.594 -12.384   1312.421   2267.781 -12.381  -0.1918  0.0945   1322.441   2265.459   1322.633   2265.365   1312.618   2267.670 N000350
     0.000      0.000   0.000      0.000      0.000   0.000   0.0000  0.0000      0.000      0.000   2165.144   2276.363   2165.896   2211.826 N000351
  2591.406   2274.412 -11.124   2609.191   2180.310 -11.121  -0.0936 -0.0885   2608.056   2278.273   2608.150   2278.362   2609.285   2180.392 N000352
  1352.311   2277.177 -11.209   1359.774   2279.721 -11.207  -0.1895  0.1530   1368.944   2281.041   1369.134   2280.888   1359.969   2279.550 N000353
     0.000      0.000   0.000      0.000      0.000   0.000   0.0000  0.0000      0.000      0.000   3246.658   2281.360   3242.981   2137.012 N000354
     0.000      0.000   0.000      0.000      0.000   0.000   0.0000  0.0000      0.000      0.000   2320.104   2282.362   2321.376   2206.023 N000355
     0.000      0.000   0.000      0.000      0.000   0.000   0.0000  0.0000      0.000      0.000   2760.152   2283.361   2760.722   2174.178 N000356
     0.000      0.000   0.000      0.000      0.000   0.000   0.0000  0.0000      0.000      0.000   1002.129   2286.365    983.763   2315.924 N000357
   389.737   2287.757 -10.483    366.112   2373.670 -10.481  -0.0407 -0.0485    406.359   2291.624    406.399   2291.672    366.154   2373.716 N000358
  1739.367   2287.886  -9.427   1753.171   2259.226  -9.424  -0.1333 -0.1645   1756.005   2291.749   1756.139   2291.913   1753.305   2259.381 N000359
     0.000      0.000   0.000      0.000      0.000   0.000   0.0000  0.0000      0.000      0.000   1256.632   2296.436   1244.839   2304.643 N000360
     0.000      0.000   0.000      0.000      0.000   0.000   0.0000  0.0000      0.000      0.000   2674.678   2299.361   2675.623   2196.518 N000361
     0.000      0.000   0.000      0.000      0.000   0.000   0.0000  0.0000      0.000      0.000   1742.639   2304.863   1739.563   2273.530 N000362
     0.000      0.000   0.000      0.000      0.000   0.000   0.0000  0.0000      0.000      0.000   1268.017   2307.864   1256.380   2315.282 N000363
     0.000      0.000   0.000      0.000      0.000   0.000   0.0000  0.0000      0.000      0.000   1732.638   2307.697   1729.417   2277.188 N000364
  1986.745   2306.614 -10.479   2002.972   2258.688 -10.477  -0.0052  0.1142   2003.387   2310.477   2003.392   2310.363   2002.978   2258.573 N000365
     0.000      0.000   0.000      0.000      0.000   0.000   0.0000  0.0000      0.000      0.000   3454.161   2312.360   3447.795   2153.312 N000366
  1397.120   2308.969  -9.438   1405.231   2308.228  -9.435   0.1203 -0.0308   1413.755   2312.833   1413.634   2312.864   1405.108   2308.269 N000367
   565.046   2309.423  -8.872    548.429   2380.083  -8.869   0.5457 -0.1769    581.669   2313.289    581.124   2313.466    547.859   2380.312 N000368
   600.052   2309.752  -9.109    584.813   2377.303  -9.106   0.0518  0.1096    616.676   2313.618    616.624   2313.509    584.761   2377.196 N000369
     0.000      0.000   0.000      0.000      0.000   0.000   0.0000  0.0000      0.000      0.000    942.128   2313.565    921.633   2348.729 N000370
     0.000      0.000   0.000      0.000      0.000   0.000   0.0000  0.0000      0.000      0.000   2270.145   2316.362   2271.219   2244.016 N000371
     0.000      0.000   0.000      0.000      0.000   0.000   0.0000  0.0000      0.000      0.000   2721.651   2318.361   2722.433   2212.090 N000372
  1669.787   2315.756  -9.952   1682.496   2292.929  -9.950  -0.2585 -0.1527   1686.425   2319.620   1686.683   2319.773   1682.757   2293.063 N000373
     0.000      0.000   0.000      0.000      0.000   0.000   0.0000  0.0000      0.000      0.000   1204.667   2328.364   1191.309   2341.391 N000374
     0.000      0.000   0.000      0.000      0.000   0.000   0.0000  0.0000      0.000      0.000   2445.576   2329.790   2446.904   2244.176 N000375
     0.000      0.000   0.000      0.000      0.000   0.000   0.0000  0.0000      0.000      0.000   2121.643   2331.362   2121.982   2270.550 N000376
  1675.788   2333.933  -9.533   1688.462   2310.821  -9.530  -0.1118 -0.0674   1692.426   2337.796   1692.538   2337.863   1688.575   2310.880 N000377
  2144.117   2336.133 -11.628   2161.292   2276.217 -11.625   0.1165  0.1326   2160.760   2339.995   2160.644   2339.862   2161.175   2276.093 N000378
   560.077   2343.272 -10.192    542.762   2415.073 -10.189   0.0770 -0.1972    576.701   2347.137    576.624   2347.334    542.679   2415.281 N000379
  1097.386   2347.303  -9.838   1098.068   2372.226  -9.836  -0.1436 -0.1965   1114.016   2351.168   1114.160   2351.365   1098.213   2372.413 N000380
  1461.692   2349.522  -9.347   1470.718   2343.995  -9.344  -0.0167  0.0633   1478.327   2353.385   1478.344   2353.322   1470.736   2343.930 N000381
  1657.266   2364.575 -10.963   1669.469   2343.302 -10.960  -0.1787  0.0750   1673.903   2368.438   1674.082   2368.363   1669.651   2343.212 N000382
  2445.065   2366.755  -9.248   2463.000   2283.990  -9.245   0.0646 -0.0570   2461.712   2370.617   2461.648   2370.674   2462.935   2284.052 N000383
  2506.538   2367.083 -10.234   2524.457   2279.675 -10.231   0.0379  0.0835   2523.187   2370.945   2523.149   2370.861   2524.419   2279.594 N000384
  2015.948   2372.596 -11.748   2032.130   2322.940 -11.746  -0.0515  0.0961   2032.591   2376.458   2032.642   2376.362   2032.182   2322.839 N000385
  1266.808   2373.433 -10.535   1271.481   2384.444 -10.533  -0.6424 -0.5168   1283.440   2377.297   1284.083   2377.814   1272.132   2384.915 N000386
  2680.543   2373.957  -9.601   2698.119   2273.550  -9.598   0.0427 -0.0433   2697.194   2377.818   2697.151   2377.861   2698.076   2273.597 N000387
   346.785   2387.071 -10.069    319.623   2479.132 -10.066  -0.2145  0.0713    363.406   2390.937    363.621   2390.866    319.849   2479.039 N000388
     0.000      0.000   0.000      0.000      0.000   0.000   0.0000  0.0000      0.000      0.000   2088.956   2390.862   2088.863   2333.063 N000389
     0.000      0.000   0.000      0.000      0.000   0.000   0.0000  0.0000      0.000      0.000   1704.638   2396.363   1700.452   2369.078 N000390
  1180.142   2393.442  -9.653   1182.498   2412.084  -9.650   0.1127  0.0012   1196.774   2397.306   1196.661   2397.305   1182.383   2412.092 N000391
     0.000      0.000   0.000      0.000      0.000   0.000   0.0000  0.0000      0.000      0.000    688.125   2398.365    657.772   2457.429 N000392
     0.000      0.000   0.000      0.000      0.000   0.000   0.0000  0.0000      0.000      0.000    403.559   2411.866    361.249   2496.896 N000393
  1635.501   2418.501 -10.354   1646.982   2399.658 -10.351   0.0007  0.0013   1652.138   2422.364   1652.137   2422.363   1646.981   2399.657 N000394
  2762.435   2426.384  -8.985   2779.749   2320.087  -8.982  -0.0650 -0.1163   2779.087   2430.244   2779.152   2430.360   2779.814   2320.199 N000395
     0.000      0.000   0.000      0.000      0.000   0.000   0.0000  0.0000      0.000      0.000   1741.139   2433.363   1737.216   2403.582 N000396
  1602.294   2433.138 -10.237   1613.126   2417.198 -10.235  -0.1430  0.1380   1618.932   2437.001   1619.075   2436.863   1613.273   2417.046 N000397
  1672.215   2434.331 -11.066   1684.136   2412.708 -11.063   0.1852 -0.1692   1688.853   2438.194   1688.667   2438.363   1683.947   2412.895 N000398
     0.000      0.000   0.000      0.000      0.000   0.000   0.0000  0.0000      0.000      0.000   1328.633   2438.864   1317.110   2443.178 N000399
     0.000      0.000   0.000      0.000      0.000   0.000   0.0000  0.0000      0.000      0.000   2493.557   2444.270   2494.769   2355.664 N000400
     0.000      0.000   0.000      0.000      0.000   0.000   0.0000  0.0000      0.000      0.000   1994.642   2447.362   1993.540   2397.501 N000401
  2961.089   2447.514 -12.553   2977.323   2326.564 -12.550   0.0892  0.0136   2977.744   2451.374   2977.654   2451.360   2977.235   2326.557 N000402
     0.000      0.000   0.000      0.000      0.000   0.000   0.0000  0.0000      0.000      0.000   3899.166   2456.414   3886.030   2266.098 N000403
  2506.415   2455.261 -11.078   2524.263   2368.370 -11.075  -0.0849 -0.2112   2523.064   2459.122   2523.149   2459.333   2524.347   2368.576 N000404
   462.598   2457.261 -11.011    439.430   2540.440 -11.008   0.0982 -0.2393    479.221   2461.126    479.122   2461.365    439.324   2540.694 N000405
  1639.226   2459.233 -12.774   1650.456   2440.630 -12.771   0.2264  0.0740   1655.864   2463.096   1655.638   2463.022   1650.227   2440.573 N000406
  1392.985   2475.181  -9.887   1399.485   2477.206  -9.884  -0.0147  0.1810   1409.620   2479.044   1409.634   2478.863   1399.502   2477.021 N000407
     0.000      0.000   0.000      0.000      0.000   0.000   0.0000  0.0000      0.000      0.000   2292.846   2481.461   2293.555   2408.561 N000408
  1824.576   2490.521  -9.912   1838.198   2457.297  -9.909   0.0763  0.0214   1841.216   2494.384   1841.140   2494.362   1838.121   2457.281 N000409
     0.000      0.000   0.000      0.000      0.000   0.000   0.0000  0.0000      0.000      0.000   2514.949   2494.261   2516.106   2404.372 N000410
  2378.332   2491.883  -9.371   2395.972   2415.066  -9.368  -0.1397 -0.1173   2394.979   2495.744   2395.119   2495.861   2396.111   2415.173 N000411
     0.000      0.000   0.000      0.000      0.000   0.000   0.0000  0.0000      0.000      0.000   1760.639   2496.362   1756.542   2465.817 N000412
     0.000      0.000   0.000      0.000      0.000   0.000   0.0000  0.0000      0.000      0.000    721.626   2499.865    691.053   2558.152 N000413
     0.000      0.000   0.000      0.000      0.000   0.000   0.0000  0.0000      0.000      0.000   2280.646   2501.361   2281.244   2429.586 N000414
  2120.662   2500.517 -10.435   2137.085   2443.852 -10.432  -0.2992 -0.4442   2137.306   2504.379   2137.605   2504.823   2137.384   2444.277 N000415
     0.000      0.000   0.000      0.000      0.000   0.000   0.0000  0.0000      0.000      0.000   3032.155   2506.360   3031.472   2377.728 N000416
     0.000      0.000   0.000      0.000      0.000   0.000   0.0000  0.0000      0.000      0.000   1334.075   2508.863   1321.962   2513.888 N000417
     0.000      0.000   0.000      0.000      0.000   0.000   0.0000  0.0000      0.000      0.000   4099.169   2517.857   4082.355   2313.724 N000418
     0.000      0.000   0.000      0.000      0.000   0.000   0.0000  0.0000      0.000      0.000   2305.737   2517.952   2306.382   2444.377 N000419
  2656.189   2516.488  -8.987   2673.872   2418.652  -8.984   0.1893 -0.0116   2672.840   2520.349   2672.651   2520.360   2673.683   2418.678 N000420
     0.000      0.000   0.000      0.000      0.000   0.000   0.0000  0.0000      0.000      0.000   2015.142   2520.895   2013.857   2470.213 N000421
  2267.653   2527.711  -8.970   2284.815   2459.797  -8.967   0.1535  0.2105   2284.299   2531.572   2284.146   2531.361   2284.662   2459.597 N000422
     0.000      0.000   0.000      0.000      0.000   0.000   0.0000  0.0000      0.000      0.000   2237.145   2531.861   2237.425   2463.776 N000423
     0.000      0.000   0.000      0.000      0.000   0.000   0.0000  0.0000      0.000      0.000   2197.589   2532.806   2197.643   2467.834 N000424
     0.000      0.000   0.000      0.000      0.000   0.000   0.0000  0.0000      0.000      0.000   2589.816   2537.860   2590.933   2442.591 N000425
  2793.467   2533.805 -11.049   2810.760   2425.721 -11.046  -0.0329 -0.1950   2810.119   2537.665   2810.152   2537.860   2810.793   2425.915 N000426
  3088.690   2537.311 -11.705   3104.175   2407.280 -11.703   0.1898 -0.1890   3105.346   2541.170   3105.156   2541.359   3103.988   2407.484 N000427
   473.235   2547.869  -9.589    449.012   2632.346  -9.586   0.1970 -0.1311    489.858   2551.734    489.661   2551.865    448.804   2632.499 N000428
     0.000      0.000   0.000      0.000      0.000   0.000   0.0000  0.0000      0.000      0.000    809.127   2571.964    780.714   2624.053 N000429
  1399.584   2568.792 -11.566   1405.299   2571.858 -11.563   0.0838 -0.2084   1416.218   2572.654   1416.134   2572.863   1405.211   2572.077 N000430
     0.000      0.000   0.000      0.000      0.000   0.000   0.0000  0.0000      0.000      0.000    818.627   2573.364    790.534   2624.634 N000431
     0.000      0.000   0.000      0.000      0.000   0.000   0.0000  0.0000      0.000      0.000   1503.086   2575.362   1493.953   2567.298 N000432
  2637.178   2573.974 -12.974   2654.867   2477.997 -12.971   0.1783 -0.0262   2653.829   2577.834   2653.650   2577.860   2654.689   2478.037 N000433
  1166.249   2576.496 -10.226   1166.158   2599.673 -10.223  -0.2245 -0.0035   1182.881   2580.360   1183.105   2580.363   1166.389   2599.657 N000434
  2097.179   2582.940 -10.567   2113.052   2529.059 -10.564   0.1794 -0.0601   2113.823   2586.801   2113.643   2586.861   2112.871   2529.134 N000435
  2321.072   2583.531  -9.314   2338.289   2512.013  -9.311   0.0722  0.0308   2337.719   2587.391   2337.646   2587.361   2338.216   2511.987 N000436
   944.268   2589.312 -10.691    937.373   2632.215 -10.688  -0.2320 -0.1885    960.897   2593.175    961.129   2593.364    937.610   2632.387 N000437
  1718.725   2590.840 -11.036   1730.159   2567.652 -11.033   0.1200 -0.1602   1735.364   2594.702   1735.244   2594.862   1730.036   2567.825 N000438
  2504.547   2596.010  -9.319   2522.209   2510.389  -9.316   0.0472  0.0102   2521.196   2599.870   2521.149   2599.860   2522.162   2510.382 N000439
  1263.920   2597.912  -9.827   1266.139   2613.086  -9.824  -0.0798 -0.0884   1280.553   2601.774   1280.633   2601.863   1266.220   2613.169 N000440
     0.000      0.000   0.000      0.000      0.000   0.000   0.0000  0.0000      0.000      0.000   2176.244   2603.261   2175.863   2540.765 N000441
     0.000      0.000   0.000      0.000      0.000   0.000   0.0000  0.0000      0.000      0.000   1718.638   2609.862   1713.051   2584.432 N000442
  1108.409   2608.311 -10.216   1106.303   2637.180 -10.213  -0.0914 -0.1360   1125.039   2612.174   1125.131   2612.310   1106.395   2637.311 N000443
     0.000      0.000   0.000      0.000      0.000   0.000   0.0000  0.0000      0.000      0.000   2871.097   2623.859   2871.562   2507.879 N000444
     0.000      0.000   0.000      0.000      0.000   0.000   0.0000  0.0000      0.000      0.000    688.825   2625.364    655.052   2689.637 N000445
  2571.449   2621.394  -8.513   2589.124   2530.859  -8.510  -0.1510 -0.0063   2588.099   2625.253   2588.250   2625.260   2589.275   2530.854 N000446
  1419.990   2627.611 -12.291   1425.544   2630.032 -12.288  -0.0101  0.1106   1436.625   2631.473   1436.635   2631.362   1425.556   2629.918 N000447
     0.000      0.000   0.000      0.000      0.000   0.000   0.0000  0.0000      0.000      0.000   2586.149   2632.360   2587.165   2538.183 N000448
   273.845   2638.519 -10.103    238.655   2744.138 -10.100  -0.1550  0.0186    290.465   2642.383    290.620   2642.365    238.818   2744.104 N000449
  1262.816   2645.509 -11.711   1264.458   2661.738 -11.708  -0.1843  0.0088   1279.448   2649.371   1279.633   2649.363   1264.647   2661.713 N000450
     0.000      0.000   0.000      0.000      0.000   0.000   0.0000  0.0000      0.000      0.000    108.618   2653.365     47.094   2772.850 N000451
  3528.463   2658.272 -10.496   3539.510   2496.680 -10.493  -0.0365  0.1051   3545.125   2662.129   3545.162   2662.024   3539.546   2496.572 N000452
     0.000      0.000   0.000      0.000      0.000   0.000   0.0000  0.0000      0.000      0.000   2975.127   2664.831   2975.137   2541.305 N000453
     0.000      0.000   0.000      0.000      0.000   0.000   0.0000  0.0000      0.000      0.000   3766.131   2664.424   3757.095   2483.274 N000454
  2453.819   2663.075 -11.099   2471.258   2582.075 -11.096  -0.1595  0.0752   2470.467   2666.935   2470.626   2666.860   2471.418   2581.987 N000455
     0.000      0.000   0.000      0.000      0.000   0.000   0.0000  0.0000      0.000      0.000   2256.245   2667.860   2256.119   2599.829 N000456
     0.000      0.000   0.000      0.000      0.000   0.000   0.0000  0.0000      0.000      0.000   1376.134   2668.362   1363.294   2672.800 N000457
  2759.036   2670.219  -9.099   2776.485   2565.741  -9.096   0.0356  0.2187   2775.688   2674.078   2775.652   2673.859   2776.449   2565.523 N000458
  3616.294   2669.708  -9.444   3626.128   2501.872  -9.441  -0.1121  0.1139   3632.957   2673.565   3633.069   2673.451   3626.238   2501.750 N000459
     0.000      0.000   0.000      0.000      0.000   0.000   0.0000  0.0000      0.000      0.000   1435.468   2688.279   1423.766   2688.042 N000460
  2685.571   2684.501 -13.425   2703.144   2585.788 -13.423   0.0707  0.0011   2702.222   2688.360   2702.151   2688.359   2703.073   2585.792 N000461
     0.000      0.000   0.000      0.000      0.000   0.000   0.0000  0.0000      0.000      0.000   3198.157   2690.258   3196.635   2550.245 N000462
     0.000      0.000   0.000      0.000      0.000   0.000   0.0000  0.0000      0.000      0.000   2955.154   2691.759   2955.305   2569.937 N000463
  1580.278   2693.582 -10.461   1588.446   2683.700 -10.458  -0.1884  0.0818   1596.915   2697.443   1597.103   2697.362   1588.639   2683.601 N000464
  1944.836   2699.816 -11.393   1958.538   2659.843 -11.391  -0.1640 -0.1840   1961.477   2703.677   1961.641   2703.861   1958.703   2660.017 N000465
  3009.146   2715.902  -8.519   3025.613   2592.831  -8.516   0.1462 -0.0981   3025.801   2719.760   3025.655   2719.858   3025.468   2592.941 N000466
   302.538   2717.646  -9.610    267.220   2822.957  -9.607   0.0378  0.1460    319.158   2721.510    319.120   2721.364    267.183   2822.810 N000467
     0.000      0.000   0.000      0.000      0.000   0.000   0.0000  0.0000      0.000      0.000   2052.643   2727.360   2050.557   2676.491 N000468
  2760.765   2729.408  -9.131   2778.201   2625.351  -9.129  -0.4222 -0.5298   2777.417   2733.267   2777.839   2733.796   2778.622   2625.853 N000469
     0.000      0.000   0.000      0.000      0.000   0.000   0.0000  0.0000      0.000      0.000    500.277   2734.364    456.659   2819.077 N000470
     0.000      0.000   0.000      0.000      0.000   0.000   0.0000  0.0000      0.000      0.000   1789.639   2737.949   1784.115   2708.849 N000471
     0.000      0.000   0.000      0.000      0.000   0.000   0.0000  0.0000      0.000      0.000    955.529   2754.813    929.504   2798.215 N000472
     0.000      0.000   0.000      0.000      0.000   0.000   0.0000  0.0000      0.000      0.000   1750.139   2755.361   1743.839   2729.874 N000473
  1623.104   2752.065  -9.513   1631.511   2739.708  -9.510   0.1036  0.0646   1639.741   2755.926   1639.637   2755.861   1631.406   2739.651 N000474
  2483.873   2764.691  -9.453   2501.141   2682.558  -9.451  -0.1266  0.1908   2500.522   2768.550   2500.648   2768.359   2501.269   2682.354 N000475
     0.000      0.000   0.000      0.000      0.000   0.000   0.0000  0.0000      0.000      0.000   2055.143   2772.860   2052.806   2722.525 N000476
     0.000      0.000   0.000      0.000      0.000   0.000   0.0000  0.0000      0.000      0.000    824.127   2773.077    793.163   2828.880 N000477
  1163.601   2776.595  -8.748   1160.900   2804.444  -8.745   0.2443  0.2383   1180.233   2780.458   1179.989   2780.219   1160.652   2804.222 N000478
  3340.764   2779.725 -11.447   3354.672   2632.392 -11.444  -0.0251  0.0672   3357.424   2783.583   3357.449   2783.515   3354.697   2632.323 N000479
     0.000      0.000   0.000      0.000      0.000   0.000   0.0000  0.0000      0.000      0.000   2482.398   2788.359   2482.917   2704.052 N000480
     0.000      0.000   0.000      0.000      0.000   0.000   0.0000  0.0000      0.000      0.000   2248.145   2796.360   2247.400   2730.799 N000481
     0.000      0.000   0.000      0.000      0.000   0.000   0.0000  0.0000      0.000      0.000   1102.207   2796.862   1080.315   2828.187 N000482
     0.000      0.000   0.000      0.000      0.000   0.000   0.0000  0.0000      0.000      0.000   2778.152   2796.859   2778.906   2689.556 N000483
     0.000      0.000   0.000      0.000      0.000   0.000   0.0000  0.0000      0.000      0.000   2017.642   2799.860   2014.717   2753.051 N000484
  1779.057   2796.836 -11.894   1789.744   2772.273 -11.892   0.0571 -0.1638   1795.696   2800.697   1795.639   2800.861   1789.685   2772.445 N000485
     0.000      0.000   0.000      0.000      0.000   0.000   0.0000  0.0000      0.000      0.000   1934.141   2804.860   1930.155   2765.013 N000486
  3779.205   2803.196 -12.437   3787.316   2624.279 -12.434   0.2046  0.1957   3795.870   2807.052   3795.665   2806.856   3787.113   2624.097 N000487
  2456.220   2803.563  -8.460   2473.302   2724.125  -8.458  -0.0797  0.0635   2472.868   2807.423   2472.948   2807.359   2473.382   2724.054 N000488
     0.000      0.000   0.000      0.000      0.000   0.000   0.0000  0.0000      0.000      0.000   2704.151   2816.859   2704.947   2715.533 N000489
     0.000      0.000   0.000      0.000      0.000   0.000   0.0000  0.0000      0.000      0.000   2594.212   2820.859   2594.923   2728.176 N000490
  2312.492   2829.507 -10.459   2328.780   2761.882 -10.457   0.4568  0.4351   2329.139   2833.366   2328.682   2832.931   2328.322   2761.477 N000491
  1950.227   2833.302  -9.333   1963.065   2795.207  -9.330   0.1856 -0.1147   1966.869   2837.162   1966.683   2837.277   1962.876   2795.339 N000492
  2102.252   2841.142 -10.367   2116.771   2790.705 -10.364   0.0850  0.1418   2118.895   2845.001   2118.810   2844.860   2116.686   2790.568 N000493
  2464.556   2842.671  -9.926   2481.554   2763.121  -9.923   0.0565  0.1709   2481.205   2846.530   2481.148   2846.359   2481.498   2762.952 N000494
  1089.138   2844.266  -9.254   1083.261   2880.456  -9.251   0.1378 -0.1431   1105.768   2848.128   1105.630   2848.271   1083.117   2880.616 N000495
     0.000      0.000   0.000      0.000      0.000   0.000   0.0000  0.0000      0.000      0.000    758.626   2852.577    723.832   2916.673 N000496
     0.000      0.000   0.000      0.000      0.000   0.000   0.0000  0.0000      0.000      0.000   2520.649   2854.924   2521.105   2768.506 N000497
   755.084   2866.589  -9.773    737.116   2933.866  -9.770  -0.9160  1.5892    771.710   2870.452    772.626   2868.862    738.095   2932.144 N000498
  1253.160   2872.212  -9.256   1251.733   2894.507  -9.254   0.1600  0.2119   1269.793   2876.073   1269.633   2875.861   1251.571   2894.304 N000499
  1217.190   2878.773 -11.279   1214.662   2904.428 -11.276   0.1654 -0.2271   1233.823   2882.634   1233.657   2882.861   1214.489   2904.676 N000500
     0.000      0.000   0.000      0.000      0.000   0.000   0.0000  0.0000      0.000      0.000   1971.142   2887.860   1967.018   2846.519 N000501
     0.000      0.000   0.000      0.000      0.000   0.000   0.0000  0.0000      0.000      0.000   1935.641   2893.360   1931.001   2855.081 N000502
  1765.570   2893.332  -9.096   1775.189   2871.856  -9.094   0.0696 -0.1675   1782.209   2897.193   1782.139   2897.360   1775.117   2872.033 N000503
   519.844   2893.866 -11.108    491.414   2984.114 -11.105  -0.1557 -0.1343    536.467   2897.729    536.623   2897.863    491.574   2984.238 N000504
     0.000      0.000   0.000      0.000      0.000   0.000   0.0000  0.0000      0.000      0.000   1560.091   2901.361   1548.813   2895.048 N000505
     0.000      0.000   0.000      0.000      0.000   0.000   0.0000  0.0000      0.000      0.000   2504.093   2911.303   2504.329   2827.035 N000506
  1044.351   2910.893 -10.540   1036.066   2952.934 -10.537  -0.1488 -0.1067   1060.981   2914.755   1061.130   2914.862   1036.218   2953.030 N000507
  1142.293   2912.305 -11.529   1137.088   2945.543 -11.526  -0.2070 -0.1954   1158.924   2916.166   1159.131   2916.361   1137.298   2945.725 N000508
     0.000      0.000   0.000      0.000      0.000   0.000   0.0000  0.0000      0.000      0.000   2059.643   2928.359   2056.335   2880.477 N000509
  2538.745   2927.011  -9.456   2555.759   2842.812  -9.453   0.0916  0.0499   2555.395   2930.870   2555.303   2930.820   2555.667   2842.769 N000510
     0.000      0.000   0.000      0.000      0.000   0.000   0.0000  0.0000      0.000      0.000   2808.652   2935.068   2809.286   2827.098 N000511
     0.000      0.000   0.000      0.000      0.000   0.000   0.0000  0.0000      0.000      0.000    736.201   2937.862    699.000   3006.669 N000512
     0.000      0.000   0.000      0.000      0.000   0.000   0.0000  0.0000      0.000      0.000   1657.638   2944.360   1647.900   2930.664 N000513
  1407.295   2948.141 -10.357   1408.945   2958.763 -10.354  -0.2049  0.1408   1423.930   2952.001   1424.135   2951.861   1409.157   2958.600 N000514
     0.000      0.000   0.000      0.000      0.000   0.000   0.0000  0.0000      0.000      0.000   1843.973   2952.110   1837.470   2922.744 N000515
     0.000      0.000   0.000      0.000      0.000   0.000   0.0000  0.0000      0.000      0.000   2170.144   2952.359   2167.885   2895.831 N000516
  2315.743   2949.838 -11.113   2331.522   2883.947 -11.110   0.1958 -0.1624   2332.390   2953.696   2332.194   2953.859   2331.324   2884.128 N000517
  1658.275   2954.729  -9.933   1665.367   2943.743  -9.930  -0.2251  0.2012   1674.913   2958.589   1675.138   2958.388   1665.599   2943.518 N000518
  2884.614   2958.002 -10.793   2901.743   2847.031 -10.790   0.1136  0.0020   2901.267   2961.859   2901.154   2961.857   2901.630   2847.038 N000519
     0.000      0.000   0.000      0.000      0.000   0.000   0.0000  0.0000      0.000      0.000   1745.139   2992.360   1736.574   2972.295 N000520
     0.000      0.000   0.000      0.000      0.000   0.000   0.0000  0.0000      0.000      0.000   3812.165   2995.855   3804.552   2813.171 N000521
  2429.675   3029.753  -9.431   2445.851   2956.041  -9.428   0.1750 -0.0596   2446.323   3033.611   2446.148   3033.670   2445.675   2956.116 N000522
     0.000      0.000   0.000      0.000      0.000   0.000   0.0000  0.0000      0.000      0.000   1507.136   3034.888   1493.157   3036.486 N000523
   770.980   3032.523 -12.337    750.693   3103.566 -12.335  -0.0204  0.0232    787.606   3036.385    787.626   3036.362    750.715   3103.540 N000524
   607.094   3036.053 -10.460    579.813   3122.781 -10.457   0.0941  0.0527    623.718   3039.915    623.624   3039.862    579.716   3122.736 N000525
  3828.511   3039.843 -11.793   3837.361   2859.062 -11.790   0.0108 -0.1566   3845.177   3043.698   3845.166   3043.855   3837.351   2859.221 N000526
  2170.595   3050.430 -11.360   2184.528   2998.383 -11.357   0.0949 -0.0703   2187.239   3054.288   2187.144   3054.358   2184.432   2998.462 N000527
     0.000      0.000   0.000      0.000      0.000   0.000   0.0000  0.0000      0.000      0.000   3546.162   3059.451   3542.404   2896.830 N000528
  3439.563   3072.670  -9.539   3453.480   2920.799  -9.536   0.0630  0.1696   3456.224   3076.525   3456.161   3076.356   3453.417   2920.632 N000529
   248.753   3078.271  -9.351    202.884   3201.625  -9.348   0.0031  0.1642    265.373   3082.134    265.370   3081.970    202.885   3201.454 N000530
     0.000      0.000   0.000      0.000      0.000   0.000   0.0000  0.0000      0.000      0.000   1875.140   3087.825   1867.928   3058.942 N000531
     0.000      0.000   0.000      0.000      0.000   0.000   0.0000  0.0000      0.000      0.000   3349.959   3096.256   3348.238   2948.760 N000532
  1746.052   3109.828 -10.531   1753.227   3095.100 -10.528   0.0520 -0.1720   1762.691   3113.687   1762.639   3113.859   1753.172   3095.280 N000533
  1922.522   3114.409 -11.262   1932.710   3084.670 -11.259   0.0496 -0.0905   1939.163   3118.268   1939.113   3118.359   1932.659   3084.767 N000534
  1963.757   3115.271 -10.643   1974.565   3082.046 -10.640  -0.2426 -0.1993   1980.399   3119.130   1980.642   3119.329   1974.810   3082.230 N000535
  1848.718   3116.410  -9.651   1857.681   3093.023  -9.649   0.1132 -0.0900   1865.359   3120.269   1865.245   3120.359   1857.565   3093.125 N000536
     0.000      0.000   0.000      0.000      0.000   0.000   0.0000  0.0000      0.000      0.000   1560.636   3123.859   1546.834   3123.158 N000537
     0.000      0.000   0.000      0.000      0.000   0.000   0.0000  0.0000      0.000      0.000   2359.147   3124.903   2357.660   3056.236 N000538
     0.000      0.000   0.000      0.000      0.000   0.000   0.0000  0.0000      0.000      0.000   2477.398   3136.357   2476.707   3058.209 N000539
  1853.929   3143.006 -11.156   1862.731   3119.846 -11.154  -0.0709  0.0061   1870.569   3146.865   1870.640   3146.859   1862.803   3119.834 N000540
     0.000      0.000   0.000      0.000      0.000   0.000   0.0000  0.0000      0.000      0.000   2282.824   3152.858   2280.499   3091.118 N000541
     0.000      0.000   0.000      0.000      0.000   0.000   0.0000  0.0000      0.000      0.000    460.122   3171.862    405.738   3275.574 N000542
     0.000      0.000   0.000      0.000      0.000   0.000   0.0000  0.0000      0.000      0.000    935.128   3182.860    901.342   3241.141 N000543
  2339.124   3205.969 -10.609   2353.802   3143.278 -10.606   0.1242 -0.0310   2355.771   3209.826   2355.647   3209.857   2353.677   3143.320 N000544
  2133.602   3213.245  -9.590   2145.991   3167.996  -9.587   0.1017 -0.0046   2150.246   3217.103   2150.144   3217.108   2145.888   3168.009 N000545
   538.927   3246.224 -11.108    504.124   3347.504 -11.105  -0.0729  0.2009    555.551   3250.084    555.623   3249.884    504.205   3347.288 N000546
     0.000      0.000   0.000      0.000      0.000   0.000   0.0000  0.0000      0.000      0.000    892.100   3256.860    855.283   3321.890 N000547
  1865.403   3268.793  -9.966   1873.177   3248.018  -9.963  -1.5974 -1.2073   1882.043   3272.651   1883.641   3273.858   1874.790   3249.120 N000548
   784.894   3276.207 -10.352    760.550   3354.665 -10.349  -0.1063  0.2072    801.520   3280.067    801.627   3279.860    760.665   3354.440 N000549
     0.000      0.000   0.000      0.000      0.000   0.000   0.0000  0.0000      0.000      0.000   2269.145   3349.357   2265.391   3293.511 N000550
     0.000      0.000   0.000      0.000      0.000   0.000   0.0000  0.0000      0.000      0.000   2523.601   3350.666   2522.223   3273.441 N000551
  2419.468   3354.571  -8.716   2434.003   3288.700  -8.713  -0.0321  0.0708   2436.115   3358.427   2436.148   3358.356   2434.036   3288.625 N000552
  1373.441   3356.558 -10.221   1368.615   3382.440 -10.219  -0.0590  0.0580   1390.075   3360.417   1390.134   3360.358   1368.677   3382.374 N000553
  2446.490   3410.151  -8.952   2460.944   3343.434  -8.949  -0.0657  0.1512   2463.138   3414.007   2463.204   3413.856   2461.011   3343.273 N000554
  1467.590   3410.682  -8.848   1464.616   3429.817  -8.846   0.0898  0.1820   1484.225   3414.540   1484.135   3414.358   1464.527   3429.637 N000555
  2330.127   3426.567 -11.401   2343.333   3370.146 -11.398   0.1270  0.0670   2346.773   3430.423   2346.646   3430.356   2343.205   3370.088 N000556
     0.000      0.000   0.000      0.000      0.000   0.000   0.0000  0.0000      0.000      0.000   2866.653   3443.855   2866.478   3340.645 N000557
     0.000      0.000   0.000      0.000      0.000   0.000   0.0000  0.0000      0.000      0.000   2350.004   3452.356   2346.448   3392.410 N000558
  3227.561   3470.994  -9.602   3243.696   3342.112  -9.599   0.0612 -0.0060   3244.219   3474.848   3244.158   3474.854   3243.635   3342.123 N000559
  1980.588   3481.446  -9.554   1988.300   3456.931  -9.551   0.0875 -0.0540   1997.229   3485.302   1997.142   3485.357   1988.210   3456.994 N000560
     0.000      0.000   0.000      0.000      0.000   0.000   0.0000  0.0000      0.000      0.000    624.124   3491.859    570.525   3592.852 N000561
  1739.060   3488.936  -9.610   1741.805   3486.166  -9.607   0.0602 -0.0638   1755.699   3492.793   1755.639   3492.857   1741.743   3486.237 N000562
  1844.433   3501.612 -10.139   1849.306   3489.826 -10.136  -0.0675  0.1120   1861.073   3505.469   1861.140   3505.357   1849.376   3489.704 N000563
  1836.787   3514.312  -9.037   1841.354   3503.634  -9.034   0.0367 -0.1569   1853.427   3518.168   1853.390   3518.325   1841.315   3503.800 N000564
     0.000      0.000   0.000      0.000      0.000   0.000   0.0000  0.0000      0.000      0.000   1036.630   3527.258   1000.280   3589.068 N000565
  3326.539   3546.563  -8.626   3342.317   3411.589  -8.623   0.0395  0.0628   3343.199   3550.416   3343.159   3550.353   3342.278   3411.527 N000566
     0.000      0.000   0.000      0.000      0.000   0.000   0.0000  0.0000      0.000      0.000   2202.645   3555.793   2196.392   3511.627 N000567
     0.000      0.000   0.000      0.000      0.000   0.000   0.0000  0.0000      0.000      0.000   2157.644   3560.856   2150.667   3520.781 N000568
  1600.226   3593.357  -7.857   1598.190   3606.982  -7.854   0.1263 -0.3428   1616.863   3597.214   1616.737   3597.557   1598.055   3607.349 N000569
     0.000      0.000   0.000      0.000      0.000   0.000   0.0000  0.0000      0.000      0.000    852.565   3647.858    806.024   3733.152 N000570
     0.000      0.000   0.000      0.000      0.000   0.000   0.0000  0.0000      0.000      0.000    861.127   3647.858    814.968   3732.295 N000571
     0.000      0.000   0.000      0.000      0.000   0.000   0.0000  0.0000      0.000      0.000   2598.587   3660.729   2596.115   3585.717 N000572
     0.000      0.000   0.000      0.000      0.000   0.000   0.0000  0.0000      0.000      0.000   4060.613   3670.573   4053.798   3479.381 N000573
     0.000      0.000   0.000      0.000      0.000   0.000   0.0000  0.0000      0.000      0.000   2882.153   3677.854   2881.326   3579.554 N000574
     0.000      0.000   0.000      0.000      0.000   0.000   0.0000  0.0000      0.000      0.000    824.763   3690.994    775.992   3781.140 N000575
  3546.249   3688.986 -10.224   3561.063   3540.173 -10.222   0.0923 -0.0141   3562.911   3692.838   3562.818   3692.852   3560.972   3540.195 N000576
  1981.067   3694.735 -10.497   1986.522   3677.417 -10.494   0.0669  0.1637   1997.709   3698.591   1997.642   3698.427   1986.456   3677.253 N000577
     0.000      0.000   0.000      0.000      0.000   0.000   0.0000  0.0000      0.000      0.000   1474.135   3699.856   1449.833   3727.015 N000578
  2608.362   3703.793  -8.741   2622.493   3631.849  -8.738  -0.1383 -0.2072   2625.012   3707.647   2625.150   3707.854   2622.631   3632.051 N000579
  3489.552   3720.233 -10.636   3504.758   3576.648 -10.633   0.0518  0.0328   3506.213   3724.085   3506.161   3724.052   3504.706   3576.618 N000580
   758.304   3722.133  -9.020    723.019   3822.908  -9.017   0.0260  0.1885    774.930   3725.991    774.904   3725.802    722.996   3822.713 N000581
  3857.792   3732.585 -10.414   3870.195   3560.748 -10.411  -0.1817  0.0854   3874.458   3736.437   3874.640   3736.351   3870.375   3560.646 N000582
  1977.680   3747.488  -9.927   1982.464   3732.432  -9.925   0.1796 -0.0116   1994.322   3751.344   1994.142   3751.355   1982.281   3732.460 N000583
  1944.963   3779.394 -10.159   1948.692   3768.528 -10.156  -0.0372 -0.1065   1961.604   3783.249   1961.642   3783.355   1948.729   3768.635 N000584
     0.000      0.000   0.000      0.000      0.000   0.000   0.0000  0.0000      0.000      0.000   1529.636   3802.356   1505.347   3828.612 N000585
     0.000      0.000   0.000      0.000      0.000   0.000   0.0000  0.0000      0.000      0.000   1646.255   3805.356   1625.311   3820.713 N000586
  2627.196   3825.365  -9.185   2640.752   3755.820  -9.182   0.1964 -0.1355   2643.847   3829.218   2643.650   3829.353   2640.553   3755.977 N000587
     0.000      0.000   0.000      0.000      0.000   0.000   0.0000  0.0000      0.000      0.000    934.028   3845.357    886.612   3932.143 N000588
  2034.905   3867.714 -10.369   2039.440   3852.147 -10.366  -0.0954  0.1784   2051.547   3871.568   2051.643   3871.390   2039.540   3851.952 N000589
  3376.365   3871.507 -10.233   3392.134   3741.123 -10.230  -0.1353  0.0075   3393.025   3875.359   3393.160   3875.351   3392.269   3741.105 N000590
  3846.033   3872.568  -8.666   3859.150   3705.156  -8.664  -0.0671  0.2680   3862.699   3876.418   3862.766   3876.150   3859.215   3704.876 N000591
  1310.830   3904.955 -11.547   1294.572   3959.459 -11.544  -0.1699 -0.0454   1327.464   3908.810   1327.633   3908.856   1294.747   3959.490 N000592
     0.000      0.000   0.000      0.000      0.000   0.000   0.0000  0.0000      0.000      0.000    978.101   3912.356    931.075   3998.138 N000593
  1786.490   3908.759 -10.896   1784.785   3917.848 -10.893   0.0181  0.0926   1803.130   3912.614   1803.112   3912.521   1784.768   3917.753 N000594
  1002.712   3915.103  -9.771    973.979   4000.895  -9.768   0.1595  0.1027   1019.342   3918.959   1019.182   3918.856    973.815   4000.803 N000595
     0.000      0.000   0.000      0.000      0.000   0.000   0.0000  0.0000      0.000      0.000   3282.159   3923.351   3281.409   3799.574 N000596
  1338.240   3948.559 -12.555   1322.119   4002.495 -12.553   0.0661  0.0589   1354.874   3952.414   1354.808   3952.355   1322.052   4002.440 N000597
  1290.605   3957.118 -11.606   1272.569   4016.181 -11.604   0.1046  0.1182   1307.238   3960.974   1307.133   3960.855   1272.463   4016.067 N000598
  1938.475   3984.650 -11.572   1939.425   3982.883 -11.569  -0.0247  0.1500   1955.117   3988.504   1955.141   3988.354   1939.452   3982.724 N000599
  3642.831   3990.028  -9.318   3657.726   3841.930  -9.315  -0.1690 -0.0052   3659.494   3993.878   3659.663   3993.883   3657.894   3841.922 N000600
  1778.006   4024.915 -10.561   1774.319   4040.047 -10.558   0.0056 -0.0845   1794.645   4028.770   1794.639   4028.854   1774.312   4040.136 N000601
  2733.053   4037.052  -9.634   2746.227   3966.082  -9.631   0.0527  0.0521   2749.704   4040.904   2749.652   4040.852   2746.174   3966.032 N000602
     0.000      0.000   0.000      0.000      0.000   0.000   0.0000  0.0000      0.000      0.000   2386.047   4116.852   2377.302   4077.368 N000603
