     0.000      0.000   0.000      0.000      0.000   0.000   0.0000  0.0000      0.000      0.000    273.464   -148.079     -1.000     -1.000 N000001
     0.000      0.000   0.000      0.000      0.000   0.000   0.0000  0.0000      0.000      0.000    463.471   -124.411     -1.000     -1.000 N000002
     0.000      0.000   0.000      0.000      0.000   0.000   0.0000  0.0000      0.000      0.000    868.487   -120.909     -1.000     -1.000 N000003
   332.290    -48.827 -11.498    312.660     83.834 -11.497  -0.1819  0.1735    335.755    -45.236    335.937    -45.409    312.848     83.650 N000004
     0.000      0.000   0.000      0.000      0.000   0.000   0.0000  0.0000      0.000      0.000   2320.043    -22.751     -1.000     -1.000 N000005
   724.960     -9.094  -9.916    715.729     96.662  -9.914  -0.0404 -0.0941    728.439     -5.501    728.480     -5.407    715.770     96.752 N000006
     0.000      0.000   0.000      0.000      0.000   0.000   0.0000  0.0000      0.000      0.000   1276.001     -2.405   1271.914     64.054 N000007
     0.000      0.000   0.000      0.000      0.000   0.000   0.0000  0.0000      0.000      0.000   2823.062     32.602   2812.053      3.311 N000008
   764.715     70.945  -8.769    756.234    172.894  -8.768  -0.0121 -0.1004    768.195     74.541    768.207     74.641    756.246    172.992 N000009
  2272.985     90.654 -11.114   2272.991     96.145 -11.113  -0.0151  0.1539   2276.524     94.256   2276.539     94.102   2273.005     95.994 N000010
  3387.692     96.282 -13.501   3368.758     35.256 -13.500   0.1924 -0.0092   3391.276     99.889   3391.083     99.898   3368.570     35.276 N000011
   132.918    102.801 -12.941    105.829    247.735 -12.940  -0.0817 -0.1116    136.373    106.396    136.455    106.507    105.913    247.840 N000012
   537.934    110.439  -9.510    523.859    227.211  -9.508  -0.0993 -0.0607    541.404    114.035    541.504    114.096    523.961    227.264 N000013
   441.562    138.848 -10.300    424.652    261.931 -10.299   0.0622 -0.1522    445.028    142.444    444.966    142.596    424.587    262.086 N000014
  2368.337    183.378 -12.050   2367.922    180.745 -12.049  -0.1625 -0.1219   2371.879    186.983   2372.042    187.105   2368.084    180.854 N000015
     0.000      0.000   0.000      0.000      0.000   0.000   0.0000  0.0000      0.000      0.000   1837.521    191.103   1836.303    218.035 N000016
  1619.908    221.199  -9.671   1621.915    264.693  -9.670  -0.0917  0.1764   1623.420    224.802   1623.512    224.626   1622.007    264.514 N000017
  2881.790    221.465 -10.919   2874.635    186.667 -10.918  -0.1808 -0.0350   2885.351    225.073   2885.532    225.108   2874.813    186.690 N000018
     0.000      0.000   0.000      0.000      0.000   0.000   0.0000  0.0000      0.000      0.000   1942.523    294.606   1941.449    312.759 N000019
     0.000      0.000   0.000      0.000      0.000   0.000   0.0000  0.0000      0.000      0.000    691.411    305.977    677.085    406.712 N000020
     0.000      0.000   0.000      0.000      0.000   0.000   0.0000  0.0000      0.000      0.000   1873.520    325.607   1872.599    347.544 N000021
     0.000      0.000   0.000      0.000      0.000   0.000   0.0000  0.0000      0.000      0.000   1470.004    326.105   1467.737    374.156 N000022
  2178.140    350.871 -11.766   2179.862    356.263 -11.765   0.1401 -0.1295   2181.672    354.479   2181.532    354.609   2179.723    356.399 N000023
  1247.412    353.549 -10.382   1246.540    419.221 -10.381  -0.0880  0.0487   1250.907    357.154   1250.995    357.105   1246.629    419.167 N000024
     0.000      0.000   0.000      0.000      0.000   0.000   0.0000  0.0000      0.000      0.000   3703.591    387.830   3675.543    296.148 N000025
  1498.017    391.519  -8.724   1499.484    439.987  -8.723   0.0169  0.0190   1501.521    395.126   1501.504    395.107   1499.467    439.969 N000026
   997.355    398.865 -10.828    992.694    480.853 -10.826  -0.1449 -0.1352   1000.840    402.470   1000.984    402.606    992.841    480.977 N000027
     0.000      0.000   0.000      0.000      0.000   0.000   0.0000  0.0000      0.000      0.000   1085.988    412.106   1079.241    484.561 N000028
     0.000      0.000   0.000      0.000      0.000   0.000   0.0000  0.0000      0.000      0.000   1123.989    418.107   1117.819    487.901 N000029
     0.000      0.000   0.000      0.000      0.000   0.000   0.0000  0.0000      0.000      0.000   1098.088    424.107   1091.506    495.588 N000030
     0.000      0.000   0.000      0.000      0.000   0.000   0.0000  0.0000      0.000      0.000   3135.068    425.148   3121.098    366.312 N000031
  3177.498    447.732 -13.296   3166.361    389.037 -13.295  -0.0020  0.1862   3181.068    451.347   3181.070    451.161   3166.362    388.856 N000032
     0.000      0.000   0.000      0.000      0.000   0.000   0.0000  0.0000      0.000      0.000   2471.542    462.613   2467.860    443.825 N000033
     0.000      0.000   0.000      0.000      0.000   0.000   0.0000  0.0000      0.000      0.000    199.118    482.021    168.598    616.630 N000034
  2063.302    484.562  -9.285   2065.913    494.610  -9.284  -0.1980  0.0622   2066.827    488.174   2067.025    488.112   2066.110    494.536 N000035
   166.796    499.575 -12.812    138.469    639.842 -12.811  -0.2038  0.0746    170.246    503.180    170.450    503.105    138.681    639.753 N000036
     0.000      0.000   0.000      0.000      0.000   0.000   0.0000  0.0000      0.000      0.000   2321.335    526.114   2319.197    515.510 N000037
     0.000      0.000   0.000      0.000      0.000   0.000   0.0000  0.0000      0.000      0.000   1585.006    534.112   1583.489    571.318 N000038
  1791.291    555.964 -13.034   1794.137    582.487 -13.033  -0.2093 -0.0355   1794.804    559.578   1795.014    559.613   1794.347    582.508 N000039
     0.000      0.000   0.000      0.000      0.000   0.000   0.0000  0.0000      0.000      0.000   1438.499    564.112   1435.859    610.726 N000040
     0.000      0.000   0.000      0.000      0.000   0.000   0.0000  0.0000      0.000      0.000   2796.053    572.617   2788.917    531.052 N000041
     0.000      0.000   0.000      0.000      0.000   0.000   0.0000  0.0000      0.000      0.000   2410.121    574.116   2407.453    556.887 N000042
     0.000      0.000   0.000      0.000      0.000   0.000   0.0000  0.0000      0.000      0.000   3258.904    583.119   3243.568    512.692 N000043
     0.000      0.000   0.000      0.000      0.000   0.000   0.0000  0.0000      0.000      0.000   1818.314    583.614   1817.704    604.590 N000044
     0.000      0.000   0.000      0.000      0.000   0.000   0.0000  0.0000      0.000      0.000   2736.050    603.118   2729.914    564.644 N000045
    69.414    608.704 -10.101     36.279    756.028 -10.100  -0.0862  0.2042     72.859    612.312     72.945    612.108     36.371    755.817 N000046
  2019.193    614.621  -8.773   2022.157    625.209  -8.771   0.1934  0.1207   2022.715    618.236   2022.522    618.116   2021.964    625.103 N000047
  2900.224    615.980  -8.792   2895.278    570.245  -8.791   0.1170 -0.0205   2903.781    619.599   2903.664    619.619   2895.163    570.272 N000048
  1143.927    617.055  -9.235   1141.077    686.548  -9.234  -0.0729  0.0551   1147.414    620.667   1147.487    620.612   1141.151    686.488 N000049
  2361.168    627.461 -11.890   2362.592    615.645 -11.889   0.1683 -0.0386   2364.703    631.079   2364.535    631.117   2362.425    615.694 N000050
  2141.853    650.906  -8.657   2144.563    652.862  -8.656  -0.1472 -0.0936   2145.379    654.523   2145.526    654.617   2144.710    652.944 N000051
  1650.037    666.833 -11.129   1652.358    701.138 -11.128   0.0373 -0.1666   1653.544    670.449   1653.506    670.616   1652.320    701.305 N000052
     0.000      0.000   0.000      0.000      0.000   0.000   0.0000  0.0000      0.000      0.000   1462.499    671.815   1459.928    715.444 N000053
     0.000      0.000   0.000      0.000      0.000   0.000   0.0000  0.0000      0.000      0.000    400.519    673.548    375.762    792.644 N000054
  2584.542    677.274 -11.002   2584.103    650.183 -11.001   0.0425 -0.2263   2588.086    680.893   2588.043    681.120   2584.062    650.408 N000055
  3247.603    678.583 -12.383   3236.737    609.831 -12.381   0.1035  0.0828   3251.173    682.205   3251.069    682.122   3236.635    609.757 N000056
     0.000      0.000   0.000      0.000      0.000   0.000   0.0000  0.0000      0.000      0.000   1471.499    699.116   1468.963    741.806 N000057
  4070.235    713.582 -11.474   4038.244    594.285 -11.473   0.2346  0.0822   4073.836    717.209   4073.601    717.126   4038.016    594.219 N000058
   585.621    729.163  -9.393    569.812    837.751  -9.392   0.1213  0.1631    589.085    732.776    588.964    732.613    569.688    837.597 N000059
     0.000      0.000   0.000      0.000      0.000   0.000   0.0000  0.0000      0.000      0.000   1775.910    734.518   1775.229    756.106 N000060
  2832.702    735.955 -10.407   2829.419    691.891 -10.405   0.2017 -0.0453   2836.254    739.577   2836.052    739.622   2829.220    691.948 N000061
     0.000      0.000   0.000      0.000      0.000   0.000   0.0000  0.0000      0.000      0.000   1308.092    746.416   1303.670    799.879 N000062
  3791.137    743.626  -9.415   3767.667    640.163  -9.414   0.1374  0.1260   3794.727    747.252   3794.590    747.126   3767.532    640.048 N000063
     0.000      0.000   0.000      0.000      0.000   0.000   0.0000  0.0000      0.000      0.000   2523.852    748.059   2520.779    720.178 N000064
  3816.846    751.929  -9.412   3792.742    646.706  -9.411  -0.1538 -0.0713   3820.437    755.555   3820.591    755.626   3792.892    646.766 N000065
     0.000      0.000   0.000      0.000      0.000   0.000   0.0000  0.0000      0.000      0.000   1732.008    761.118   1731.150    785.315 N000066
     0.000      0.000   0.000      0.000      0.000   0.000   0.0000  0.0000      0.000      0.000   3285.569    783.625   3271.144    706.775 N000067
  1326.794    782.471  -9.393   1326.030    837.625  -9.392  -0.2058 -0.0293   1330.286    786.088   1330.492    786.118   1326.238    837.640 N000068
     0.000      0.000   0.000      0.000      0.000   0.000   0.0000  0.0000      0.000      0.000    501.959    787.614    479.652    898.869 N000069
  1513.528    788.643  -9.373   1514.728    830.776  -9.372   0.0275  0.1433   1517.027    792.262   1516.999    792.119   1514.700    830.636 N000070
     0.000      0.000   0.000      0.000      0.000   0.000   0.0000  0.0000      0.000      0.000   1621.003    792.619   1619.499    823.981 N000071
   937.574    793.551 -10.393    930.224    876.202 -10.392   0.0743  0.0510    941.051    797.167    940.976    797.116    930.148    876.157 N000072
     0.000      0.000   0.000      0.000      0.000   0.000   0.0000  0.0000      0.000      0.000   2848.969    803.791   2842.268    754.000 N000073
  1204.549    806.608 -12.009   1202.007    870.134 -12.008   0.0489  0.1082   1208.036    810.226   1207.987    810.118   1201.958    870.030 N000074
  2075.606    813.623  -8.481   2078.736    817.346  -8.480   0.1058  0.1229   2079.127    817.244   2079.021    817.121   2078.630    817.232 N000075
     0.000      0.000   0.000      0.000      0.000   0.000   0.0000  0.0000      0.000      0.000   2207.526    820.622   2206.780    812.148 N000076
  3008.950    818.805 -10.579   3003.396    761.875 -10.577  -0.0248 -0.1204   3012.508    822.430   3012.533    822.550   3003.421    761.991 N000077
  2107.415    841.028 -10.295   2110.511    842.232 -10.294  -0.0845  0.0283   2110.938    844.651   2111.022    844.622   2110.595    842.199 N000078
   144.170    843.106 -11.249    111.921    984.846 -11.248   0.1695  0.1062    147.614    846.721    147.444    846.615    111.746    984.753 N000079
  1604.611    846.826 -10.973   1606.432    882.053 -10.972   0.1113 -0.1736   1608.113    850.447   1608.002    850.621   1606.319    882.232 N000080
  1555.791    847.337 -10.384   1557.230    885.931 -10.383  -0.1839 -0.1632   1559.291    850.957   1559.475    851.120   1557.415    886.080 N000081
     0.000      0.000   0.000      0.000      0.000   0.000   0.0000  0.0000      0.000      0.000   2186.025    871.592   2185.428    863.779 N000082
     0.000      0.000   0.000      0.000      0.000   0.000   0.0000  0.0000      0.000      0.000   2868.051    875.769   2861.432    823.363 N000083
  2768.827    873.229 -10.576   2767.044    830.578 -10.575  -0.1734  0.2286   2772.374    876.854   2772.548    876.626   2767.214    830.342 N000084
     0.000      0.000   0.000      0.000      0.000   0.000   0.0000  0.0000      0.000      0.000   2556.789    897.209   2553.907    864.556 N000085
     0.000      0.000   0.000      0.000      0.000   0.000   0.0000  0.0000      0.000      0.000   2335.030    906.625   2333.827    888.404 N000086
   391.607    917.338  -8.975    368.092   1040.149  -8.973   0.1070 -0.0370    395.060    920.956    394.953    920.993    367.981   1040.194 N000087
  1290.758    919.480  -8.968   1289.048    976.034  -8.967  -0.1752 -0.0203   1294.247    923.101   1294.422    923.121   1289.226    976.042 N000088
  2812.106    934.380 -10.038   2810.031    887.832 -10.037   0.1065 -0.1197   2815.655    938.008   2815.549    938.128   2809.926    887.956 N000089
  2391.543    936.932 -13.221   2393.580    917.850 -13.220   0.0428 -0.0680   2395.075    940.558   2395.032    940.626   2393.538    917.920 N000090
   538.698    937.413 -10.034    519.896   1049.038 -10.033   0.1984 -0.0871    542.157    941.032    541.959    941.119    519.691   1049.140 N000091
     0.000      0.000   0.000      0.000      0.000   0.000   0.0000  0.0000      0.000      0.000   2153.147    947.625   2152.723    940.955 N000092
     0.000      0.000   0.000      0.000      0.000   0.000   0.0000  0.0000      0.000      0.000   2884.051    951.128   2877.561    896.301 N000093
     0.000      0.000   0.000      0.000      0.000   0.000   0.0000  0.0000      0.000      0.000   1555.499    954.123   1553.175    988.373 N000094
     0.000      0.000   0.000      0.000      0.000   0.000   0.0000  0.0000      0.000      0.000   1811.044    956.624   1810.348    973.111 N000095
  2325.118    956.557 -10.848   2327.576    941.596 -10.846   0.1180  0.0569   2328.647    960.183   2328.529    960.126   2327.459    941.548 N000096
  2169.581    958.572  -9.288   2172.641    953.993  -9.287   0.0814  0.0722   2173.104    962.198   2173.023    962.126   2172.559    953.927 N000097
  1059.274    965.063 -10.742   1053.498   1037.994 -10.741  -0.1970  0.0627   1062.752    968.684   1062.949    968.622   1053.699   1037.917 N000098
  2401.089    969.213  -8.946   2403.136    949.018  -8.945   0.0893  0.0881   2404.621    972.840   2404.532    972.752   2403.047    948.937 N000099
     0.000      0.000   0.000      0.000      0.000   0.000   0.0000  0.0000      0.000      0.000   1090.480    977.622   1081.700   1044.872 N000100
     0.000      0.000   0.000      0.000      0.000   0.000   0.0000  0.0000      0.000      0.000   2044.518    977.426   2044.241    977.719 N000101
     0.000      0.000   0.000      0.000      0.000   0.000   0.0000  0.0000      0.000      0.000   1958.014    993.176   1957.681    999.177 N000102
  1409.985   1007.802  -9.886   1409.504   1055.247  -9.884  -0.0148 -0.1712   1413.477   1011.427   1413.492   1011.598   1409.519   1055.416 N000103
  2129.889   1017.193 -10.644   2133.072   1014.554 -10.643  -0.1107  0.1930   2133.410   1020.820   2133.520   1020.627   2133.182   1014.356 N000104
  1972.607   1023.105 -10.497   1975.801   1031.119 -10.496   0.1070  0.1049   1976.121   1026.732   1976.014   1026.627   1975.694   1031.023 N000105
   533.136   1023.620 -10.643    513.417   1135.678 -10.642   0.1363  0.1197    536.594   1027.241    536.457   1027.121    513.277   1135.569 N000106
     0.000      0.000   0.000      0.000      0.000   0.000   0.0000  0.0000      0.000      0.000   1803.007   1032.071   1802.188   1048.342 N000107
  3751.079   1029.689 -10.529   3731.273    921.870 -10.527   0.0793  0.1415   3754.664   1033.323   3754.584   1033.182   3731.195    921.736 N000108
  2360.198   1044.854 -10.935   2362.622   1026.329 -10.934   0.1977 -0.1458   2363.727   1048.483   2363.529   1048.629   2362.426   1026.486 N000109
     0.000      0.000   0.000      0.000      0.000   0.000   0.0000  0.0000      0.000      0.000   1738.004   1055.627   1736.806   1076.213 N000110
  1826.079   1056.951  -8.929   1828.838   1074.730  -8.928   0.0793 -0.0486   1829.587   1060.579   1829.508   1060.627   1828.758   1074.784 N000111
  3739.579   1057.357 -10.462   3720.309    949.655 -10.461   0.0540 -0.1434   3743.162   1060.991   3743.108   1061.135   3720.258    949.799 N000112
  3082.893   1059.417 -10.203   3077.433    993.174 -10.202  -0.1070 -0.0830   3086.450   1063.049   3086.557   1063.132   3077.539    993.249 N000113
  1396.373   1068.059 -11.537   1395.503   1116.087 -11.536  -0.1274  0.0587   1399.863   1071.685   1399.991   1071.626   1395.632   1116.019 N000114
  2833.820   1072.094 -10.683   2832.036   1021.805 -10.682  -0.1800  0.0942   2837.367   1075.726   2837.547   1075.632   2832.213   1021.701 N000115
     0.000      0.000   0.000      0.000      0.000   0.000   0.0000  0.0000      0.000      0.000   1844.008   1080.628   1843.292   1093.588 N000116
   950.141   1091.276 -11.870    941.301   1171.827 -11.869   0.1414 -0.2238    953.614   1094.901    953.473   1095.125    941.155   1172.061 N000117
  2735.683   1091.550  -8.707   2735.132   1047.402  -8.706   0.1833  0.0496   2739.227   1095.181   2739.043   1095.132   2734.951   1047.365 N000118
     0.000      0.000   0.000      0.000      0.000   0.000   0.0000  0.0000      0.000      0.000   1514.995   1098.627   1511.864   1134.629 N000119
  1721.833   1099.463 -10.707   1723.961   1124.167 -10.706  -0.1669 -0.0367   1725.336   1103.091   1725.503   1103.128   1724.129   1124.192 N000120
  1213.678   1112.782  -8.921   1209.903   1173.817  -8.920   0.1778 -0.1559   1217.161   1116.408   1216.983   1116.564   1209.721   1173.985 N000121
  2263.840   1113.169 -12.391   2266.757   1100.289 -12.390  -0.1601  0.1695   2267.364   1116.800   2267.524   1116.630   2266.917   1100.111 N000122
  1165.655   1119.729 -10.387   1161.008   1184.261 -10.386   0.1555  0.1540   1169.136   1123.355   1168.981   1123.201   1160.850   1184.119 N000123
     0.000      0.000   0.000      0.000      0.000   0.000   0.0000  0.0000      0.000      0.000   2217.622   1126.031   2217.164   1112.797 N000124
   455.399   1130.172 -10.916    432.070   1248.441 -10.914  -0.1014  0.1723    458.851   1133.796    458.953   1133.624    432.177   1248.260 N000125
  1378.402   1148.680  -9.787   1376.957   1197.578  -9.786  -0.0977  0.1798   1381.891   1152.308   1381.989   1152.128   1377.057   1197.392 N000126
  2630.444   1168.145 -12.854   2631.174   1129.889 -12.853  -0.0556  0.1451   2633.982   1171.779   2634.038   1171.633   2631.229   1129.742 N000127
   189.470   1182.063  -9.635    155.358   1321.650  -9.634  -0.0297  0.0632    192.912   1185.688    192.941   1185.624    155.390   1321.584 N000128
  1485.486   1197.677 -10.266   1485.179   1238.597 -10.265  -0.0144  0.1511   1488.978   1201.307   1488.992   1201.156   1485.194   1238.446 N000129
  1014.405   1211.773 -10.848   1006.157   1287.370 -10.847  -0.0722 -0.2044   1017.879   1215.401   1017.951   1215.606   1006.229   1287.569 N000130
     0.000      0.000   0.000      0.000      0.000   0.000   0.0000  0.0000      0.000      0.000    775.893   1215.699    758.207   1306.039 N000131
  2029.225   1212.499  -9.855   2032.357   1214.737  -9.853   0.2246 -0.0006   2032.738   1216.132   2032.514   1216.132   2032.132   1214.753 N000132
  3113.017   1219.573 -14.113   3107.886   1148.709 -14.112   0.0174 -0.2396   3116.574   1223.210   3116.556   1223.449   3107.870   1148.946 N000133
  1083.738   1226.667 -11.212   1076.855   1297.051 -11.211   0.2152  0.1668   1087.214   1230.296   1086.999   1230.129   1076.637   1296.900 N000134
     0.000      0.000   0.000      0.000      0.000   0.000   0.0000  0.0000      0.000      0.000   1364.820   1232.130   1359.272   1278.325 N000135
     0.000      0.000   0.000      0.000      0.000   0.000   0.0000  0.0000      0.000      0.000   1440.490   1232.630   1435.969   1273.302 N000136
     0.000      0.000   0.000      0.000      0.000   0.000   0.0000  0.0000      0.000      0.000   2257.594   1237.562   2257.073   1220.402 N000137
  2133.128   1238.161 -12.754   2136.299   1232.946 -12.753   0.1279  0.1615   2136.645   1241.795   2136.517   1241.633   2136.172   1232.795 N000138
  1472.532   1244.478  -8.868   1471.880   1286.134  -8.867   0.0316 -0.0224   1476.023   1248.109   1475.991   1248.131   1471.848   1286.159 N000139
  1563.659   1253.038 -10.247   1563.995   1288.050 -10.246   0.1590  0.0378   1567.154   1256.669   1566.995   1256.632   1563.834   1288.024 N000140
     0.000      0.000   0.000      0.000      0.000   0.000   0.0000  0.0000      0.000      0.000   1884.607   1257.133   1883.757   1265.811 N000141
     0.000      0.000   0.000      0.000      0.000   0.000   0.0000  0.0000      0.000      0.000   1786.703   1258.133   1785.344   1273.751 N000142
     0.000      0.000   0.000      0.000      0.000   0.000   0.0000  0.0000      0.000      0.000   2121.016   1264.101   2120.658   1256.141 N000143
  1503.975   1268.137  -8.989   1503.593   1307.414  -8.988  -0.1616  0.2278   1507.467   1271.769   1507.628   1271.541   1503.757   1307.175 N000144
  2436.556   1270.009 -10.407   2438.856   1243.619 -10.406   0.0555  0.0090   2440.084   1273.645   2440.029   1273.636   2438.801   1243.614 N000145
  1932.013   1271.626  -9.474   1934.832   1280.213  -9.473   0.0128  0.1264   1935.522   1275.260   1935.509   1275.134   1934.820   1280.088 N000146
     0.000      0.000   0.000      0.000      0.000   0.000   0.0000  0.0000      0.000      0.000   1286.539   1280.131   1279.534   1331.968 N000147
  3627.284   1281.730 -10.961   3612.515   1176.717 -10.960  -0.2159  0.0725   3630.860   1285.371   3631.076   1285.298   3612.726   1176.632 N000148
     0.000      0.000   0.000      0.000      0.000   0.000   0.0000  0.0000      0.000      0.000   1351.986   1292.132   1345.942   1339.102 N000149
     0.000      0.000   0.000      0.000      0.000   0.000   0.0000  0.0000      0.000      0.000   1998.440   1299.063   1997.894   1299.411 N000150
  2789.744   1307.704 -11.045   2789.272   1256.993 -11.044   0.1391  0.2036   2793.287   1311.342   2793.148   1311.138   2789.134   1256.801 N000151
  1347.578   1308.890  -9.743   1344.896   1359.518  -9.742   0.0777 -0.1099   1351.063   1312.522   1350.985   1312.632   1344.817   1359.633 N000152
     0.000      0.000   0.000      0.000      0.000   0.000   0.0000  0.0000      0.000      0.000   1262.482   1317.632   1254.861   1371.200 N000153
  1455.875   1344.611 -12.729   1454.545   1387.172 -12.728  -0.1252  0.1115   1459.364   1348.245   1459.489   1348.134   1454.672   1387.052 N000154
  3638.785   1344.395 -14.324   3624.208   1237.587 -14.323   0.0672 -0.1264   3642.360   1348.038   3642.293   1348.164   3624.143   1237.716 N000155
     0.000      0.000   0.000      0.000      0.000   0.000   0.0000  0.0000      0.000      0.000   1958.009   1353.636   1957.240   1356.486 N000156
     0.000      0.000   0.000      0.000      0.000   0.000   0.0000  0.0000      0.000      0.000   2592.034   1355.388   2589.953   1314.140 N000157
     0.000      0.000   0.000      0.000      0.000   0.000   0.0000  0.0000      0.000      0.000   1466.089   1358.934   1461.306   1397.341 N000158
     0.000      0.000   0.000      0.000      0.000   0.000   0.0000  0.0000      0.000      0.000   1732.500   1360.635   1730.461   1379.600 N000159
  1370.743   1357.864 -11.857   1368.146   1406.694 -11.856   0.1184 -0.1364   1374.229   1361.497   1374.111   1361.634   1368.025   1406.839 N000160
  3972.496   1361.056  -9.295   3949.763   1232.897  -9.293  -0.0038  0.0562   3976.084   1364.700   3976.088   1364.644   3949.766   1232.842 N000161
  1747.046   1367.979 -11.131   1748.608   1389.230 -11.130   0.0465 -0.0206   1750.547   1371.615   1750.500   1371.636   1748.561   1389.254 N000162
     0.000      0.000   0.000      0.000      0.000   0.000   0.0000  0.0000      0.000      0.000   2204.018   1371.637   2203.557   1357.025 N000163
     0.000      0.000   0.000      0.000      0.000   0.000   0.0000  0.0000      0.000      0.000   2512.530   1373.014   2511.002   1337.023 N000164
  2192.667   1374.667 -10.965   2195.724   1364.192 -10.964   0.1673  0.1667   2196.185   1378.304   2196.018   1378.137   2195.557   1364.038 N000165
     0.000      0.000   0.000      0.000      0.000   0.000   0.0000  0.0000      0.000      0.000   2946.547   1382.529   2940.969   1317.042 N000166
  1403.797   1387.503  -9.052   1401.523   1433.839  -9.051  -0.2028  0.0033   1407.284   1391.138   1407.486   1391.135   1401.729   1433.821 N000167
  1002.096   1388.061 -10.429    992.224   1464.740 -10.428   0.1269  0.0614   1005.566   1391.695   1005.439   1391.633    992.095   1464.688 N000168
     0.000      0.000   0.000      0.000      0.000   0.000   0.0000  0.0000      0.000      0.000   3371.492   1395.143   3359.275   1301.427 N000169
     0.000      0.000   0.000      0.000      0.000   0.000   0.0000  0.0000      0.000      0.000   2182.017   1406.038   2181.537   1392.727 N000170
  1666.417   1403.172 -11.212   1667.176   1430.144 -11.210  -0.0834  0.1715   1669.913   1406.808   1669.997   1406.636   1667.261   1429.967 N000171
  3366.448   1403.391  -8.916   3357.891   1313.244  -8.915  -0.0520 -0.1088   3370.012   1407.034   3370.064   1407.143   3357.943   1313.348 N000172
     0.000      0.000   0.000      0.000      0.000   0.000   0.0000  0.0000      0.000      0.000   1637.412   1416.136   1634.321   1441.821 N000173
     0.000      0.000   0.000      0.000      0.000   0.000   0.0000  0.0000      0.000      0.000   1153.976   1425.635   1143.603   1487.393 N000174
  2172.568   1425.246 -10.965   2175.582   1415.843 -10.964   0.0682  0.1207   2176.084   1428.885   2176.016   1428.764   2175.514   1415.728 N000175
     0.000      0.000   0.000      0.000      0.000   0.000   0.0000  0.0000      0.000      0.000   3244.558   1432.143   3234.805   1346.234 N000176
     0.000      0.000   0.000      0.000      0.000   0.000   0.0000  0.0000      0.000      0.000   1906.532   1432.611   1905.371   1438.735 N000177
     0.000      0.000   0.000      0.000      0.000   0.000   0.0000  0.0000      0.000      0.000   1401.486   1436.107   1395.389   1479.201 N000178
   610.035   1435.388  -9.075    588.690   1542.965  -9.074   0.0351 -0.1118    613.490   1439.021    613.454   1439.133    588.653   1543.080 N000179
  2587.972   1456.128  -9.769   2589.576   1417.552  -9.768  -0.0281  0.1278   2591.504   1459.769   2591.532   1459.641   2589.604   1417.423 N000180
  2418.013   1459.619  -8.710   2420.526   1432.782  -8.709   0.0131  0.1186   2421.539   1463.259   2421.525   1463.141   2420.513   1432.665 N000181
     0.000      0.000   0.000      0.000      0.000   0.000   0.0000  0.0000      0.000      0.000   2124.514   1470.140   2123.934   1460.509 N000182
     0.000      0.000   0.000      0.000      0.000   0.000   0.0000  0.0000      0.000      0.000    923.744   1473.246    907.692   1552.896 N000183
  2899.684   1480.381 -10.129   2898.498   1420.302 -10.128   0.1577 -0.1191   2903.228   1484.024   2903.071   1484.143   2898.342   1420.431 N000184
  1210.043   1484.503  -8.456   1203.868   1545.467  -8.455  -0.1572 -0.1970   1213.520   1488.140   1213.677   1488.337   1204.027   1545.652 N000185
  1836.362   1487.285 -12.728   1838.158   1501.653 -12.727  -0.1380 -0.2145   1839.864   1490.925   1840.002   1491.139   1838.296   1501.857 N000186
     0.000      0.000   0.000      0.000      0.000   0.000   0.0000  0.0000      0.000      0.000   1467.021   1494.138   1461.530   1532.322 N000187
  1754.193   1492.448 -10.062   1755.367   1512.787 -10.061   0.1926 -0.0519   1757.691   1496.087   1757.499   1496.139   1755.172   1512.853 N000188
     0.000      0.000   0.000      0.000      0.000   0.000   0.0000  0.0000      0.000      0.000   1533.990   1500.138   1529.347   1533.328 N000189
  1563.907   1501.979  -9.276   1563.129   1536.321  -9.275  -0.0930 -0.0211   1567.398   1505.617   1567.491   1505.639   1563.223   1536.335 N000190
  2124.787   1503.673 -10.563   2127.668   1497.226 -10.562  -0.1857  0.1732   2128.300   1507.314   2128.485   1507.141   2127.854   1497.040 N000191
  1161.288   1507.489  -9.054   1153.968   1572.240  -9.052   0.1519 -0.0114   1164.763   1511.126   1164.612   1511.137   1153.813   1572.263 N000192
     0.000      0.000   0.000      0.000      0.000   0.000   0.0000  0.0000      0.000      0.000   2266.602   1515.725   2265.969   1495.777 N000193
     0.000      0.000   0.000      0.000      0.000   0.000   0.0000  0.0000      0.000      0.000   1402.984   1539.139   1396.282   1582.157 N000194
  2175.732   1535.555 -10.283   2178.610   1525.326 -10.282   0.1492  0.0546   2179.247   1539.197   2179.098   1539.142   2178.461   1525.282 N000195
  2231.961   1536.791 -10.456   2234.841   1522.558 -10.454  -0.0129 -0.1298   2235.478   1540.433   2235.491   1540.563   2234.854   1522.686 N000196
  4004.636   1538.862 -12.315   3982.646   1405.692 -12.314   0.1356 -0.1376   4008.223   1542.511   4008.087   1542.649   3982.515   1405.836 N000197
   921.423   1540.362  -8.679    908.197   1623.903  -8.678   0.0894 -0.0544    924.888   1543.999    924.799   1544.054    908.105   1623.965 N000198
  2332.759   1544.848 -10.940   2335.510   1523.436 -10.938  -0.0937 -0.1518   2336.280   1548.491   2336.374   1548.643   2335.603   1523.580 N000199
   486.687   1546.925  -9.598    459.680   1665.389  -9.597   0.1868 -0.0746    490.135   1550.561    489.948   1550.636    459.485   1665.479 N000200
     0.000      0.000   0.000      0.000      0.000   0.000   0.0000  0.0000      0.000      0.000   1852.002   1564.713   1850.132   1574.378 N000201
  1673.895   1563.577 -10.409   1674.038   1589.731 -10.408  -0.1046  0.0774   1677.390   1567.218   1677.495   1567.141   1674.144   1589.646 N000202
     0.000      0.000   0.000      0.000      0.000   0.000   0.0000  0.0000      0.000      0.000   1889.003   1568.142   1887.350   1575.098 N000203
  3054.179   1577.805  -9.590   3051.403   1506.289  -9.589   0.1786 -0.1953   3057.728   1581.451   3057.549   1581.646   3051.228   1506.494 N000204
     0.000      0.000   0.000      0.000      0.000   0.000   0.0000  0.0000      0.000      0.000   1834.000   1589.142   1831.914   1600.086 N000205
  2022.165   1585.882 -11.563   2024.613   1586.495 -11.561   0.1650 -0.1178   2025.673   1589.525   2025.508   1589.643   2024.447   1586.624 N000206
   595.708   1597.726  -9.549    571.959   1707.787  -9.547   0.2082 -0.1588    599.160   1601.363    598.952   1601.522    571.742   1707.964 N000207
  1251.659   1598.539  -9.459   1245.430   1656.625  -9.458   0.1588  0.0388   1255.136   1602.179   1254.977   1602.140   1245.268   1656.598 N000208
  1845.623   1606.444  -9.793   1847.070   1619.890  -9.791   0.1232 -0.0560   1849.124   1610.087   1849.001   1610.143   1846.946   1619.955 N000209
  1677.127   1606.827 -10.598   1677.105   1632.733 -10.597   0.1274 -0.1727   1680.622   1610.469   1680.494   1610.642   1676.975   1632.915 N000210
     0.000      0.000   0.000      0.000      0.000   0.000   0.0000  0.0000      0.000      0.000   1398.483   1612.108   1391.232   1655.596 N000211
  1714.116   1611.829 -11.208   1714.441   1634.986 -11.207   0.0897 -0.1714   1717.612   1615.471   1717.522   1615.642   1714.350   1635.164 N000212
  2032.919   1627.496 -11.133   2035.298   1627.218 -11.132  -0.0811 -0.0045   2036.427   1631.139   2036.508   1631.144   2035.379   1627.217 N000213
  2211.357   1641.114 -10.674   2214.093   1627.906 -10.672   0.8571  2.1137   2214.872   1644.759   2214.015   1642.645   2213.239   1625.861 N000214
     0.000      0.000   0.000      0.000      0.000   0.000   0.0000  0.0000      0.000      0.000   2774.572   1655.147   2771.521   1598.745 N000215
  1060.561   1653.124  -9.889   1049.751   1726.366  -9.888   0.0605  0.1244   1064.030   1656.765   1063.969   1656.641   1049.690   1726.246 N000216
  1932.731   1653.046 -11.526   1934.563   1660.036 -11.525   0.2306  0.0461   1936.234   1656.690   1936.004   1656.644   1934.331   1660.007 N000217
  2410.293   1653.376 -10.223   2412.793   1625.926 -10.222  -0.1794 -0.0964   2413.815   1657.022   2413.995   1657.118   2412.972   1626.009 N000218
  1198.374   1668.375  -9.501   1190.513   1730.894  -9.500  -0.1257 -0.1252   1201.849   1672.017   1201.974   1672.142   1190.640   1731.010 N000219
     0.000      0.000   0.000      0.000      0.000   0.000   0.0000  0.0000      0.000      0.000   1277.477   1672.142   1267.650   1725.137 N000220
  1215.625   1672.511 -12.462   1208.079   1733.706 -12.460   0.1254  0.0111   1219.100   1676.153   1218.975   1676.142   1207.951   1733.705 N000221
     0.000      0.000   0.000      0.000      0.000   0.000   0.0000  0.0000      0.000      0.000   2393.459   1677.365   2392.473   1647.628 N000222
     0.000      0.000   0.000      0.000      0.000   0.000   0.0000  0.0000      0.000      0.000   2114.310   1696.946   2113.262   1687.210 N000223
     0.000      0.000   0.000      0.000      0.000   0.000   0.0000  0.0000      0.000      0.000   2512.026   1698.689   2510.644   1660.440 N000224
   165.609   1695.570 -10.797    123.033   1842.847 -10.796   0.1093  0.0366    169.042   1699.208    168.933   1699.172    122.919   1842.819 N000225
  3356.305   1697.650 -10.599   3349.476   1604.628 -10.597  -0.2186  0.1259   3359.865   1701.301   3360.083   1701.175   3349.690   1604.489 N000226
     0.000      0.000   0.000      0.000      0.000   0.000   0.0000  0.0000      0.000      0.000   1267.060   1708.643   1256.735   1762.622 N000227
  2072.748   1707.139 -10.044   2075.059   1703.797 -10.043  -0.0269  0.1391   2076.256   1710.785   2076.283   1710.646   2075.086   1703.656 N000228
  1678.562   1715.687  -9.023   1678.011   1741.588  -9.022   0.0617 -0.2128   1682.054   1719.332   1681.993   1719.545   1677.947   1741.806 N000229
     0.000      0.000   0.000      0.000      0.000   0.000   0.0000  0.0000      0.000      0.000   1519.486   1732.145   1513.293   1766.756 N000230
  2963.160   1729.027 -10.016   2961.930   1662.453 -10.015   0.1597  0.0269   2966.703   1732.677   2966.543   1732.650   2961.771   1662.437 N000231
     0.000      0.000   0.000      0.000      0.000   0.000   0.0000  0.0000      0.000      0.000   2324.018   1734.148   2323.088   1709.172 N000232
     0.000      0.000   0.000      0.000      0.000   0.000   0.0000  0.0000      0.000      0.000   3707.072   1748.754   3690.275   1628.598 N000233
     0.000      0.000   0.000      0.000      0.000   0.000   0.0000  0.0000      0.000      0.000   2122.509   1768.848   2121.305   1758.397 N000234
  1931.150   1767.375 -10.572   1932.551   1774.428 -10.570   0.1505 -0.1246   1934.652   1771.023   1934.502   1771.147   1932.399   1774.564 N000235
  2248.717   1771.032  -8.899   2251.250   1754.781  -8.897   0.2173  0.0316   2252.232   1774.680   2252.014   1774.649   2251.032   1754.765 N000236
     0.000      0.000   0.000      0.000      0.000   0.000   0.0000  0.0000      0.000      0.000   1419.246   1776.822   1411.159   1819.328 N000237
  1996.213   1773.861 -10.961   1997.974   1776.089 -10.960   0.1878 -0.1388   1999.717   1777.509   1999.529   1777.648   1997.785   1776.242 N000238
     0.000      0.000   0.000      0.000      0.000   0.000   0.0000  0.0000      0.000      0.000   1548.396   1781.692   1542.298   1814.275 N000239
  1533.050   1785.213 -10.478   1530.221   1822.382 -10.477   0.0499  0.2133   1536.536   1788.860   1536.486   1788.646   1530.172   1822.172 N000240
     0.000      0.000   0.000      0.000      0.000   0.000   0.0000  0.0000      0.000      0.000   1647.990   1789.914   1643.156   1814.924 N000241
  1957.971   1791.815  -9.892   1959.439   1796.885  -9.890  -0.0292 -0.1853   1961.473   1795.463   1961.503   1795.648   1959.468   1797.068 N000242
     0.000      0.000   0.000      0.000      0.000   0.000   0.0000  0.0000      0.000      0.000   1456.875   1798.646   1449.259   1838.351 N000243
     0.000      0.000   0.000      0.000      0.000   0.000   0.0000  0.0000      0.000      0.000   1408.981   1803.146   1400.522   1846.589 N000244
     0.000      0.000   0.000      0.000      0.000   0.000   0.0000  0.0000      0.000      0.000   1181.972   1809.107   1168.973   1870.423 N000245
  2945.047   1806.684 -10.465   2944.182   1740.880 -10.463   0.0470  0.1839   2948.588   1810.336   2948.541   1810.152   2944.135   1740.700 N000246
     0.000      0.000   0.000      0.000      0.000   0.000   0.0000  0.0000      0.000      0.000   2043.006   1812.149   2041.356   1807.529 N000247
     0.000      0.000   0.000      0.000      0.000   0.000   0.0000  0.0000      0.000      0.000   1267.808   1812.646   1256.607   1867.197 N000248
   762.179   1811.648 -10.482    741.281   1910.356 -10.481   0.1790  0.0955    765.634   1815.292    765.455   1815.197    741.098   1910.274 N000249
  2449.639   1813.019  -9.881   2451.919   1782.210  -9.880   0.1394  0.0191   2453.161   1816.670   2453.022   1816.651   2451.780   1782.201 N000250
     0.000      0.000   0.000      0.000      0.000   0.000   0.0000  0.0000      0.000      0.000   2092.507   1820.007   2091.048   1811.732 N000251
  1861.111   1815.938  -9.433   1861.790   1828.285  -9.431   1.6106 -1.0624   1864.609   1819.586   1862.998   1820.649   1860.161   1829.471 N000252
     0.000      0.000   0.000      0.000      0.000   0.000   0.0000  0.0000      0.000      0.000   1278.475   1826.146   1267.371   1879.952 N000253
     0.000      0.000   0.000      0.000      0.000   0.000   0.0000  0.0000      0.000      0.000   1981.586   1825.816   1979.557   1825.764 N000254
     0.000      0.000   0.000      0.000      0.000   0.000   0.0000  0.0000      0.000      0.000   1196.472   1827.146   1183.624   1887.451 N000255
  2353.314   1823.631  -9.237   2355.751   1799.730  -9.236  -0.1857  0.2220   2356.832   1827.282   2357.018   1827.060   2355.937   1799.495 N000256
  2768.588   1823.614  -9.090   2769.306   1770.076  -9.089   0.0877  0.1141   2772.122   1827.266   2772.034   1827.152   2769.219   1769.968 N000257
     0.000      0.000   0.000      0.000      0.000   0.000   0.0000  0.0000      0.000      0.000   2276.515   1829.150   2275.450   1807.411 N000258
     0.000      0.000   0.000      0.000      0.000   0.000   0.0000  0.0000      0.000      0.000   1874.427   1829.649   1871.640   1837.628 N000259
  2808.428   1832.630 -10.516   2808.850   1776.251 -10.514  -0.0722  0.1303   2811.963   1836.283   2812.036   1836.153   2808.922   1776.116 N000260
  2151.696   1833.793 -11.376   2153.917   1824.555 -11.374   0.1964 -0.2071   2155.206   1837.443   2155.010   1837.650   2153.719   1824.776 N000261
     0.000      0.000   0.000      0.000      0.000   0.000   0.0000  0.0000      0.000      0.000   1155.553   1840.730   1141.647   1904.407 N000262
  1465.790   1837.980  -9.394   1461.544   1880.605  -9.393  -0.2096 -0.0820   1469.273   1841.628   1469.483   1841.710   1461.757   1880.671 N000263
  3810.254   1846.904 -11.063   3795.414   1722.348 -11.062   0.0635 -0.0958   3813.829   1850.561   3813.765   1850.657   3795.352   1722.447 N000264
     0.000      0.000   0.000      0.000      0.000   0.000   0.0000  0.0000      0.000      0.000   1497.983   1851.648   1490.640   1888.453 N000265
  2993.152   1848.749 -11.055   2991.872   1779.376 -11.054   0.1517  0.1303   2996.694   1852.403   2996.543   1852.273   2991.722   1779.257 N000266
  1041.158   1852.373 -10.517   1027.857   1928.748 -10.515   0.1583 -0.1270   1044.624   1856.019   1044.466   1856.146   1027.693   1928.889 N000267
  1016.396   1855.445 -10.958   1002.411   1933.854 -10.957  -0.1040 -0.0552   1019.860   1859.091   1019.965   1859.146   1002.517   1933.901 N000268
  2242.445   1862.659 -11.175   2244.788   1846.772 -11.174  -0.0548  0.1594   2245.958   1866.311   2246.013   1866.151   2244.844   1846.609 N000269
     0.000      0.000   0.000      0.000      0.000   0.000   0.0000  0.0000      0.000      0.000   1764.994   1868.111   1761.014   1884.473 N000270
   272.567   1873.369 -10.079    231.921   2014.392 -10.078   0.0674 -0.1315    276.002   1877.012    275.935   1877.144    231.848   2014.532 N000271
  2148.596   1873.205 -14.248   2150.694   1864.208 -14.247   0.0955  0.1836   2152.104   1876.857   2152.009   1876.673   2150.599   1864.031 N000272
  1208.779   1876.798  -9.752   1199.241   1939.937  -9.750  -0.1851 -0.0590   1212.251   1880.446   1212.436   1880.505   1199.430   1939.982 N000273
     0.000      0.000   0.000      0.000      0.000   0.000   0.0000  0.0000      0.000      0.000   2284.014   1882.652   2282.853   1860.332 N000274
  2585.692   1882.615 -13.215   2587.466   1841.892 -13.213   0.1917  0.1147   2589.218   1886.268   2589.026   1886.153   2587.275   1841.791 N000275
     0.000      0.000   0.000      0.000      0.000   0.000   0.0000  0.0000      0.000      0.000   1634.938   1890.700   1629.317   1917.118 N000276
     0.000      0.000   0.000      0.000      0.000   0.000   0.0000  0.0000      0.000      0.000   1374.014   1891.649   1364.209   1938.402 N000277
     0.000      0.000   0.000      0.000      0.000   0.000   0.0000  0.0000      0.000      0.000   2724.000   1894.154   2721.550   1840.136 N000278
     0.000      0.000   0.000      0.000      0.000   0.000   0.0000  0.0000      0.000      0.000   1074.966   1900.148   1058.498   1970.868 N000279
     0.000      0.000   0.000      0.000      0.000   0.000   0.0000  0.0000      0.000      0.000    956.890   1903.147    937.219   1983.515 N000280
  1788.188   1903.200 -10.192   1787.757   1921.322 -10.191   0.1876  0.2004   1791.682   1906.851   1791.494   1906.651   1787.569   1921.135 N000281
     0.000      0.000   0.000      0.000      0.000   0.000   0.0000  0.0000      0.000      0.000   2480.021   1907.653   2478.624   1871.101 N000282
  1733.312   1907.476 -11.329   1732.280   1929.811 -11.328  -0.1879 -0.0238   1736.804   1911.127   1736.992   1911.151   1732.470   1929.821 N000283
     0.000      0.000   0.000      0.000      0.000   0.000   0.0000  0.0000      0.000      0.000   1284.874   1920.149   1273.040   1974.194 N000284
   965.418   1925.667 -11.258    949.237   2009.004 -11.257  -0.0823  0.1041    968.879   1929.315    968.961   1929.211    949.323   2008.892 N000285
     0.000      0.000   0.000      0.000      0.000   0.000   0.0000  0.0000      0.000      0.000    491.943   1932.146     -1.000     -1.000 N000286
     0.000      0.000   0.000      0.000      0.000   0.000   0.0000  0.0000      0.000      0.000   2665.528   1938.083   2663.410   1888.142 N000287
     0.000      0.000   0.000      0.000      0.000   0.000   0.0000  0.0000      0.000      0.000   2628.610   1940.655   2626.666   1893.358 N000288
  2720.011   1937.539 -10.127   2721.105   1887.097 -10.126   0.0111  0.0391   2723.542   1941.194   2723.531   1941.155   2721.094   1887.059 N000289
     0.000      0.000   0.000      0.000      0.000   0.000   0.0000  0.0000      0.000      0.000   2288.763   1947.716   2287.458   1925.073 N000290
  2451.799   1954.362 -11.069   2453.909   1923.222 -11.068  -0.2007 -0.1377   2455.319   1958.017   2455.520   1958.155   2454.109   1923.345 N000291
  2648.145   1955.008 -10.419   2649.612   1909.685 -10.417   0.1448  0.0078   2651.672   1958.663   2651.528   1958.655   2649.468   1909.688 N000292
  3182.591   1956.474 -12.046   3179.353   1873.443 -12.045   0.0910 -0.0257   3186.140   1960.132   3186.049   1960.158   3179.263   1873.475 N000293
  1401.821   1961.666 -11.889   1395.451   2010.184 -11.888  -0.1785  0.1658   1405.300   1965.317   1405.478   1965.151   1395.634   2010.003 N000294
     0.000      0.000   0.000      0.000      0.000   0.000   0.0000  0.0000      0.000      0.000   3865.776   1965.160   3847.028   1832.494 N000295
     0.000      0.000   0.000      0.000      0.000   0.000   0.0000  0.0000      0.000      0.000    526.443   1967.147     -1.000     -1.000 N000296
  2103.823   1963.554 -11.592   2105.433   1958.040 -11.590  -0.1771  0.0542   2107.329   1967.208   2107.506   1967.154   2105.611   1957.972 N000297
  1120.446   1966.076 -10.534   1107.917   2037.221 -10.533  -0.0542  0.0758   1123.913   1969.726   1123.967   1969.650   1107.973   2037.140 N000298
  2447.020   1973.375 -10.309   2449.109   1942.586 -10.307   0.0205 -0.1252   2450.540   1977.030   2450.519   1977.155   2449.088   1942.713 N000299
     0.000      0.000   0.000      0.000      0.000   0.000   0.0000  0.0000      0.000      0.000    586.946   1984.148     -1.000     -1.000 N000300
     0.000      0.000   0.000      0.000      0.000   0.000   0.0000  0.0000      0.000      0.000   2878.336   1983.457   2874.836   1918.263 N000301
     0.000      0.000   0.000      0.000      0.000   0.000   0.0000  0.0000      0.000      0.000   2554.123   2002.656   2552.414   1960.693 N000302
     0.000      0.000   0.000      0.000      0.000   0.000   0.0000  0.0000      0.000      0.000   2824.034   2008.657   2820.970   1947.276 N000303
   167.981   2007.885 -13.374    124.700   2109.043 -13.373  -0.0188 -0.1145    171.410   2011.533    171.429   2011.647    124.718   2109.158 N000304
     0.000      0.000   0.000      0.000      0.000   0.000   0.0000  0.0000      0.000      0.000   1396.427   2015.152     -1.000     -1.000 N000305
  2010.358   2014.424 -10.963   2011.211   2016.122 -10.961  -0.1418 -0.0765   2013.860   2018.078   2014.002   2018.155   2011.353   2016.188 N000306
     0.000      0.000   0.000      0.000      0.000   0.000   0.0000  0.0000      0.000      0.000   3157.247   2025.059   3150.993   1940.130 N000307
     0.000      0.000   0.000      0.000      0.000   0.000   0.0000  0.0000      0.000      0.000   2465.519   2033.657   2463.975   1998.166 N000308
  2375.067   2030.849  -9.589   2377.113   2005.389  -9.588   0.0666 -0.1010   2378.582   2034.505   2378.516   2034.606   2377.046   2005.495 N000309
  3055.514   2046.182  -9.891   3053.966   1971.730  -9.890   0.0143  0.1815   3059.057   2049.841   3059.042   2049.660   3053.951   1971.550 N000310
     0.000      0.000   0.000      0.000      0.000   0.000   0.0000  0.0000      0.000      0.000   2161.007   2051.656   2159.036   2038.752 N000311
  2354.079   2056.221 -12.368   2356.065   2032.364 -12.367   0.0793  0.1588   2357.594   2059.878   2357.514   2059.720   2355.986   2032.211 N000312
     0.000      0.000   0.000      0.000      0.000   0.000   0.0000  0.0000      0.000      0.000   2561.094   2064.015   2559.290   2021.586 N000313
  3119.615   2072.318 -11.577   3117.421   1993.303 -11.575   0.1147 -0.1817   3123.159   2075.979   3123.044   2076.161   3117.308   1993.492 N000314
     0.000      0.000   0.000      0.000      0.000   0.000   0.0000  0.0000      0.000      0.000   2531.021   2096.659     -1.000     -1.000 N000315
  1732.896   2095.051 -11.715   1734.358   2066.199 -11.714  -0.1039  0.0513   1736.385   2098.707   1736.489   2098.656   1734.463   2066.140 N000316
     0.000      0.000   0.000      0.000      0.000   0.000   0.0000  0.0000      0.000      0.000   1608.095   2104.655   1604.418   2082.247 N000317
  1967.790   2121.528 -10.964   1971.320   2074.676 -10.963  -0.2100  0.0281   1971.288   2125.186   1971.498   2125.157   1971.532   2074.631 N000318
  1368.403   2125.822 -10.521   1364.025   2126.206 -10.520  -0.0972 -0.1781   1371.877   2129.477   1371.975   2129.655   1364.123   2126.378 N000319
   811.449   2130.292 -11.930    792.483   2177.208 -11.929  -0.0507 -0.2078    814.902   2133.945    814.952   2134.153    792.533   2177.414 N000320
  1447.231   2138.972  -9.833   1444.250   2133.101  -9.832   0.1158 -0.0282   1450.709   2142.628   1450.593   2142.656   1444.132   2133.139 N000321
  1942.068   2139.347  -9.602   1945.342   2094.560  -9.601   0.0676 -0.0904   1945.565   2143.005   1945.497   2143.095   1945.274   2094.656 N000322
     0.000      0.000   0.000      0.000      0.000   0.000   0.0000  0.0000      0.000      0.000   2327.512   2144.701   2328.995   2067.299 N000323
  1969.436   2154.077  -9.877   1972.866   2107.269  -9.876  -0.0636  0.0768   1972.934   2157.735   1972.998   2157.658   1972.931   2107.187 N000324
  2225.328   2155.930 -11.220   2230.112   2089.640 -11.219  -0.1457 -0.0705   2228.836   2159.589   2228.982   2159.659   2230.258   2089.700 N000325
     0.000      0.000   0.000      0.000      0.000   0.000   0.0000  0.0000      0.000      0.000    512.440   2161.153    478.571   2231.195 N000326
  2086.321   2159.339 -10.322   2090.505   2103.612 -10.320  -0.1787 -0.1611   2089.824   2162.998   2090.002   2163.159   2090.683   2103.760 N000327
  2050.821   2164.482 -12.477   2054.781   2111.492 -12.476  -0.1553 -0.0183   2054.322   2168.141   2054.477   2168.159   2054.937   2111.498 N000328
  2163.629   2166.192 -11.961   2168.173   2104.612 -11.960   0.1286  0.1917   2167.134   2169.851   2167.005   2169.659   2168.044   2104.429 N000329
     0.000      0.000   0.000      0.000      0.000   0.000   0.0000  0.0000      0.000      0.000   1641.985   2178.658   1638.334   2154.152 N000330
  1728.567   2174.969 -10.609   1729.565   2147.012 -10.608   0.0668 -0.0315   1732.055   2178.626   1731.988   2178.658   1729.497   2147.049 N000331
  2448.906   2179.046 -11.523   2453.852   2096.079 -11.522  -0.0941  0.0462   2452.422   2182.707   2452.516   2182.661   2453.946   2096.026 N000332
     0.000      0.000   0.000      0.000      0.000   0.000   0.0000  0.0000      0.000      0.000   2251.509   2185.660   2252.801   2114.093 N000333
  1763.303   2185.212 -11.294   1764.649   2154.608 -11.293  -0.1702  0.1859   1766.793   2188.871   1766.963   2188.685   1764.822   2154.407 N000334
     0.000      0.000   0.000      0.000      0.000   0.000   0.0000  0.0000      0.000      0.000   2506.018   2194.661   2507.362   2104.078 N000335
  1449.166   2191.807  -9.953   1445.826   2186.302  -9.952   0.1664 -0.1927   1452.643   2195.465   1452.477   2195.657   1445.655   2186.510 N000336
  1330.145   2198.718  -9.727   1324.392   2203.006  -9.726   0.1447  0.1515   1333.617   2202.375   1333.472   2202.224   1324.245   2202.865 N000337
  1178.112   2200.329  -9.825   1168.880   2217.208  -9.823   0.1119 -0.1714   1181.578   2203.985   1181.466   2204.157   1168.764   2217.391 N000338
  3153.063   2200.393 -11.211   3153.631   2066.285 -11.210   0.0629 -0.1071   3156.607   2204.057   3156.544   2204.164   3153.570   2066.396 N000339
     0.000      0.000   0.000      0.000      0.000   0.000   0.0000  0.0000      0.000      0.000   3574.560   2204.166     -1.000     -1.000 N000340
     0.000      0.000   0.000      0.000      0.000   0.000   0.0000  0.0000      0.000      0.000   1111.463   2209.656   1096.942   2228.817 N000341
     0.000      0.000   0.000      0.000      0.000   0.000   0.0000  0.0000      0.000      0.000   1239.706   2220.490   1228.231   2229.092 N000342
  2552.401   2220.843 -11.166   2557.167   2130.281 -11.165  -0.0991 -0.1566   2555.921   2224.506   2556.020   2224.662   2557.266   2130.431 N000343
     0.000      0.000   0.000      0.000      0.000   0.000   0.0000  0.0000      0.000      0.000   1502.566   2240.659   1496.299   2227.928 N000344
  3033.895   2241.247  -9.286   3035.891   2115.563  -9.285  -0.1053  0.2087   3037.433   2244.912   3037.539   2244.703   3035.995   2115.347 N000345
  2149.891   2248.553 -10.094   2154.164   2188.436 -10.093  -0.1094  0.0532   2153.394   2252.215   2153.504   2252.162   2154.274   2188.374 N000346
   437.587   2251.673 -11.506    402.826   2333.506 -11.505   0.0868  0.1726    441.023   2255.328    440.936   2255.155    402.738   2333.338 N000347
  3181.267   2257.968  -9.131   3181.781   2121.722  -9.130   0.0168 -0.0321   3184.811   2261.634   3184.794   2261.666   3181.765   2121.755 N000348
  1379.201   2258.396 -10.427   1373.956   2259.365 -10.426   0.2015 -0.1038   1382.675   2262.055   1382.473   2262.159   1373.749   2259.487 N000349
  1305.796   2261.581 -12.380   1298.956   2268.649 -12.379  -0.2042  0.0805   1309.266   2265.239   1309.470   2265.159   1299.165   2268.551 N000350
     0.000      0.000   0.000      0.000      0.000   0.000   0.0000  0.0000      0.000      0.000   2152.003   2276.162   2152.693   2212.633 N000351
     0.000      0.000   0.000      0.000      0.000   0.000   0.0000  0.0000      0.000      0.000   2595.021   2278.164   2596.187   2181.168 N000352
  1352.315   2277.170 -11.196   1346.340   2280.593 -11.195  -0.1853  0.1463   1355.786   2280.830   1355.972   2280.683   1346.530   2280.430 N000353
     0.000      0.000   0.000      0.000      0.000   0.000   0.0000  0.0000      0.000      0.000   3233.546   2281.167   3230.031   2137.751 N000354
     0.000      0.000   0.000      0.000      0.000   0.000   0.0000  0.0000      0.000      0.000   2306.968   2282.163   2308.211   2206.820 N000355
  2743.635   2279.650  -8.752   2747.794   2175.087  -8.750   0.1352  0.1496   2747.162   2283.314   2747.027   2283.165   2747.659   2174.947 N000356
   985.356   2282.629  -9.697    970.055   2316.984  -9.696  -0.1435  0.1293    988.814   2286.287    988.957   2286.158    970.204   2316.840 N000357
   389.778   2287.768 -10.512    352.390   2374.649 -10.511  -0.0001 -0.0380    393.211   2291.424    393.211   2291.462    352.389   2374.688 N000358
     0.000      0.000   0.000      0.000      0.000   0.000   0.0000  0.0000      0.000      0.000   1742.987   2291.711   1739.993   2260.222 N000359
     0.000      0.000   0.000      0.000      0.000   0.000   0.0000  0.0000      0.000      0.000   1243.467   2296.231   1231.364   2305.535 N000360
  2658.221   2295.475 -11.018   2662.730   2197.253 -11.017   0.1930 -0.0245   2661.744   2299.140   2661.551   2299.165   2662.538   2197.292 N000361
  1726.041   2301.239  -9.935   1726.284   2274.612  -9.934   0.0414  0.2392   1729.528   2304.901   1729.486   2304.661   1726.244   2274.373 N000362
  1251.274   2303.950  -9.987   1242.796   2316.133  -9.985  -0.1102 -0.0496   1254.742   2307.610   1254.852   2307.660   1242.908   2316.174 N000363
     0.000      0.000   0.000      0.000      0.000   0.000   0.0000  0.0000      0.000      0.000   1719.486   2307.495   1716.092   2278.033 N000364
     0.000      0.000   0.000      0.000      0.000   0.000   0.0000  0.0000      0.000      0.000   1990.246   2310.163   1989.726   2259.395 N000365
     0.000      0.000   0.000      0.000      0.000   0.000   0.0000  0.0000      0.000      0.000   3441.054   2312.168   3434.887   2154.040 N000366
  1397.135   2308.970  -9.401   1391.820   2309.107  -9.399   0.1352 -0.0300   1400.608   2312.630   1400.473   2312.660   1391.682   2309.148 N000367
     0.000      0.000   0.000      0.000      0.000   0.000   0.0000  0.0000      0.000      0.000    567.940   2313.257    534.148   2381.275 N000368
     0.000      0.000   0.000      0.000      0.000   0.000   0.0000  0.0000      0.000      0.000    603.442   2313.300    571.065   2378.156 N000369
     0.000      0.000   0.000      0.000      0.000   0.000   0.0000  0.0000      0.000      0.000    928.954   2313.359    908.055   2349.657 N000370
  2253.352   2312.559 -10.967   2257.887   2244.893 -10.966  -0.1482  0.0593   2256.859   2316.223   2257.007   2316.164   2258.036   2244.822 N000371
  2705.031   2314.516  -9.229   2709.388   2212.879  -9.228   0.0308  0.0160   2708.555   2318.182   2708.525   2318.166   2709.357   2212.865 N000372
  1670.302   2315.300 -10.214   1669.687   2293.277 -10.213   0.2562 -0.6092   1673.785   2318.962   1673.529   2319.571   1669.423   2293.913 N000373
  1187.798   2324.670 -10.250   1177.571   2342.486 -10.249  -0.2374  0.1703   1191.263   2328.330   1191.500   2328.160   1177.816   2342.293 N000374
     0.000      0.000   0.000      0.000      0.000   0.000   0.0000  0.0000      0.000      0.000   2432.442   2329.593   2433.766   2244.971 N000375
  2105.211   2327.693  -9.199   2108.968   2271.546  -9.198   0.2111  0.1925   2108.712   2331.356   2108.501   2331.164   2108.756   2271.368 N000376
     0.000      0.000   0.000      0.000      0.000   0.000   0.0000  0.0000      0.000      0.000   1679.384   2337.662   1675.238   2311.733 N000377
  2144.116   2336.115 -11.573   2148.083   2277.016 -11.572   0.1162  0.1150   2147.618   2339.779   2147.502   2339.664   2147.966   2276.909 N000378
   560.080   2343.300 -10.227    529.049   2416.070 -10.226   0.0798 -0.1689    563.519   2346.958    563.440   2347.127    528.963   2416.249 N000379
  1097.395   2347.327  -9.812   1084.548   2373.163  -9.811  -0.1349 -0.1732   1100.855   2350.987   1100.990   2351.160   1084.685   2373.328 N000380
     0.000      0.000   0.000      0.000      0.000   0.000   0.0000  0.0000      0.000      0.000   1465.183   2353.120   1457.326   2344.808 N000381
  1657.280   2364.565 -10.963   1656.134   2344.151 -10.962  -0.1649  0.0653   1660.762   2368.228   1660.927   2368.163   1656.302   2344.072 N000382
     0.000      0.000   0.000      0.000      0.000   0.000   0.0000  0.0000      0.000      0.000   2448.514   2370.479   2449.794   2284.851 N000383
  2506.497   2367.089 -10.230   2511.290   2280.478 -10.229  -0.0026  0.0893   2510.013   2370.756   2510.016   2370.666   2511.293   2280.388 N000384
  2015.945   2372.601 -11.751   2018.881   2323.774 -11.750  -0.0547  0.1013   2019.442   2376.266   2019.497   2376.165   2018.937   2323.668 N000385
     0.000      0.000   0.000      0.000      0.000   0.000   0.0000  0.0000      0.000      0.000   1270.917   2377.612   1258.666   2385.815 N000386
     0.000      0.000   0.000      0.000      0.000   0.000   0.0000  0.0000      0.000      0.000   2684.023   2377.667   2684.992   2274.380 N000387
   346.820   2387.064 -10.054    305.871   2480.115 -10.053  -0.1804  0.0644    350.250   2390.723    350.430   2390.658    306.061   2480.033 N000388
     0.000      0.000   0.000      0.000      0.000   0.000   0.0000  0.0000      0.000      0.000   2075.811   2390.665   2075.626   2333.891 N000389
     0.000      0.000   0.000      0.000      0.000   0.000   0.0000  0.0000      0.000      0.000   1691.483   2396.164   1687.107   2369.939 N000390
  1180.172   2393.368  -9.705   1169.025   2412.919  -9.703   0.1422 -0.0728   1183.635   2397.030   1183.493   2397.103   1168.879   2413.005 N000391
     0.000      0.000   0.000      0.000      0.000   0.000   0.0000  0.0000      0.000      0.000    674.943   2398.160    644.099   2458.394 N000392
     0.000      0.000   0.000      0.000      0.000   0.000   0.0000  0.0000      0.000      0.000    390.369   2411.659    347.467   2497.888 N000393
     0.000      0.000   0.000      0.000      0.000   0.000   0.0000  0.0000      0.000      0.000   1638.981   2422.164   1633.616   2400.527 N000394
     0.000      0.000   0.000      0.000      0.000   0.000   0.0000  0.0000      0.000      0.000   2766.025   2430.169   2766.744   2320.986 N000395
  1724.463   2429.613 -11.345   1723.841   2404.562 -11.343  -0.0365  0.1133   1727.948   2433.278   1727.984   2433.165   1723.879   2404.444 N000396
     0.000      0.000   0.000      0.000      0.000   0.000   0.0000  0.0000      0.000      0.000   1605.917   2436.665   1599.905   2417.922 N000397
  1672.242   2434.345 -11.044   1670.815   2413.588 -11.043   0.2123 -0.1554   1675.724   2438.010   1675.512   2438.165   1670.599   2413.763 N000398
     0.000      0.000   0.000      0.000      0.000   0.000   0.0000  0.0000      0.000      0.000   1315.468   2438.664   1303.643   2444.083 N000399
  2477.028   2440.488  -9.198   2481.749   2356.540  -9.197   0.1192  0.0786   2480.542   2444.156   2480.423   2444.077   2481.630   2356.470 N000400
     0.000      0.000   0.000      0.000      0.000   0.000   0.0000  0.0000      0.000      0.000   1981.494   2447.166   1980.269   2398.343 N000401
  2961.078   2447.505 -12.567   2964.284   2327.333 -12.566   0.0777  0.0050   2964.611   2451.175   2964.533   2451.170   2964.207   2327.333 N000402
  3882.481   2452.604  -9.251   3873.172   2266.864  -9.250  -0.0194  0.0481   3886.050   2456.278   3886.069   2456.230   3873.191   2266.815 N000403
  2506.405   2455.273 -11.072   2511.115   2369.188 -11.070  -0.0954 -0.1993   2509.919   2458.942   2510.015   2459.141   2511.210   2369.381 N000404
   462.616   2457.272 -11.009    425.690   2541.444 -11.007   0.1164 -0.2276    466.050   2460.933    465.934   2461.161    425.565   2541.688 N000405
  1639.214   2459.236 -12.783   1637.075   2441.510 -12.782   0.2140  0.0767   1642.694   2462.901   1642.481   2462.825   1636.858   2441.450 N000406
  1392.985   2475.182  -9.864   1386.043   2478.110  -9.862  -0.0145  0.1819   1396.456   2478.847   1396.471   2478.665   1386.060   2477.924 N000407
     0.000      0.000   0.000      0.000      0.000   0.000   0.0000  0.0000      0.000      0.000   2279.705   2481.269   2280.362   2409.387 N000408
  1824.605   2490.535  -9.874   1824.909   2458.171  -9.873   0.1047  0.0348   1828.092   2494.202   1827.987   2494.167   1824.803   2458.144 N000409
     0.000      0.000   0.000      0.000      0.000   0.000   0.0000  0.0000      0.000      0.000   2501.814   2494.070   2502.964   2405.183 N000410
     0.000      0.000   0.000      0.000      0.000   0.000   0.0000  0.0000      0.000      0.000   2381.981   2495.669   2382.939   2415.993 N000411
  1743.799   2492.305 -11.143   1743.003   2466.506 -11.141  -0.2010 -0.1947   1747.283   2495.972   1747.484   2496.167   1743.206   2466.687 N000412
     0.000      0.000   0.000      0.000      0.000   0.000   0.0000  0.0000      0.000      0.000    708.443   2499.663    677.372   2559.129 N000413
  2264.101   2497.444  -9.159   2268.146   2430.351  -9.158   0.1013 -0.0562   2267.606   2501.113   2267.505   2501.169   2268.044   2430.415 N000414
     0.000      0.000   0.000      0.000      0.000   0.000   0.0000  0.0000      0.000      0.000   2124.460   2504.630   2124.147   2445.118 N000415
  3015.522   2502.613  -9.945   3018.470   2378.619  -9.944   0.0219  0.1131   3019.056   2506.285   3019.034   2506.172   3018.448   2378.507 N000416
  1317.293   2505.182 -10.493   1308.337   2515.000 -10.492  -0.1480  0.1821   1320.760   2508.848   1320.908   2508.666   1308.490   2514.802 N000417
     0.000      0.000   0.000      0.000      0.000   0.000   0.0000  0.0000      0.000      0.000   4086.076   2517.677   4069.554   2314.435 N000418
  2289.242   2514.193  -9.190   2293.344   2445.298  -9.189   0.1511  0.1019   2292.747   2517.862   2292.596   2517.760   2293.193   2445.207 N000419
     0.000      0.000   0.000      0.000      0.000   0.000   0.0000  0.0000      0.000      0.000   2659.520   2520.171   2660.573   2419.481 N000420
  1998.642   2516.785 -10.484   2000.734   2470.801 -10.483   0.1423 -0.2484   2002.136   2520.454   2001.994   2520.702   2000.589   2471.064 N000421
     0.000      0.000   0.000      0.000      0.000   0.000   0.0000  0.0000      0.000      0.000   2271.004   2531.170   2271.462   2460.430 N000422
     0.000      0.000   0.000      0.000      0.000   0.000   0.0000  0.0000      0.000      0.000   2224.002   2531.670   2224.216   2464.613 N000423
     0.000      0.000   0.000      0.000      0.000   0.000   0.0000  0.0000      0.000      0.000   2184.445   2532.614   2184.417   2468.673 N000424
     0.000      0.000   0.000      0.000      0.000   0.000   0.0000  0.0000      0.000      0.000   2576.683   2537.671   2577.802   2443.402 N000425
  2793.441   2533.801 -11.035   2797.655   2426.517 -11.034  -0.0587 -0.1994   2796.966   2537.473   2797.025   2537.672   2797.714   2426.713 N000426
  3088.671   2537.298 -11.694   3091.145   2408.047 -11.692   0.1706 -0.2024   3092.207   2540.971   3092.037   2541.173   3090.977   2408.263 N000427
     0.000      0.000   0.000      0.000      0.000   0.000   0.0000  0.0000      0.000      0.000    476.472   2551.663    435.038   2633.506 N000428
     0.000      0.000   0.000      0.000      0.000   0.000   0.0000  0.0000      0.000      0.000    795.946   2571.765    767.058   2625.033 N000429
  1399.584   2568.802 -11.576   1391.847   2572.784 -11.575   0.0841 -0.1979   1403.054   2572.470   1402.969   2572.668   1391.759   2572.992 N000430
     0.000      0.000   0.000      0.000      0.000   0.000   0.0000  0.0000      0.000      0.000    805.446   2573.165    776.882   2625.613 N000431
     0.000      0.000   0.000      0.000      0.000   0.000   0.0000  0.0000      0.000      0.000   1489.923   2575.168   1480.525   2568.205 N000432
  2637.176   2573.955 -12.980   2641.745   2478.791 -12.979   0.1756 -0.0447   2640.694   2577.628   2640.518   2577.673   2641.569   2478.850 N000433
  1166.325   2576.550 -10.140   1152.703   2600.662 -10.138  -0.1484  0.0496   1169.785   2580.217   1169.934   2580.167   1152.856   2600.599 N000434
     0.000      0.000   0.000      0.000      0.000   0.000   0.0000  0.0000      0.000      0.000   2100.497   2586.671   2099.618   2529.987 N000435
     0.000      0.000   0.000      0.000      0.000   0.000   0.0000  0.0000      0.000      0.000   2324.506   2587.172   2325.020   2512.823 N000436
     0.000      0.000   0.000      0.000      0.000   0.000   0.0000  0.0000      0.000      0.000    947.951   2593.166    924.009   2633.354 N000437
     0.000      0.000   0.000      0.000      0.000   0.000   0.0000  0.0000      0.000      0.000   1722.087   2594.670   1716.677   2568.712 N000438
  2504.497   2596.072  -9.348   2509.004   2511.279  -9.347  -0.0035  0.0717   2508.009   2599.744   2508.013   2599.673   2509.008   2511.206 N000439
  1263.925   2597.866  -9.839   1252.645   2613.973  -9.838  -0.0752 -0.1340   1267.389   2601.534   1267.464   2601.668   1252.721   2614.103 N000440
     0.000      0.000   0.000      0.000      0.000   0.000   0.0000  0.0000      0.000      0.000   2163.099   2603.071   2162.624   2541.615 N000441
  1702.103   2606.194 -10.448   1699.786   2585.512 -10.447   0.1030  0.1939   1705.584   2609.864   1705.481   2609.670   1699.683   2585.323 N000442
  1108.395   2608.317 -10.266   1092.734   2638.140 -10.265  -0.1048 -0.1298   1111.853   2611.985   1111.957   2612.115   1092.840   2638.264 N000443
     0.000      0.000   0.000      0.000      0.000   0.000   0.0000  0.0000      0.000      0.000   2857.971   2623.675   2858.487   2508.684 N000444
     0.000      0.000   0.000      0.000      0.000   0.000   0.0000  0.0000      0.000      0.000    675.640   2625.166    641.347   2690.638 N000445
     0.000      0.000   0.000      0.000      0.000   0.000   0.0000  0.0000      0.000      0.000   2575.115   2625.074   2576.134   2531.677 N000446
  1419.987   2627.616 -12.286   1412.088   2630.959 -12.285  -0.0130  0.1155   1423.456   2631.285   1423.469   2631.169   1412.103   2630.840 N000447
  2569.437   2628.711  -9.276   2573.960   2539.225  -9.274  -0.0627  0.2109   2572.952   2632.385   2573.015   2632.174   2574.023   2539.007 N000448
   273.900   2638.506 -10.075    224.866   2745.164 -10.074  -0.1005  0.0059    277.324   2642.171    277.424   2642.165    224.972   2745.148 N000449
  1262.807   2645.506 -11.721   1250.945   2662.677 -11.720  -0.1935  0.0060   1266.270   2649.175   1266.463   2649.169   1251.143   2662.654 N000450
    92.135   2649.602 -10.052     33.315   2774.012 -10.051   0.1349  0.1015     95.552   2653.266     95.417   2653.165     33.175   2773.920 N000451
     0.000      0.000   0.000      0.000      0.000   0.000   0.0000  0.0000      0.000      0.000   3532.052   2661.845   3526.617   2497.332 N000452
     0.000      0.000   0.000      0.000      0.000   0.000   0.0000  0.0000      0.000      0.000   2962.002   2664.648   2962.082   2542.108 N000453
  3749.356   2660.694  -9.770   3744.102   2484.155  -9.769  -0.1103  0.1278   3752.917   2664.374   3753.028   2664.246   3744.210   2484.020 N000454
  2453.815   2663.090 -11.098   2458.080   2582.926 -11.097  -0.1631  0.0895   2457.325   2666.764   2457.488   2666.674   2458.244   2582.823 N000455
     0.000      0.000   0.000      0.000      0.000   0.000   0.0000  0.0000      0.000      0.000   2243.101   2667.674   2242.892   2600.682 N000456
  1359.637   2664.517  -9.479   1349.957   2673.738  -9.478   0.1372  0.0171   1363.104   2668.187   1362.967   2668.170   1349.817   2673.732 N000457
     0.000      0.000   0.000      0.000      0.000   0.000   0.0000  0.0000      0.000      0.000   2762.522   2673.676   2763.353   2566.342 N000458
  3616.311   2669.696  -9.344   3613.231   2502.615  -9.342  -0.0949  0.1022   3619.867   2673.375   3619.962   2673.273   3613.324   2502.506 N000459
     0.000      0.000   0.000      0.000      0.000   0.000   0.0000  0.0000      0.000      0.000   1422.302   2688.088   1410.306   2688.972 N000460
  2685.567   2684.485 -13.426   2690.021   2586.598 -13.425   0.0673 -0.0147   2689.086   2688.161   2689.019   2688.176   2689.953   2586.618 N000461
  3181.660   2686.159  -8.576   3183.786   2550.781  -8.574   0.1600 -0.2413   3185.198   2689.836   3185.038   2690.078   3183.628   2551.036 N000462
  2938.556   2687.975  -8.696   2942.297   2570.817  -8.694   0.0564  0.0753   2942.085   2691.652   2942.029   2691.577   2942.241   2570.746 N000463
  1580.265   2693.612 -10.443   1575.019   2684.648 -10.442  -0.2021  0.1124   1583.739   2697.284   1583.942   2697.172   1575.226   2684.516 N000464
  1944.846   2699.791 -11.383   1945.244   2660.699 -11.381  -0.1543 -0.2093   1948.335   2703.464   1948.489   2703.673   1945.399   2660.899 N000465
     0.000      0.000   0.000      0.000      0.000   0.000   0.0000  0.0000      0.000      0.000   3012.531   2719.678   3012.419   2593.749 N000466
     0.000      0.000   0.000      0.000      0.000   0.000   0.0000  0.0000      0.000      0.000    305.924   2721.168    253.333   2823.865 N000467
  2035.973   2723.342 -11.738   2037.244   2677.210 -11.737  -0.0267 -0.1581   2039.466   2727.016   2039.492   2727.174   2037.270   2677.368 N000468
     0.000      0.000   0.000      0.000      0.000   0.000   0.0000  0.0000      0.000      0.000   2764.708   2733.615   2765.519   2626.680 N000469
     0.000      0.000   0.000      0.000      0.000   0.000   0.0000  0.0000      0.000      0.000    487.085   2734.169    442.878   2820.115 N000470
     0.000      0.000   0.000      0.000      0.000   0.000   0.0000  0.0000      0.000      0.000   1776.482   2737.762   1770.751   2709.752 N000471
   938.798   2751.064  -9.111    915.775   2799.333  -9.110  -0.1023  0.1142    942.246   2754.735    942.349   2754.621    915.882   2799.207 N000472
     0.000      0.000   0.000      0.000      0.000   0.000   0.0000  0.0000      0.000      0.000   1736.980   2755.174   1730.465   2730.782 N000473
  1623.076   2752.082  -9.514   1618.077   2740.647  -9.513   0.0762  0.0820   1626.552   2755.756   1626.476   2755.674   1618.000   2740.570 N000474
  2483.840   2764.629  -9.446   2487.938   2683.347  -9.445  -0.1599  0.1293   2487.350   2768.307   2487.510   2768.177   2488.099   2683.203 N000475
     0.000      0.000   0.000      0.000      0.000   0.000   0.0000  0.0000      0.000      0.000   2041.992   2772.676   2039.513   2723.409 N000476
   807.408   2769.242  -8.992    779.399   2829.924  -8.991  -0.0920  0.0273    810.851   2772.913    810.943   2772.885    779.495   2829.888 N000477
  1163.609   2776.549  -8.776   1147.352   2805.367  -8.775   0.2521  0.1915   1167.067   2780.221   1166.814   2780.030   1147.095   2805.193 N000478
  3340.762   2779.734 -11.492   3341.687   2633.190 -11.491  -0.0278  0.0760   3344.305   2783.415   3344.333   2783.339   3341.714   2633.112 N000479
     0.000      0.000   0.000      0.000      0.000   0.000   0.0000  0.0000      0.000      0.000   2469.259   2788.178   2469.734   2704.904 N000480
     0.000      0.000   0.000      0.000      0.000   0.000   0.0000  0.0000      0.000      0.000   2234.999   2796.177   2234.155   2731.670 N000481
     0.000      0.000   0.000      0.000      0.000   0.000   0.0000  0.0000      0.000      0.000   1089.031   2796.673   1066.732   2829.169 N000482
     0.000      0.000   0.000      0.000      0.000   0.000   0.0000  0.0000      0.000      0.000   2765.020   2796.679   2765.795   2690.391 N000483
     0.000      0.000   0.000      0.000      0.000   0.000   0.0000  0.0000      0.000      0.000   2004.490   2799.676   2001.416   2753.943 N000484
  1779.056   2796.849 -11.898   1776.374   2773.197 -11.897   0.0556 -0.1511   1782.537   2800.524   1782.481   2800.675   1776.316   2773.355 N000485
  1917.375   2801.176 -10.314   1916.697   2766.103 -10.313  -0.1254  0.1764   1920.861   2804.853   1920.987   2804.676   1916.826   2765.913 N000486
  3779.205   2803.178 -12.405   3774.427   2625.018 -12.404   0.2052  0.1784   3782.765   2806.862   3782.560   2806.683   3774.224   2624.853 N000487
     0.000      0.000   0.000      0.000      0.000   0.000   0.0000  0.0000      0.000      0.000   2459.808   2807.178   2460.192   2724.910 N000488
  2687.621   2812.873  -9.877   2691.940   2716.237  -9.875   0.1208 -0.1274   2691.138   2816.552   2691.017   2816.679   2691.819   2716.375 N000489
     0.000      0.000   0.000      0.000      0.000   0.000   0.0000  0.0000      0.000      0.000   2581.075   2820.679   2581.762   2729.025 N000490
     0.000      0.000   0.000      0.000      0.000   0.000   0.0000  0.0000      0.000      0.000   2315.537   2832.750   2315.092   2762.347 N000491
     0.000      0.000   0.000      0.000      0.000   0.000   0.0000  0.0000      0.000      0.000   1953.529   2837.094   1949.558   2796.241 N000492
  2102.254   2841.134 -10.368   2103.490   2791.585 -10.367   0.0874  0.1336   2105.748   2844.812   2105.660   2844.678   2103.402   2791.456 N000493
  2464.551   2842.694  -9.949   2468.358   2764.006  -9.948   0.0509  0.1936   2468.059   2846.373   2468.008   2846.179   2468.307   2763.814 N000494
  1089.147   2844.242  -9.225   1069.682   2881.421  -9.224   0.1468 -0.1668   1092.600   2847.917   1092.453   2848.083   1069.528   2881.605 N000495
     0.000      0.000   0.000      0.000      0.000   0.000   0.0000  0.0000      0.000      0.000    745.440   2852.387    710.127   2917.700 N000496
  2503.948   2851.229 -13.105   2507.870   2769.537 -13.104  -0.0521  0.1642   2507.457   2854.909   2507.509   2854.745   2507.923   2769.366 N000497
     0.000      0.000   0.000      0.000      0.000   0.000   0.0000  0.0000      0.000      0.000    759.440   2868.673    724.397   2933.174 N000498
     0.000      0.000   0.000      0.000      0.000   0.000   0.0000  0.0000      0.000      0.000   1256.459   2875.676   1238.034   2895.281 N000499
     0.000      0.000   0.000      0.000      0.000   0.000   0.0000  0.0000      0.000      0.000   1220.483   2882.676   1200.944   2905.657 N000500
     0.000      0.000   0.000      0.000      0.000   0.000   0.0000  0.0000      0.000      0.000   1957.987   2887.679   1953.692   2847.427 N000501
     0.000      0.000   0.000      0.000      0.000   0.000   0.0000  0.0000      0.000      0.000   1922.485   2893.179   1917.660   2855.993 N000502
  1765.608   2893.351  -9.025   1761.845   2872.797  -9.023   0.1081 -0.1488   1769.087   2897.029   1768.979   2897.178   1761.734   2872.958 N000503
   519.863   2893.855 -11.089    477.639   2985.163 -11.087  -0.1372 -0.1447    523.293   2897.529    523.430   2897.673    477.780   2985.300 N000504
     0.000      0.000   0.000      0.000      0.000   0.000   0.0000  0.0000      0.000      0.000   1546.925   2901.177   1535.372   2895.995 N000505
  2487.509   2907.523  -8.691   2491.205   2827.979  -8.690   0.0651  0.0785   2491.017   2911.204   2490.952   2911.126   2491.140   2827.905 N000506
  1044.344   2910.891 -10.563   1022.445   2953.937 -10.562  -0.1564 -0.1091   1047.794   2914.567   1047.951   2914.676   1022.605   2954.035 N000507
  1142.282   2912.296 -11.529   1123.504   2946.530 -11.528  -0.2176 -0.2040   1145.737   2915.972   1145.954   2916.176   1123.725   2946.720 N000508
     0.000      0.000   0.000      0.000      0.000   0.000   0.0000  0.0000      0.000      0.000   2046.490   2928.180   2043.024   2881.382 N000509
     0.000      0.000   0.000      0.000      0.000   0.000   0.0000  0.0000      0.000      0.000   2542.163   2930.643   2542.484   2843.637 N000510
  2792.208   2931.241 -10.352   2796.369   2827.962 -10.351   0.2080  0.0302   2795.727   2934.924   2795.519   2934.894   2796.161   2827.948 N000511
   719.770   2933.907 -10.364    685.479   3007.599 -10.363   0.1949 -0.0927    723.207   2937.583    723.012   2937.675    685.274   3007.713 N000512
     0.000      0.000   0.000      0.000      0.000   0.000   0.0000  0.0000      0.000      0.000   1644.474   2944.179   1634.477   2931.607 N000513
  1407.322   2948.120 -10.366   1395.483   2959.710 -10.364  -0.1780  0.1196   1410.786   2951.798   1410.964   2951.678   1395.667   2959.572 N000514
     0.000      0.000   0.000      0.000      0.000   0.000   0.0000  0.0000      0.000      0.000   1830.814   2951.930   1824.100   2923.671 N000515
     0.000      0.000   0.000      0.000      0.000   0.000   0.0000  0.0000      0.000      0.000   2156.994   2952.181   2154.607   2896.731 N000516
  2315.714   2949.831 -11.138   2318.249   2884.831 -11.136   0.1665 -0.1686   2319.214   2953.513   2319.048   2953.682   2318.080   2885.015 N000517
  1658.293   2954.735  -9.993   1651.967   2944.692  -9.992  -0.2065  0.2076   1661.768   2958.415   1661.974   2958.207   1652.180   2944.462 N000518
  2884.647   2958.013 -10.797   2888.675   2847.886 -10.795   0.1473  0.0125   2888.170   2961.697   2888.023   2961.684   2888.528   2847.885 N000519
     0.000      0.000   0.000      0.000      0.000   0.000   0.0000  0.0000      0.000      0.000   1731.977   2992.181   1723.171   2973.237 N000520
  3795.591   2992.047  -8.691   3791.738   2813.988  -8.690   0.0908  0.0466   3799.149   2995.735   3799.058   2995.689   3791.648   2813.948 N000521
     0.000      0.000   0.000      0.000      0.000   0.000   0.0000  0.0000      0.000      0.000   2433.004   3033.497   2432.453   2957.006 N000522
  1490.608   3031.079 -10.242   1479.788   3037.502 -10.241   0.1081  0.0511   1494.075   3034.760   1493.966   3034.709   1479.678   3037.459 N000523
   770.985   3032.511 -12.336    736.980   3104.606 -12.335  -0.0150  0.0108    774.423   3036.189    774.438   3036.178    736.996   3104.593 N000524
   607.097   3036.030 -10.455    566.041   3123.832 -10.453   0.0968  0.0304    610.528   3039.708    610.432   3039.678    565.941   3123.810 N000525
  3828.512   3039.838 -11.788   3824.453   2859.836 -11.787   0.0123 -0.1621   3832.071   3043.528   3832.059   3043.690   3824.442   2860.000 N000526
  2170.573   3050.430 -11.316   2171.212   2999.299 -11.315   0.0733 -0.0698   2174.066   3054.114   2173.993   3054.184   2171.137   2999.376 N000527
  3529.374   3055.732 -10.618   3529.309   2897.782 -10.617  -0.1258  0.1372   3532.921   3059.422   3533.047   3059.285   3529.433   2897.634 N000528
  3439.549   3072.688  -9.526   3440.477   2921.631  -9.525   0.0489  0.1878   3443.092   3076.377   3443.043   3076.190   3440.428   2921.444 N000529
   248.733   3078.185  -9.371    188.944   3202.663  -9.370  -0.0174  0.0778    252.149   3081.862    252.167   3081.785    188.964   3202.580 N000530
     0.000      0.000   0.000      0.000      0.000   0.000   0.0000  0.0000      0.000      0.000   1861.980   3087.650   1854.549   3059.886 N000531
  3333.255   3092.258  -8.698   3335.177   2949.442  -8.697  -0.0448 -0.1424   3336.794   3095.947   3336.838   3096.090   3335.221   2949.583 N000532
  1746.046   3109.824 -10.540   1739.812   3096.054 -10.539   0.0460 -0.1762   1749.521   3113.508   1749.475   3113.684   1739.763   3096.239 N000533
  1922.532   3114.422 -11.260   1919.354   3085.626 -11.258   0.0599 -0.0777   1926.014   3118.107   1925.955   3118.185   1919.293   3085.711 N000534
     0.000      0.000   0.000      0.000      0.000   0.000   0.0000  0.0000      0.000      0.000   1967.484   3119.156   1961.454   3083.169 N000535
  1848.708   3116.400  -9.695   1844.283   3093.962  -9.694   0.1025 -0.1002   1852.187   3120.084   1852.085   3120.185   1844.178   3094.074 N000536
  1543.858   3119.916  -9.323   1533.224   3124.063  -9.322  -0.1418 -0.0839   1547.326   3123.600   1547.467   3123.684   1533.368   3124.137 N000537
     0.000      0.000   0.000      0.000      0.000   0.000   0.0000  0.0000      0.000      0.000   2345.999   3124.732   2344.406   3057.148 N000538
  2460.754   3132.601  -8.871   2463.483   3059.213  -8.869   0.0042  0.1011   2464.258   3136.289   2464.253   3136.187   2463.479   3059.110 N000539
  1853.926   3143.028 -11.403   1849.338   3120.821 -11.402  -0.0745  0.0280   1857.405   3146.713   1857.479   3146.685   1849.414   3120.786 N000540
     0.000      0.000   0.000      0.000      0.000   0.000   0.0000  0.0000      0.000      0.000   2269.674   3152.687   2267.218   3092.040 N000541
   443.472   3167.973 -11.008    391.851   3276.667 -11.007  -0.0281 -0.0268    446.895   3171.654    446.923   3171.681    391.880   3276.692 N000542
   918.529   3179.088 -10.979    887.682   3242.290 -10.977   0.0295  0.0880    921.971   3182.771    921.942   3182.683    887.653   3242.202 N000543
  2339.144   3206.026 -10.592   2340.555   3144.260 -10.591   0.1438  0.0263   2342.641   3209.715   2342.498   3209.689   2340.410   3144.245 N000544
  2133.635   3213.249  -9.581   2132.700   3168.939  -9.580   0.1347 -0.0009   2137.124   3216.938   2136.989   3216.938   2132.563   3168.951 N000545
   538.946   3246.241 -11.120    490.311   3348.639 -11.119  -0.0541  0.2184    542.372   3249.924    542.426   3249.706    490.373   3348.406 N000546
   875.326   3253.127 -10.103    841.418   3323.114 -10.101  -0.1466  0.1273    878.765   3256.812    878.911   3256.685    841.573   3322.968 N000547
     0.000      0.000   0.000      0.000      0.000   0.000   0.0000  0.0000      0.000      0.000   1870.478   3273.689   1861.390   3250.090 N000548
     0.000      0.000   0.000      0.000      0.000   0.000   0.0000  0.0000      0.000      0.000    788.435   3279.685    746.917   3355.530 N000549
     0.000      0.000   0.000      0.000      0.000   0.000   0.0000  0.0000      0.000      0.000   2255.992   3349.193   2252.081   3294.462 N000550
  2506.776   3346.799 -14.271   2508.804   3274.371 -14.270  -0.1760 -0.0110   2510.279   3350.492   2510.455   3350.503   2508.981   3274.368 N000551
     0.000      0.000   0.000      0.000      0.000   0.000   0.0000  0.0000      0.000      0.000   2422.999   3358.193   2420.777   3289.562 N000552
  1373.450   3356.527 -10.148   1355.064   3383.443 -10.146  -0.0498  0.0266   1376.907   3360.216   1376.957   3360.189   1355.116   3383.411 N000553
     0.000      0.000   0.000      0.000      0.000   0.000   0.0000  0.0000      0.000      0.000   2450.055   3413.695   2447.745   3344.215 N000554
     0.000      0.000   0.000      0.000      0.000   0.000   0.0000  0.0000      0.000      0.000   1470.960   3414.191   1450.991   3430.671 N000555
  2330.129   3426.572 -11.382   2330.037   3371.107 -11.380   0.1290  0.0717   2333.623   3430.267   2333.494   3430.195   2329.907   3371.044 N000556
     0.000      0.000   0.000      0.000      0.000   0.000   0.0000  0.0000      0.000      0.000   2853.514   3443.698   2853.310   3341.553 N000557
     0.000      0.000   0.000      0.000      0.000   0.000   0.0000  0.0000      0.000      0.000   2336.851   3452.196   2333.148   3393.369 N000558
  3227.540   3470.996  -9.586   3230.595   3342.994  -9.585   0.0395 -0.0036   3231.068   3474.696   3231.029   3474.700   3230.556   3343.001 N000559
  1980.595   3481.509  -9.549   1974.907   3457.989  -9.548   0.0953  0.0085   1984.075   3485.204   1983.979   3485.195   1974.810   3457.989 N000560
     0.000      0.000   0.000      0.000      0.000   0.000   0.0000  0.0000      0.000      0.000    610.925   3491.690    556.682   3594.007 N000561
     0.000      0.000   0.000      0.000      0.000   0.000   0.0000  0.0000      0.000      0.000   1742.470   3492.695   1728.278   3487.255 N000562
     0.000      0.000   0.000      0.000      0.000   0.000   0.0000  0.0000      0.000      0.000   1847.974   3505.195   1835.936   3490.713 N000563
     0.000      0.000   0.000      0.000      0.000   0.000   0.0000  0.0000      0.000      0.000   1840.223   3518.164   1827.871   3504.812 N000564
  1019.958   3523.377  -9.098    986.543   3590.155  -9.097  -0.0420 -0.0226   1023.399   3527.070   1023.441   3527.093    986.586   3590.174 N000565
     0.000      0.000   0.000      0.000      0.000   0.000   0.0000  0.0000      0.000      0.000   3330.032   3550.202   3329.206   3412.405 N000566
  2186.184   3552.075  -8.964   2183.224   3512.738  -8.963   0.1841  0.1379   2189.671   3555.773   2189.487   3555.636   2183.038   3512.612 N000567
     0.000      0.000   0.000      0.000      0.000   0.000   0.0000  0.0000      0.000      0.000   2144.485   3560.698   2137.306   3521.772 N000568
     0.000      0.000   0.000      0.000      0.000   0.000   0.0000  0.0000      0.000      0.000   1603.563   3597.397   1584.532   3608.398 N000569
     0.000      0.000   0.000      0.000      0.000   0.000   0.0000  0.0000      0.000      0.000    839.369   3647.695    792.248   3734.303 N000570
     0.000      0.000   0.000      0.000      0.000   0.000   0.0000  0.0000      0.000      0.000    847.932   3647.695    801.188   3733.445 N000571
  2581.917   3656.865  -8.487   2582.832   3586.671  -8.486  -0.0207 -0.0097   2585.417   3660.568   2585.438   3660.578   2582.853   3586.679 N000572
     0.000      0.000   0.000      0.000      0.000   0.000   0.0000  0.0000      0.000      0.000   4047.503   3670.431   4040.859   3480.214 N000573
  2865.645   3674.149  -9.208   2868.277   3580.631  -9.207   0.1453  0.1489   2869.157   3677.853   2869.012   3677.704   2868.131   3580.490 N000574
     0.000      0.000   0.000      0.000      0.000   0.000   0.0000  0.0000      0.000      0.000    811.567   3690.833    762.194   3782.302 N000575
     0.000      0.000   0.000      0.000      0.000   0.000   0.0000  0.0000      0.000      0.000   3549.695   3692.707   3547.928   3541.072 N000576
  1981.056   3694.733 -10.489   1973.083   3678.442 -10.488   0.0564  0.1613   1984.533   3698.434   1984.476   3698.273   1973.027   3678.279 N000577
     0.000      0.000   0.000      0.000      0.000   0.000   0.0000  0.0000      0.000      0.000   1460.956   3699.699   1436.249   3728.097 N000578
     0.000      0.000   0.000      0.000      0.000   0.000   0.0000  0.0000      0.000      0.000   2612.001   3707.704   2609.370   3633.017 N000579
  3489.551   3720.257 -10.621   3491.699   3577.558 -10.620   0.0513  0.0566   3493.087   3723.964   3493.036   3723.908   3491.648   3577.504 N000580
     0.000      0.000   0.000      0.000      0.000   0.000   0.0000  0.0000      0.000      0.000    761.706   3725.642    709.176   3823.888 N000581
  3857.802   3732.584 -10.398   3857.225   3561.602 -10.396  -0.1716  0.0839   3861.352   3736.293   3861.524   3736.210   3857.394   3561.503 N000582
  1977.669   3747.468  -9.901   1969.017   3733.446  -9.899   0.1685 -0.0321   1981.144   3751.171   1980.976   3751.203   1968.845   3733.494 N000583
     0.000      0.000   0.000      0.000      0.000   0.000   0.0000  0.0000      0.000      0.000   1948.474   3783.203   1935.282   3769.678 N000584
  1512.860   3798.443  -8.563   1491.623   3829.659  -8.562  -0.1396 -0.0568   1516.317   3802.146   1516.456   3802.202   1491.766   3829.705 N000585
     0.000      0.000   0.000      0.000      0.000   0.000   0.0000  0.0000      0.000      0.000   1633.079   3805.203   1611.772   3821.793 N000586
     0.000      0.000   0.000      0.000      0.000   0.000   0.0000  0.0000      0.000      0.000   2630.500   3829.207   2627.286   3756.957 N000587
     0.000      0.000   0.000      0.000      0.000   0.000   0.0000  0.0000      0.000      0.000    920.832   3845.201    872.826   3933.319 N000588
     0.000      0.000   0.000      0.000      0.000   0.000   0.0000  0.0000      0.000      0.000   2038.476   3871.242   2026.105   3852.998 N000589
  3376.369   3871.513 -10.250   3379.042   3742.041 -10.249  -0.1306  0.0130   3379.898   3875.225   3380.029   3875.212   3379.172   3742.017 N000590
     0.000      0.000   0.000      0.000      0.000   0.000   0.0000  0.0000      0.000      0.000   3849.648   3876.013   3846.215   3705.748 N000591
  1310.822   3904.940 -11.534   1280.901   3960.581 -11.533  -0.1782 -0.0602   1314.269   3908.644   1314.447   3908.705   1281.084   3960.627 N000592
   961.401   3908.496  -9.870    917.227   3999.325  -9.869  -0.0717 -0.0035    964.834   3912.200    964.905   3912.203    917.302   3999.322 N000593
  1786.469   3908.740 -10.878   1771.249   3918.910 -10.877  -0.0032  0.0738   1789.935   3912.447   1789.938   3912.373   1771.253   3918.832 N000594
  1002.711   3915.074  -9.823    960.208   4002.045  -9.822   0.1584  0.0745   1006.146   3918.778   1005.987   3918.704    960.044   4001.983 N000595
     0.000      0.000   0.000      0.000      0.000   0.000   0.0000  0.0000      0.000      0.000   3269.024   3923.213   3268.275   3800.502 N000596
  1338.237   3948.563 -12.540   1308.456   4003.641 -12.539   0.0626  0.0630   1341.684   3952.269   1341.621   3952.206   1308.392   4003.581 N000597
     0.000      0.000   0.000      0.000      0.000   0.000   0.0000  0.0000      0.000      0.000   1293.945   3960.706   1258.793   4017.218 N000598
  1938.455   3984.640 -11.556   1925.927   3983.948 -11.555  -0.0450  0.1397   1941.926   3988.349   1941.971   3988.209   1925.975   3983.798 N000599
  3642.813   3990.014  -9.343   3644.649   3842.822  -9.342  -0.1873 -0.0192   3646.351   3993.730   3646.538   3993.749   3644.835   3842.827 N000600
  1778.004   4024.925 -10.558   1760.783   4041.157 -10.556   0.0038 -0.0747   1781.468   4028.635   1781.464   4028.710   1760.778   4041.236 N000601
  2733.040   4037.086  -9.611   2732.939   3967.116  -9.610   0.0395  0.0856   2736.541   4040.799   2736.501   4040.714   2732.900   3967.031 N000602
     0.000      0.000   0.000      0.000      0.000   0.000   0.0000  0.0000      0.000      0.000   2372.886   4116.714   2363.925   4078.415 N000603
