     0.000      0.000   0.000      0.000      0.000   0.000   0.0000  0.0000      0.000      0.000    275.978   -137.076     -1.000     -1.000 N000001
   459.868   -127.834 -11.082    446.798      7.932 -11.079  -0.1319  0.1662    465.852   -113.242    465.984   -113.409    446.934      7.759 N000002
     0.000      0.000   0.000      0.000      0.000   0.000   0.0000  0.0000      0.000      0.000    870.998   -109.909     -1.000     -1.000 N000003
   332.262    -48.863 -11.524    315.185     94.502 -11.522  -0.2100  0.1365    338.240    -34.270    338.450    -34.407    315.401     94.353 N000004
     0.000      0.000   0.000      0.000      0.000   0.000   0.0000  0.0000      0.000      0.000   2322.544    -11.757     -1.000     -1.000 N000005
   724.939     -9.087  -9.916    718.258    107.342  -9.914  -0.0612 -0.0869    730.929      5.507    730.990      5.594    718.320    107.424 N000006
  1272.460     -5.895 -10.451   1274.413     74.791 -10.449  -0.0398  0.1052   1278.469      8.699   1278.509      8.594   1274.453     74.685 N000007
  2819.435     28.885  -8.705   2814.528     13.729  -8.703  -0.0648 -0.1152   2825.495     43.479   2825.559     43.594   2814.592     13.837 N000008
     0.000      0.000   0.000      0.000      0.000   0.000   0.0000  0.0000      0.000      0.000    770.717     85.641    758.793    183.669 N000009
  2272.945     90.638 -11.123   2275.482    106.699 -11.121  -0.0546  0.1377   2278.985    105.233   2279.040    105.095   2275.535    106.561 N000010
  3387.655     96.275 -13.510   3371.259     45.749 -13.508   0.1550 -0.0169   3393.732    110.870   3393.577    110.887   3371.108     45.774 N000011
   132.877    102.789 -12.937    108.338    258.463 -12.935  -0.1235 -0.1237    138.845    117.386    138.968    117.509    108.466    258.577 N000012
   537.963    110.408  -9.584    526.434    237.879  -9.582  -0.0701 -0.0918    543.945    125.005    544.015    125.096    526.506    237.965 N000013
   441.547    138.835 -10.326    427.181    272.633 -10.324   0.0466 -0.1648    447.524    153.432    447.478    153.597    427.132    272.799 N000014
  2368.314    183.389 -12.045   2370.428    191.328 -12.042  -0.1859 -0.1110   2374.355    197.986   2374.541    198.097   2370.613    191.425 N000015
     0.000      0.000   0.000      0.000      0.000   0.000   0.0000  0.0000      0.000      0.000   1840.023    202.098   1838.832    228.642 N000016
  1619.913    221.229  -9.648   1624.448    275.349  -9.646  -0.0866  0.2058   1625.929    235.827   1626.015    235.621   1624.535    275.141 N000017
  2881.751    221.479 -10.936   2877.126    197.225 -10.934  -0.2198 -0.0208   2887.808    236.077   2888.028    236.098   2877.342    197.232 N000018
  1939.154    290.898 -10.856   1944.125    323.262 -10.854   0.1543 -0.1017   1945.179    305.498   1945.025    305.600   1943.972    323.371 N000019
     0.000      0.000   0.000      0.000      0.000   0.000   0.0000  0.0000      0.000      0.000    693.920    316.975    679.616    417.423 N000020
     0.000      0.000   0.000      0.000      0.000   0.000   0.0000  0.0000      0.000      0.000   1876.022    336.600   1875.121    358.165 N000021
  1466.393    322.346  -8.803   1470.154    384.662  -8.800  -0.1070 -0.1538   1472.401    336.947   1472.508    337.101   1470.262    384.806 N000022
  2178.125    350.885 -11.760   2182.370    366.881 -11.758   0.1255 -0.1147   2184.157    365.486   2184.031    365.601   2182.245    367.001 N000023
  1247.397    353.525 -10.411   1249.049    429.868 -10.409  -0.1028  0.0247   1253.397    368.126   1253.500    368.101   1249.153    429.837 N000024
     0.000      0.000   0.000      0.000      0.000   0.000   0.0000  0.0000      0.000      0.000   3706.081    398.815   3678.074    306.661 N000025
  1497.964    391.464  -8.822   1501.952    450.592  -8.820  -0.0358 -0.0360   1503.972    406.066   1504.008    406.102   1501.988    450.625 N000026
   997.333    398.978 -10.741    995.194    491.662 -10.738  -0.1673 -0.0221   1003.324    413.580   1003.491    413.602    995.364    491.672 N000027
     0.000      0.000   0.000      0.000      0.000   0.000   0.0000  0.0000      0.000      0.000   1088.494    423.102   1081.761    495.250 N000028
     0.000      0.000   0.000      0.000      0.000   0.000   0.0000  0.0000      0.000      0.000   1126.495    429.103   1120.341    498.588 N000029
  1094.702    420.273  -8.467   1094.130    506.047  -8.465   0.1019 -0.2270   1100.696    434.876   1100.594    435.103   1094.026    506.278 N000030
  3131.645    421.702 -10.358   3123.768    377.015 -10.356   0.1455  0.1687   3137.707    436.304   3137.562    436.135   3123.624    376.860 N000031
  3177.496    447.735 -13.304   3168.884    399.588 -13.302  -0.0045  0.1892   3183.558    462.337   3183.563    462.148   3168.887    399.403 N000032
     0.000      0.000   0.000      0.000      0.000   0.000   0.0000  0.0000      0.000      0.000   2474.039    473.603   2470.380    454.420 N000033
     0.000      0.000   0.000      0.000      0.000   0.000   0.0000  0.0000      0.000      0.000    201.629    493.021    171.122    627.404 N000034
     0.000      0.000   0.000      0.000      0.000   0.000   0.0000  0.0000      0.000      0.000   2069.525    499.104   2068.628    505.161 N000035
   166.780    499.566 -12.819    140.978    650.613 -12.816  -0.2200  0.0656    172.741    514.170    172.961    514.105    141.207    650.531 N000036
     0.000      0.000   0.000      0.000      0.000   0.000   0.0000  0.0000      0.000      0.000   2323.832    537.104   2321.714    526.121 N000037
  1581.318    530.581  -8.831   1585.820    582.076  -8.829  -0.1823  0.0813   1587.325    545.186   1587.508    545.105   1586.004    581.984 N000038
  1791.292    555.958 -13.035   1796.650    593.133 -13.032  -0.2084 -0.0421   1797.306    570.563   1797.514    570.605   1796.859    593.161 N000039
     0.000      0.000   0.000      0.000      0.000   0.000   0.0000  0.0000      0.000      0.000   1441.002    575.106   1438.372    621.406 N000040
  2792.422    569.181  -8.625   2791.359    541.820  -8.623  -0.0779  0.1813   2798.469    583.787   2798.547    583.605   2791.435    541.638 N000041
     0.000      0.000   0.000      0.000      0.000   0.000   0.0000  0.0000      0.000      0.000   2412.618    585.105   2409.967    567.498 N000042
     0.000      0.000   0.000      0.000      0.000   0.000   0.0000  0.0000      0.000      0.000   3261.396    594.105   3246.091    523.251 N000043
     0.000      0.000   0.000      0.000      0.000   0.000   0.0000  0.0000      0.000      0.000   1820.814    594.606   1820.215    615.244 N000044
  2732.655    599.420 -10.262   2732.583    575.149 -10.260   0.1552 -0.0797   2738.700    614.026   2738.545    614.106   2732.431    575.237 N000045
    69.422    608.652 -10.098     38.808    766.776 -10.095  -0.0776  0.1516     75.378    623.258     75.456    623.107     38.890    766.619 N000046
     0.000      0.000   0.000      0.000      0.000   0.000   0.0000  0.0000      0.000      0.000   2025.020    629.106   2024.474    635.745 N000047
     0.000      0.000   0.000      0.000      0.000   0.000   0.0000  0.0000      0.000      0.000   2906.157    630.606   2897.680    580.857 N000048
  1143.939    617.031  -9.276   1143.600    697.233  -9.273  -0.0608  0.0309   1149.930    631.638   1149.991    631.607   1143.662    697.198 N000049
  2361.138    627.473 -11.907   2365.070    626.279 -11.904   0.1383 -0.0265   2367.170    642.080   2367.032    642.107   2364.933    626.314 N000050
  2141.821    650.875  -8.697   2147.041    663.471  -8.695  -0.1793 -0.1246   2147.844    665.483   2148.024    665.607   2147.220    663.582 N000051
  1650.042    666.833 -11.142   1654.871    711.813 -11.140   0.0415 -0.1667   1656.049    681.441   1656.007    681.608   1654.829    711.980 N000052
     0.000      0.000   0.000      0.000      0.000   0.000   0.0000  0.0000      0.000      0.000   1465.001    682.808   1462.436    726.135 N000053
     0.000      0.000   0.000      0.000      0.000   0.000   0.0000  0.0000      0.000      0.000    403.028    684.546    378.274    803.423 N000054
  2584.545    677.292 -10.999   2586.618    660.812 -10.997   0.0445 -0.2084   2590.583    691.899   2590.538    692.108   2586.575    661.019 N000055
  3247.575    678.585 -12.383   3239.227    620.406 -12.380   0.0747  0.0847   3253.635    693.192   3253.560    693.107   3239.153    620.328 N000056
     0.000      0.000   0.000      0.000      0.000   0.000   0.0000  0.0000      0.000      0.000   1474.000    710.108   1471.471    752.500 N000057
     0.000      0.000   0.000      0.000      0.000   0.000   0.0000  0.0000      0.000      0.000   4076.087    728.108   4040.543    604.753 N000058
   585.615    729.145  -9.444    572.312    848.502  -9.441   0.1149  0.1446    591.585    743.754    591.470    743.609    572.195    848.366 N000059
     0.000      0.000   0.000      0.000      0.000   0.000   0.0000  0.0000      0.000      0.000   1778.410    745.509   1777.734    766.781 N000060
  2832.681    735.954 -10.383   2831.909    702.495 -10.380   0.1811 -0.0458   2838.726    750.563   2838.545    750.609   2831.731    702.551 N000061
     0.000      0.000   0.000      0.000      0.000   0.000   0.0000  0.0000      0.000      0.000   1310.594    757.409   1306.173    810.592 N000062
  3791.119    743.689  -9.409   3770.173    650.776  -9.407   0.1188  0.1893   3797.196    758.298   3797.077    758.109   3770.056    650.599 N000063
     0.000      0.000   0.000      0.000      0.000   0.000   0.0000  0.0000      0.000      0.000   2526.347    759.047   2523.290    730.802 N000064
  3816.826    751.879  -9.372   3795.246    657.209  -9.370  -0.1737 -0.1207   3822.904    766.488   3823.077    766.609   3795.416    657.316 N000065
  1728.633    757.631  -9.200   1733.788    796.116  -9.197   0.1331  0.1307   1734.641    772.240   1734.508    772.110   1733.654    795.996 N000066
  3282.140    779.961  -9.596   3273.797    717.311  -9.594   0.1399 -0.0395   3288.199    794.570   3288.059    794.610   3273.660    717.358 N000067
     0.000      0.000   0.000      0.000      0.000   0.000   0.0000  0.0000      0.000      0.000   1332.994    797.110   1328.737    848.355 N000068
   498.514    783.981 -10.618    482.169    909.633 -10.616   0.0141 -0.0185    504.480    798.592    504.466    798.610    482.154    909.652 N000069
     0.000      0.000   0.000      0.000      0.000   0.000   0.0000  0.0000      0.000      0.000   1519.500    803.110   1517.202    841.337 N000070
     0.000      0.000   0.000      0.000      0.000   0.000   0.0000  0.0000      0.000      0.000   1623.503    803.610   1622.000    834.675 N000071
   937.585    793.553 -10.401    932.735    886.952 -10.399   0.0849  0.0532    943.566    808.164    943.481    808.111    932.649    886.905 N000072
     0.000      0.000   0.000      0.000      0.000   0.000   0.0000  0.0000      0.000      0.000   2851.461    814.777   2844.780    764.610 N000073
  1204.548    806.612 -12.017   1204.499    880.866 -12.015   0.0481  0.1122   1210.537    821.223   1210.489    821.111   1204.450    880.758 N000074
     0.000      0.000   0.000      0.000      0.000   0.000   0.0000  0.0000      0.000      0.000   2081.518    828.111   2081.132    827.894 N000075
     0.000      0.000   0.000      0.000      0.000   0.000   0.0000  0.0000      0.000      0.000   2210.022    831.611   2209.285    822.802 N000076
  3008.937    818.777 -10.593   3005.895    772.452 -10.591  -0.0379 -0.1483   3014.986    833.387   3015.024    833.536   3005.933    772.595 N000077
  2107.395    841.042 -10.297   2112.993    852.912 -10.295  -0.1053  0.0425   2113.413    855.654   2113.519    855.611   2113.098    852.863 N000078
   144.168    843.060 -11.218    114.421    995.625 -11.216   0.1680  0.0597    150.121    857.672    149.953    857.612    114.247    995.578 N000079
  1604.612    846.809 -10.996   1608.933    892.738 -10.994   0.1116 -0.1909   1610.613    861.421   1610.502    861.611   1608.820    892.935 N000080
  1555.795    847.389 -10.396   1559.732    896.688 -10.394  -0.1799 -0.1109   1561.795    862.001   1561.975    862.111   1559.913    896.785 N000081
     0.000      0.000   0.000      0.000      0.000   0.000   0.0000  0.0000      0.000      0.000   2188.521    882.580   2187.931    874.442 N000082
     0.000      0.000   0.000      0.000      0.000   0.000   0.0000  0.0000      0.000      0.000   2870.543    886.754   2863.942    833.982 N000083
  2768.827    873.197 -10.113   2769.554    841.171 -10.110  -0.1726  0.1968   2774.867    887.809   2775.040    887.612   2769.724    840.967 N000084
     0.000      0.000   0.000      0.000      0.000   0.000   0.0000  0.0000      0.000      0.000   2559.282    908.196   2556.411    875.197 N000085
  2331.573    902.972  -8.494   2336.402    899.029  -8.492   0.0731 -0.0277   2337.598    917.585   2337.525    917.612   2336.330    899.061 N000086
   391.594    917.266  -8.960    370.575   1050.888  -8.958   0.0940 -0.1089    397.554    931.879    397.460    931.988    370.477   1051.004 N000087
  1290.713    919.510  -8.968   1291.497    986.802  -8.966  -0.2206  0.0103   1296.703    934.123   1296.923    934.113   1291.721    986.776 N000088
  2812.104    934.371 -10.082   2812.535    898.452 -10.079   0.1041 -0.1294   2818.144    948.984   2818.040    949.113   2812.433    898.586 N000089
  2391.530    936.943 -13.217   2396.070    928.518 -13.214   0.0298 -0.0574   2397.556    951.556   2397.526    951.613   2396.041    928.577 N000090
     0.000      0.000   0.000      0.000      0.000   0.000   0.0000  0.0000      0.000      0.000    544.464    952.114    522.180   1059.940 N000091
     0.000      0.000   0.000      0.000      0.000   0.000   0.0000  0.0000      0.000      0.000   2155.643    958.613   2155.224    951.630 N000092
  2880.671    947.400  -8.693   2880.235    906.819  -8.690   0.1707 -0.0998   2886.713    962.013   2886.542    962.113   2880.067    906.928 N000093
  1552.103    950.387  -8.774   1555.773    998.973  -8.771   0.1029 -0.1126   1558.101    965.001   1557.998    965.114   1555.669    999.092 N000094
     0.000      0.000   0.000      0.000      0.000   0.000   0.0000  0.0000      0.000      0.000   1813.542    967.614   1812.846    983.811 N000095
  2325.097    956.568 -11.699   2330.056    952.272 -11.697   0.0971  0.0678   2331.121    971.181   2331.023    971.114   2329.959    952.212 N000096
     0.000      0.000   0.000      0.000      0.000   0.000   0.0000  0.0000      0.000      0.000   2175.518    973.114   2175.058    964.603 N000097
  1059.279    965.050 -10.718   1055.994   1048.740 -10.716  -0.1913  0.0501   1065.260    979.664   1065.452    979.614   1056.189   1048.676 N000098
  2401.118    969.248  -8.845   2405.666    959.711  -8.843   0.1176  0.1233   2407.143    983.862   2407.026    983.739   2405.549    959.597 N000099
  1086.844    974.193  -9.778   1084.032   1055.833  -9.775  -0.1557  0.1926   1092.826    988.807   1092.982    988.614   1084.192   1055.630 N000100
  2041.131    973.944  -8.422   2046.870    988.539  -8.420   0.1315  0.1441   2047.145    988.558   2047.014    988.414   2046.738    988.406 N000101
     0.000      0.000   0.000      0.000      0.000   0.000   0.0000  0.0000      0.000      0.000   1960.510   1004.164   1960.177   1009.871 N000102
  1409.972   1007.809  -9.844   1411.981   1065.991  -9.841  -0.0283 -0.1649   1415.964   1022.424   1415.992   1022.589   1412.009   1066.153 N000103
  2129.890   1017.190 -10.633   2135.569   1025.237 -10.631  -0.1097  0.1903   2135.906   1031.805   2136.016   1031.615   2135.679   1025.042 N000104
  1972.574   1023.106 -10.490   1978.263   1041.819 -10.487   0.0740  0.1060   1978.584   1037.721   1978.510   1037.615   1978.189   1041.719 N000105
   533.141   1023.595 -10.645    515.912   1146.465 -10.643   0.1409  0.0952    539.103   1038.211    538.962   1038.115    515.767   1146.380 N000106
     0.000      0.000   0.000      0.000      0.000   0.000   0.0000  0.0000      0.000      0.000   1805.504   1043.060   1804.681   1059.052 N000107
  3751.072   1029.661 -10.599   3733.781    932.433 -10.597   0.0717  0.1133   3757.141   1044.276   3757.069   1044.162   3733.710    932.326 N000108
     0.000      0.000   0.000      0.000      0.000   0.000   0.0000  0.0000      0.000      0.000   2366.023   1059.615   2364.918   1037.159 N000109
  1734.391   1052.007  -9.194   1739.186   1086.946  -9.191  -0.1088  0.0073   1740.393   1066.623   1740.502   1066.616   1739.295   1086.931 N000110
     0.000      0.000   0.000      0.000      0.000   0.000   0.0000  0.0000      0.000      0.000   1832.005   1071.616   1831.250   1085.495 N000111
  3739.598   1057.378 -10.473   3722.843    960.269 -10.470   0.0736 -0.1220   3745.667   1071.993   3745.593   1072.115   3722.772    960.393 N000112
  3082.884   1059.382 -10.359   3079.930   1003.769 -10.357  -0.1164 -0.1182   3088.930   1073.997   3089.047   1074.116   3080.045   1003.878 N000113
  1396.370   1068.058 -11.470   1397.986   1126.833 -11.468  -0.1297  0.0584   1402.360   1082.675   1402.490   1082.616   1398.117   1126.765 N000114
  2833.831   1072.070 -10.795   2834.548   1032.426 -10.793  -0.1694  0.0697   2839.869   1086.686   2840.038   1086.616   2834.715   1032.346 N000115
     0.000      0.000   0.000      0.000      0.000   0.000   0.0000  0.0000      0.000      0.000   1846.505   1091.616   1845.783   1104.301 N000116
   950.137   1091.272 -11.873    943.780   1182.609 -11.871   0.1366 -0.2277    956.111   1105.889    955.975   1106.117    943.639   1182.847 N000117
  2735.666   1091.564  -8.779   2737.616   1058.072  -8.776   0.1661  0.0641   2741.700   1106.180   2741.534   1106.116   2737.451   1058.020 N000118
  1511.437   1095.063 -10.573   1514.288   1145.437 -10.571  -0.0634  0.0635   1517.430   1109.680   1517.493   1109.617   1514.352   1145.369 N000119
  1721.824   1099.451 -10.711   1726.440   1134.881 -10.709  -0.1764 -0.0488   1727.824   1114.068   1728.000   1114.117   1726.617   1134.917 N000120
     0.000      0.000   0.000      0.000      0.000   0.000   0.0000  0.0000      0.000      0.000   1219.483   1127.555   1212.206   1184.752 N000121
  2263.828   1113.182 -12.374   2269.240   1110.990 -12.371  -0.1717  0.1817   2269.846   1127.799   2270.018   1127.617   2269.411   1110.799 N000122
  1165.649   1119.733 -10.372   1163.485   1195.037 -10.370   0.1491  0.1580   1171.630   1134.350   1171.481   1134.192   1163.334   1194.890 N000123
     0.000      0.000   0.000      0.000      0.000   0.000   0.0000  0.0000      0.000      0.000   2220.116   1137.017   2219.656   1123.490 N000124
   455.357   1130.206 -10.910    434.507   1259.312 -10.908  -0.1431  0.2064    461.314   1144.824    461.458   1144.618    434.657   1259.094 N000125
     0.000      0.000   0.000      0.000      0.000   0.000   0.0000  0.0000      0.000      0.000   1384.488   1163.118   1379.541   1208.150 N000126
     0.000      0.000   0.000      0.000      0.000   0.000   0.0000  0.0000      0.000      0.000   2636.529   1182.618   2633.726   1140.413 N000127
     0.000      0.000   0.000      0.000      0.000   0.000   0.0000  0.0000      0.000      0.000    195.448   1196.619    157.867   1332.450 N000128
  1485.459   1197.707 -10.274   1487.635   1249.385 -10.271  -0.0410  0.1802   1491.449   1212.325   1491.490   1212.145   1487.677   1249.203 N000129
  1014.381   1211.783 -10.866   1008.610   1298.179 -10.864  -0.0959 -0.1942   1020.356   1226.402   1020.452   1226.597   1008.707   1298.366 N000130
     0.000      0.000   0.000      0.000      0.000   0.000   0.0000  0.0000      0.000      0.000    778.395   1226.691    760.683   1316.857 N000131
  2029.231   1212.474  -9.857   2034.851   1225.429  -9.855   0.2315 -0.0262   2035.240   1227.093   2035.008   1227.119   2034.619   1225.471 N000132
  3113.062   1219.749 -14.132   3110.435   1159.528 -14.130   0.0620 -0.0638   3119.106   1234.368   3119.044   1234.431   3110.374   1159.595 N000133
  1083.724   1226.664 -11.193   1079.318   1307.842 -11.191   0.2011  0.1636   1089.700   1241.283   1089.499   1241.120   1079.114   1307.693 N000134
     0.000      0.000   0.000      0.000      0.000   0.000   0.0000  0.0000      0.000      0.000   1367.319   1243.120   1361.753   1289.096 N000135
     0.000      0.000   0.000      0.000      0.000   0.000   0.0000  0.0000      0.000      0.000   1442.988   1243.620   1438.450   1284.067 N000136
     0.000      0.000   0.000      0.000      0.000   0.000   0.0000  0.0000      0.000      0.000   2260.087   1248.548   2259.563   1231.108 N000137
     0.000      0.000   0.000      0.000      0.000   0.000   0.0000  0.0000      0.000      0.000   2139.011   1252.620   2138.658   1243.509 N000138
  1472.465   1244.451  -8.913   1474.293   1296.876  -8.910  -0.0349 -0.0494   1478.454   1259.070   1478.489   1259.120   1474.328   1296.923 N000139
  1563.669   1253.049 -10.242   1566.486   1298.818 -10.239   0.1690  0.0491   1569.661   1267.669   1569.492   1267.620   1566.315   1298.781 N000140
     0.000      0.000   0.000      0.000      0.000   0.000   0.0000  0.0000      0.000      0.000   1887.103   1268.120   1886.235   1276.545 N000141
     0.000      0.000   0.000      0.000      0.000   0.000   0.0000  0.0000      0.000      0.000   1789.199   1269.120   1787.827   1284.492 N000142
  2117.459   1260.408  -9.144   2123.103   1266.804  -9.141  -0.0414 -0.0591   2123.469   1275.028   2123.510   1275.087   2123.145   1266.860 N000143
  1504.282   1268.037  -9.387   1506.384   1318.057  -9.385   0.1455  0.1282   1510.271   1282.658   1510.126   1282.529   1506.237   1317.940 N000144
  2436.570   1270.000 -10.379   2441.361   1254.307 -10.377   0.0700 -0.0002   2442.591   1284.620   2442.521   1284.620   2441.291   1254.312 N000145
  1932.025   1271.623  -9.413   1937.328   1290.943  -9.411   0.0248  0.1234   1938.029   1286.244   1938.004   1286.120   1937.303   1290.822 N000146
     0.000      0.000   0.000      0.000      0.000   0.000   0.0000  0.0000      0.000      0.000   1289.038   1291.121   1282.011   1342.752 N000147
  3627.342   1281.180 -11.214   3615.076   1186.804 -11.211  -0.1577 -0.4777   3633.402   1295.800   3633.560   1296.278   3615.233   1187.263 N000148
     0.000      0.000   0.000      0.000      0.000   0.000   0.0000  0.0000      0.000      0.000   1354.484   1303.121   1348.419   1349.883 N000149
     0.000      0.000   0.000      0.000      0.000   0.000   0.0000  0.0000      0.000      0.000   2000.934   1310.049   2000.377   1310.144 N000150
  2789.748   1307.660 -10.981   2791.770   1267.632 -10.979   0.1430  0.1605   2795.780   1322.281   2795.637   1322.121   2791.628   1267.483 N000151
  1347.541   1308.869  -9.719   1347.335   1370.283  -9.717   0.0405 -0.1311   1353.524   1323.490   1353.484   1323.621   1347.293   1370.417 N000152
  1259.033   1313.907 -11.073   1257.371   1381.896 -11.071   0.0330 -0.0928   1265.013   1328.529   1264.980   1328.621   1257.337   1381.991 N000153
  1455.860   1344.606 -12.725   1457.005   1397.947 -12.722  -0.1396  0.1063   1461.847   1359.228   1461.986   1359.122   1457.147   1397.831 N000154
  3638.653   1344.550 -14.325   3626.587   1248.387 -14.323  -0.0645  0.0282   3644.712   1359.171   3644.776   1359.143   3626.650   1248.355 N000155
  1954.393   1350.029 -10.958   1959.614   1367.267 -10.956  -0.1066  0.0287   1960.396   1364.651   1960.503   1364.622   1959.721   1367.231 N000156
  2588.610   1351.772  -8.491   2592.553   1324.854  -8.488   0.1098  0.0220   2594.634   1366.394   2594.524   1366.372   2592.444   1324.840 N000157
     0.000      0.000   0.000      0.000      0.000   0.000   0.0000  0.0000      0.000      0.000   1468.586   1369.922   1463.781   1408.121 N000158
  1728.909   1356.880  -9.292   1732.848   1390.248  -9.290  -0.0914 -0.1199   1734.904   1371.502   1734.995   1371.622   1732.939   1390.361 N000159
  1370.731   1357.845 -11.857   1370.608   1417.464 -11.855   0.1059 -0.1552   1376.714   1372.467   1376.608   1372.622   1370.500   1417.627 N000160
  3972.465   1361.115  -9.331   3952.248   1243.582  -9.329  -0.0347  0.1149   3978.535   1375.736   3978.570   1375.622   3952.281   1243.467 N000161
  1747.032   1367.999 -11.107   1751.067   1400.011 -11.104   0.0318 -0.0014   1753.027   1382.621   1752.996   1382.622   1751.035   1400.015 N000162
     0.000      0.000   0.000      0.000      0.000   0.000   0.0000  0.0000      0.000      0.000   2206.511   1382.622   2206.040   1367.756 N000163
     0.000      0.000   0.000      0.000      0.000   0.000   0.0000  0.0000      0.000      0.000   2515.021   1383.997   2513.490   1347.731 N000164
  2192.665   1374.700 -10.951   2198.205   1374.957 -10.949   0.1652  0.2000   2198.676   1389.322   2198.510   1389.122   2198.040   1374.770 N000165
     0.000      0.000   0.000      0.000      0.000   0.000   0.0000  0.0000      0.000      0.000   2949.035   1393.511   2943.464   1327.724 N000166
  1403.786   1387.429  -9.064   1403.987   1444.555  -9.062  -0.2141 -0.0713   1409.770   1402.052   1409.984   1402.123   1404.204   1444.610 N000167
     0.000      0.000   0.000      0.000      0.000   0.000   0.0000  0.0000      0.000      0.000   1007.939   1402.623    994.565   1475.512 N000168
  3367.984   1391.481  -8.816   3361.832   1312.064  -8.814   0.0551 -0.0195   3374.033   1406.103   3373.978   1406.122   3361.779   1312.087 N000169
     0.000      0.000   0.000      0.000      0.000   0.000   0.0000  0.0000      0.000      0.000   2184.509   1417.023   2184.019   1403.464 N000170
  1666.418   1403.201 -11.183   1669.651   1440.946 -11.181  -0.0824  0.2011   1672.410   1417.824   1672.492   1417.623   1669.735   1440.739 N000171
  3366.373   1403.477  -8.907   3360.320   1323.995  -8.904  -0.1272 -0.0225   3372.422   1418.100   3372.549   1418.123   3360.445   1324.009 N000172
  1633.769   1412.357  -9.634   1636.647   1452.465  -9.631  -0.1477 -0.1431   1639.760   1426.980   1639.908   1427.123   1636.796   1452.597 N000173
  1150.394   1421.986 -10.030   1145.964   1498.202 -10.027  -0.1063 -0.0145   1156.368   1436.609   1156.475   1436.624   1146.072   1498.208 N000174
  2172.550   1425.257 -11.001   2178.045   1426.596 -10.998   0.0500  0.1318   2178.559   1439.880   2178.509   1439.748   2177.995   1426.468 N000175
     0.000      0.000   0.000      0.000      0.000   0.000   0.0000  0.0000      0.000      0.000   3247.044   1443.123   3237.304   1356.905 N000176
  1903.642   1428.272 -10.402   1908.470   1448.752 -10.399   0.6161 -0.7017   1909.642   1442.896   1909.026   1443.597   1907.849   1449.495 N000177
  1397.969   1432.404  -9.323   1397.826   1489.934  -9.320  -0.0307 -0.0663   1403.952   1447.028   1403.983   1447.094   1397.857   1489.998 N000178
   610.060   1435.467  -9.054    591.174   1553.909  -9.052   0.0597 -0.0327    616.016   1450.091    615.956   1450.124    591.112   1553.947 N000179
  2587.966   1456.102  -9.767   2592.056   1428.242  -9.765  -0.0342  0.1018   2593.988   1470.726   2594.022   1470.624   2592.090   1428.139 N000180
     0.000      0.000   0.000      0.000      0.000   0.000   0.0000  0.0000      0.000      0.000   2424.016   1474.124   2422.994   1443.393 N000181
  2121.029   1466.505  -9.210   2126.441   1471.262  -9.208   0.0287  0.0046   2127.035   1481.129   2127.006   1481.124   2126.412   1471.260 N000182
   920.256   1469.664  -8.866    910.130   1563.793  -8.863  -0.0222  0.0530    926.221   1484.289    926.244   1484.236    910.153   1563.738 N000183
     0.000      0.000   0.000      0.000      0.000   0.000   0.0000  0.0000      0.000      0.000   2905.558   1495.124   2900.832   1431.130 N000184
     0.000      0.000   0.000      0.000      0.000   0.000   0.0000  0.0000      0.000      0.000   1216.175   1499.325   1206.492   1556.472 N000185
  1836.344   1487.310 -12.725   1840.615   1512.452 -12.722  -0.1563 -0.1901   1842.340   1501.935   1842.496   1502.125   1840.772   1512.630 N000186
  1463.699   1490.392  -9.885   1464.167   1543.002  -9.882   0.1660 -0.1079   1469.683   1505.017   1469.517   1505.125   1463.998   1543.122 N000187
  1754.187   1492.425 -10.904   1757.835   1523.545 -10.901   0.1870 -0.0748   1760.180   1507.050   1759.993   1507.125   1757.646   1523.633 N000188
     0.000      0.000   0.000      0.000      0.000   0.000   0.0000  0.0000      0.000      0.000   1536.486   1511.125   1531.817   1544.125 N000189
     0.000      0.000   0.000      0.000      0.000   0.000   0.0000  0.0000      0.000      0.000   1569.987   1516.625   1565.694   1547.130 N000190
  2124.781   1503.696 -10.589   2130.140   1508.004 -10.587  -0.1916  0.1962   2130.786   1518.321   2130.977   1518.125   2130.332   1507.795 N000191
     0.000      0.000   0.000      0.000      0.000   0.000   0.0000  0.0000      0.000      0.000   1167.109   1522.125   1156.277   1583.091 N000192
     0.000      0.000   0.000      0.000      0.000   0.000   0.0000  0.0000      0.000      0.000   2269.093   1526.709   2268.449   1506.523 N000193
  1399.481   1535.282 -11.702   1398.727   1592.752 -11.700  -0.0186 -0.2179   1405.462   1549.908   1405.480   1550.126   1398.745   1592.969 N000194
  2175.740   1535.532 -10.321   2181.095   1536.059 -10.319   0.1567  0.0321   2181.746   1550.158   2181.590   1550.126   2180.938   1536.038 N000195
  2231.933   1536.760 -10.474   2237.291   1533.281 -10.472  -0.0402 -0.1613   2237.942   1551.385   2237.982   1551.547   2237.331   1533.439 N000196
  4004.615   1538.892 -12.303   3985.139   1416.371 -12.301   0.1149 -0.1077   4010.682   1553.518   4010.567   1553.625   3985.028   1416.484 N000197
     0.000      0.000   0.000      0.000      0.000   0.000   0.0000  0.0000      0.000      0.000    927.298   1555.043    910.562   1634.818 N000198
     0.000      0.000   0.000      0.000      0.000   0.000   0.0000  0.0000      0.000      0.000   2338.864   1559.626   2338.083   1534.327 N000199
     0.000      0.000   0.000      0.000      0.000   0.000   0.0000  0.0000      0.000      0.000    492.450   1561.626    461.937   1676.375 N000200
     0.000      0.000   0.000      0.000      0.000   0.000   0.0000  0.0000      0.000      0.000   1854.495   1575.698   1852.604   1585.161 N000201
     0.000      0.000   0.000      0.000      0.000   0.000   0.0000  0.0000      0.000      0.000   1679.989   1578.126   1676.615   1600.443 N000202
     0.000      0.000   0.000      0.000      0.000   0.000   0.0000  0.0000      0.000      0.000   1891.496   1579.126   1889.822   1585.878 N000203
  3054.169   1577.853  -9.566   3053.884   1517.042  -9.564   0.1686 -0.1471   3060.203   1592.479   3060.035   1592.626   3053.718   1517.199 N000204
  1830.461   1585.658 -10.461   1834.345   1611.033 -10.459  -0.0387  0.1583   1836.455   1600.285   1836.494   1600.127   1834.385   1610.872 N000205
  2022.165   1585.874 -11.555   2027.086   1597.260 -11.553   0.1651 -0.1260   2028.165   1600.501   2028.000   1600.627   2026.920   1597.398 N000206
     0.000      0.000   0.000      0.000      0.000   0.000   0.0000  0.0000      0.000      0.000    601.452   1612.512    574.192   1718.858 N000207
  1251.675   1598.559  -9.443   1247.906   1667.478  -9.440   0.1747  0.0590   1257.649   1613.186   1257.474   1613.127   1247.728   1667.432 N000208
  1845.597   1606.451  -9.791   1849.514   1630.687  -9.789   0.0973 -0.0488   1851.591   1621.078   1851.494   1621.127   1849.416   1630.743 N000209
  1677.088   1606.856 -10.587   1679.533   1643.566 -10.585   0.0879 -0.1442   1683.076   1621.483   1682.988   1621.627   1679.443   1643.717 N000210
     0.000      0.000   0.000      0.000      0.000   0.000   0.0000  0.0000      0.000      0.000   1400.979   1623.094   1393.695   1666.419 N000211
  1714.141   1611.852 -11.189   1716.934   1645.807 -11.186   0.1144 -0.1482   1720.130   1626.479   1720.016   1626.627   1716.818   1645.964 N000212
  2032.927   1627.476 -11.127   2037.778   1637.975 -11.125  -0.0728 -0.0237   2038.927   1642.104   2039.000   1642.128   2037.851   1637.993 N000213
  2210.634   1639.050  -9.570   2215.846   1636.667  -9.567   0.1338  0.0498   2216.639   1653.678   2216.505   1653.628   2215.712   1636.627 N000214
  2771.179   1651.494 -10.853   2774.140   1609.462 -10.850   0.1432 -0.0063   2777.203   1666.122   2777.059   1666.128   2773.998   1609.478 N000215
  1060.532   1653.110  -9.879   1052.177   1737.212  -9.877   0.0317  0.1097   1066.498   1667.738   1066.467   1667.628   1052.145   1737.104 N000216
  1932.719   1653.051 -11.524   1937.020   1670.829 -11.521   0.2187  0.0512   1938.714   1667.679   1938.496   1667.628   1936.800   1670.794 N000217
  2410.270   1653.329 -10.245   2415.246   1636.637 -10.243  -0.2026 -0.1436   2416.281   1667.957   2416.484   1668.100   2415.448   1636.766 N000218
     0.000      0.000   0.000      0.000      0.000   0.000   0.0000  0.0000      0.000      0.000   1204.471   1683.129   1193.093   1741.859 N000219
  1273.865   1668.522  -9.402   1269.969   1736.012  -9.400  -0.1355  0.0219   1279.838   1683.151   1279.974   1683.129   1270.107   1735.979 N000220
  1215.624   1672.508 -12.455   1210.533   1744.551 -12.453   0.1242  0.0079   1221.596   1687.137   1221.471   1687.129   1210.406   1744.553 N000221
  2390.004   1673.741 -10.140   2395.015   1658.406 -10.137   0.0661  0.0218   2396.014   1688.369   2395.948   1688.347   2394.949   1658.389 N000222
     0.000      0.000   0.000      0.000      0.000   0.000   0.0000  0.0000      0.000      0.000   2116.801   1707.929   2115.733   1697.989 N000223
  2508.439   1695.197  -9.156   2513.060   1671.355  -9.153  -0.0612  0.1558   2514.453   1709.826   2514.514   1709.671   2513.121   1671.196 N000224
     0.000      0.000   0.000      0.000      0.000   0.000   0.0000  0.0000      0.000      0.000    171.436   1710.163    125.357   1853.769 N000225
  3356.327   1697.710 -10.620   3351.992   1615.392 -10.617  -0.1971  0.1860   3362.369   1712.339   3362.566   1712.153   3352.185   1615.195 N000226
     0.000      0.000   0.000      0.000      0.000   0.000   0.0000  0.0000      0.000      0.000   1269.556   1719.630   1259.189   1773.471 N000227
  2072.747   1707.127 -10.032   2077.528   1714.569 -10.030  -0.0281  0.1274   2078.746   1721.757   2078.774   1721.629   2077.557   1714.440 N000228
  1678.553   1715.867  -8.894   1680.462   1752.586  -8.892   0.0532 -0.0326   1684.539   1730.497   1684.486   1730.530   1680.408   1752.623 N000229
     0.000      0.000   0.000      0.000      0.000   0.000   0.0000  0.0000      0.000      0.000   1521.980   1743.130   1515.752   1777.589 N000230
  2963.150   1729.054 -10.016   2964.406   1673.213 -10.013   0.1499  0.0541   2969.178   1743.684   2969.029   1743.630   2964.257   1673.169 N000231
     0.000      0.000   0.000      0.000      0.000   0.000   0.0000  0.0000      0.000      0.000   2326.507   1745.130   2325.561   1719.944 N000232
  3703.682   1745.123  -8.881   3692.955   1639.304  -8.878   0.1820  0.0228   3709.735   1759.752   3709.553   1759.730   3692.776   1639.293 N000233
  2120.039   1764.382  -9.917   2124.819   1768.293  -9.914   1.0386 -0.8178   2126.038   1779.013   2125.000   1779.831   2123.775   1769.186 N000234
  1931.165   1767.382 -10.541   1935.028   1785.237 -10.538   0.1645 -0.1177   1937.158   1782.013   1936.993   1782.131   1934.862   1785.367 N000235
     0.000      0.000   0.000      0.000      0.000   0.000   0.0000  0.0000      0.000      0.000   2254.504   1785.631   2253.504   1765.548 N000236
     0.000      0.000   0.000      0.000      0.000   0.000   0.0000  0.0000      0.000      0.000   1421.741   1787.807   1413.614   1830.177 N000237
     0.000      0.000   0.000      0.000      0.000   0.000   0.0000  0.0000      0.000      0.000   2002.020   1788.631   2000.249   1787.041 N000238
  1544.677   1778.307  -9.611   1544.514   1825.394  -9.608  -0.2324  0.2611   1550.657   1792.938   1550.889   1792.676   1544.751   1825.114 N000239
     0.000      0.000   0.000      0.000      0.000   0.000   0.0000  0.0000      0.000      0.000   1538.980   1799.631   1532.629   1833.012 N000240
  1644.620   1786.287 -10.022   1645.737   1825.766 -10.020   0.1198  0.0202   1650.603   1800.918   1650.483   1800.898   1645.616   1825.755 N000241
     0.000      0.000   0.000      0.000      0.000   0.000   0.0000  0.0000      0.000      0.000   1963.994   1806.631   1961.931   1807.873 N000242
  1453.274   1795.062  -9.592   1451.593   1849.272  -9.590  -0.1187  0.0620   1459.251   1809.693   1459.370   1809.631   1451.714   1849.201 N000243
     0.000      0.000   0.000      0.000      0.000   0.000   0.0000  0.0000      0.000      0.000   1411.475   1814.131   1402.976   1857.442 N000244
  1178.335   1805.386  -9.500   1171.252   1881.234  -9.498  -0.1651 -0.0751   1184.302   1820.018   1184.467   1820.093   1171.420   1881.297 N000245
     0.000      0.000   0.000      0.000      0.000   0.000   0.0000  0.0000      0.000      0.000   2951.026   1821.131   2946.617   1751.446 N000246
     0.000      0.000   0.000      0.000      0.000   0.000   0.0000  0.0000      0.000      0.000   2045.496   1823.131   2043.821   1818.331 N000247
  1264.217   1808.832  -9.901   1258.939   1877.903  -9.899  -0.1166 -0.1684   1270.187   1823.463   1270.304   1823.632   1259.056   1878.063 N000248
   762.183   1811.660 -10.335    743.725   1921.279 -10.333   0.1833  0.1072    768.137   1826.292    767.953   1826.185    743.537   1921.186 N000249
  2449.612   1813.002  -9.924   2454.364   1792.972  -9.922   0.1119  0.0018   2455.622   1827.633   2455.510   1827.631   2454.253   1792.978 N000250
     0.000      0.000   0.000      0.000      0.000   0.000   0.0000  0.0000      0.000      0.000   2094.998   1830.989   2093.515   1822.532 N000251
  1859.695   1816.804  -8.878   1862.819   1840.077  -8.875   0.1954 -0.1957   1865.685   1831.436   1865.490   1831.632   1862.621   1840.288 N000252
     0.000      0.000   0.000      0.000      0.000   0.000   0.0000  0.0000      0.000      0.000   1280.970   1837.132   1269.820   1890.819 N000253
     0.000      0.000   0.000      0.000      0.000   0.000   0.0000  0.0000      0.000      0.000   1984.077   1836.799   1982.020   1836.572 N000254
     0.000      0.000   0.000      0.000      0.000   0.000   0.0000  0.0000      0.000      0.000   1198.968   1838.132   1186.070   1898.327 N000255
     0.000      0.000   0.000      0.000      0.000   0.000   0.0000  0.0000      0.000      0.000   2359.506   1838.041   2358.409   1810.279 N000256
  2768.552   1823.678  -9.072   2771.749   1780.901  -9.069   0.0522  0.1777   2774.572   1838.309   2774.520   1838.132   2771.697   1780.728 N000257
     0.000      0.000   0.000      0.000      0.000   0.000   0.0000  0.0000      0.000      0.000   2279.004   1840.132   2277.920   1818.201 N000258
  1870.770   1825.993  -9.645   1873.939   1848.450  -9.643  -0.1589 -0.0073   1876.760   1840.625   1876.919   1840.632   1874.099   1848.445 N000259
  2808.417   1832.617 -10.513   2811.317   1786.996 -10.511  -0.0835  0.1165   2814.438   1847.248   2814.521   1847.132   2811.400   1786.874 N000260
  2151.687   1833.806 -11.383   2156.376   1835.368 -11.381   0.1872 -0.1935   2157.687   1848.438   2157.499   1848.632   2156.187   1835.575 N000261
     0.000      0.000   0.000      0.000      0.000   0.000   0.0000  0.0000      0.000      0.000   1158.049   1851.716   1144.092   1915.289 N000262
  1466.339   1838.339  -9.898   1464.552   1891.777  -9.895   0.3393  0.2761   1472.316   1852.971   1471.976   1852.695   1464.209   1891.526 N000263
  3810.250   1846.911 -11.083   3797.906   1733.060 -11.080   0.0592 -0.0893   3816.304   1861.542   3816.245   1861.632   3797.849   1733.152 N000264
     0.000      0.000   0.000      0.000      0.000   0.000   0.0000  0.0000      0.000      0.000   1500.477   1862.632   1493.094   1899.306 N000265
  2993.101   1848.731 -11.043   2994.304   1790.111 -11.041   0.1007  0.1118   2999.128   1863.363   2999.027   1863.251   2994.204   1790.007 N000266
  1041.116   1852.384 -10.498   1030.256   1939.656 -10.495   0.1157 -0.1162   1047.078   1867.016   1046.962   1867.133   1030.136   1939.783 N000267
  1016.392   1855.444 -10.947   1004.848   1944.750 -10.945  -0.1080 -0.0558   1022.353   1870.077   1022.461   1870.133   1004.958   1944.798 N000268
  2242.427   1862.645 -11.201   2247.239   1857.557 -11.199  -0.0725  0.1453   2248.429   1877.278   2248.502   1877.133   2247.312   1857.406 N000269
     0.000      0.000   0.000      0.000      0.000   0.000   0.0000  0.0000      0.000      0.000   1767.486   1879.094   1763.469   1895.305 N000270
   272.557   1873.370 -10.043    234.337   2025.363 -10.041   0.0566 -0.1297    278.492   1888.004    278.436   1888.133    234.276   2025.500 N000271
  2148.678   1873.079 -14.242   2153.243   1874.883 -14.239   0.1784  0.0576   2154.677   1887.712   2154.498   1887.655   2153.064   1874.839 N000272
  1208.776   1876.786  -9.782   1201.682   1950.808  -9.779  -0.1884 -0.0711   1214.743   1891.419   1214.931   1891.490   1201.874   1950.865 N000273
     0.000      0.000   0.000      0.000      0.000   0.000   0.0000  0.0000      0.000      0.000   2286.503   1893.633   2285.318   1871.130 N000274
  2585.683   1882.624 -13.220   2589.930   1852.682 -13.217   0.1828  0.1242   2591.696   1897.257   2591.513   1897.133   2589.748   1852.571 N000275
     0.000      0.000   0.000      0.000      0.000   0.000   0.0000  0.0000      0.000      0.000   1637.431   1901.683   1631.770   1927.965 N000276
  1370.714   1888.115 -10.070   1366.837   1949.374 -10.067   0.1784  0.1150   1376.686   1902.748   1376.508   1902.633   1366.656   1949.272 N000277
  2720.474   1890.622  -9.531   2724.030   1851.031  -9.529   0.0052  0.1225   2726.491   1905.255   2726.486   1905.133   2724.025   1850.909 N000278
     0.000      0.000   0.000      0.000      0.000   0.000   0.0000  0.0000      0.000      0.000   1077.462   1911.134   1060.938   1981.766 N000279
   953.255   1899.418  -9.631    939.479   1994.354  -9.629  -0.1732 -0.0824    959.213   1914.051    959.387   1914.134    939.656   1994.423 N000280
  1788.147   1903.181 -10.344   1790.170   1932.144 -10.341   0.1466  0.1814   1794.132   1917.815   1793.986   1917.634   1790.023   1931.973 N000281
     0.000      0.000   0.000      0.000      0.000   0.000   0.0000  0.0000      0.000      0.000   2482.509   1918.633   2481.092   1881.890 N000282
     0.000      0.000   0.000      0.000      0.000   0.000   0.0000  0.0000      0.000      0.000   1739.484   1922.134   1734.923   1940.663 N000283
     0.000      0.000   0.000      0.000      0.000   0.000   0.0000  0.0000      0.000      0.000   1287.369   1931.134   1275.484   1985.077 N000284
     0.000      0.000   0.000      0.000      0.000   0.000   0.0000  0.0000      0.000      0.000    971.458   1940.197    951.759   2019.804 N000285
     0.000      0.000   0.000      0.000      0.000   0.000   0.0000  0.0000      0.000      0.000    494.442   1943.134     -1.000     -1.000 N000286
     0.000      0.000   0.000      0.000      0.000   0.000   0.0000  0.0000      0.000      0.000   2668.014   1949.062   2665.881   1898.925 N000287
     0.000      0.000   0.000      0.000      0.000   0.000   0.0000  0.0000      0.000      0.000   2631.096   1951.634   2629.134   1904.144 N000288
  2719.997   1937.571 -10.182   2723.563   1897.910 -10.179  -0.0031  0.0710   2726.013   1952.205   2726.016   1952.134   2723.566   1897.839 N000289
     0.000      0.000   0.000      0.000      0.000   0.000   0.0000  0.0000      0.000      0.000   2291.251   1958.697   2289.923   1935.883 N000290
  2451.794   1954.357 -11.072   2456.370   1934.017 -11.070  -0.2062 -0.1431   2457.801   1968.991   2458.007   1969.134   2456.576   1934.145 N000291
  2648.117   1955.011 -10.449   2652.054   1920.478 -10.446   0.1168  0.0111   2654.130   1969.646   2654.013   1969.634   2651.937   1920.475 N000292
  3182.587   1956.501 -12.046   3181.831   1884.227 -12.043   0.0869  0.0015   3188.618   1971.136   3188.531   1971.134   3181.745   1884.231 N000293
  1401.809   1961.667 -11.858   1397.880   2021.067 -11.855  -0.1913  0.1673   1407.780   1976.302   1407.972   1976.135   1398.076   2020.883 N000294
     0.000      0.000   0.000      0.000      0.000   0.000   0.0000  0.0000      0.000      0.000   3868.254   1976.134   3849.531   1843.215 N000295
     0.000      0.000   0.000      0.000      0.000   0.000   0.0000  0.0000      0.000      0.000    528.942   1978.135     -1.000     -1.000 N000296
     0.000      0.000   0.000      0.000      0.000   0.000   0.0000  0.0000      0.000      0.000   2109.995   1978.135   2108.071   1968.799 N000297
     0.000      0.000   0.000      0.000      0.000   0.000   0.0000  0.0000      0.000      0.000   1126.462   1980.635     -1.000     -1.000 N000298
     0.000      0.000   0.000      0.000      0.000   0.000   0.0000  0.0000      0.000      0.000   2453.006   1988.135   2451.554   1953.516 N000299
     0.000      0.000   0.000      0.000      0.000   0.000   0.0000  0.0000      0.000      0.000    589.444   1995.135    560.724   2055.817 N000300
  2875.110   1979.775  -8.595   2877.618   1928.995  -8.593   0.3100 -0.0250   2881.130   1994.410   2880.820   1994.435   2877.310   1929.042 N000301
     0.000      0.000   0.000      0.000      0.000   0.000   0.0000  0.0000      0.000      0.000   2556.609   2013.635   2554.881   1971.495 N000302
  2820.414   2004.958  -9.352   2823.356   1958.027  -9.350  -0.0863 -0.0418   2826.432   2019.594   2826.518   2019.635   2823.442   1958.062 N000303
   167.951   2007.875 -13.379    127.123   2120.004 -13.377  -0.0494 -0.1249    173.880   2022.511    173.930   2022.636    127.173   2120.127 N000304
     0.000      0.000   0.000      0.000      0.000   0.000   0.0000  0.0000      0.000      0.000   1398.920   2026.136     -1.000     -1.000 N000305
  2010.367   2014.439 -10.967   2013.672   2026.979 -10.965  -0.1334 -0.0609   2016.357   2029.075   2016.491   2029.136   2013.806   2027.030 N000306
     0.000      0.000   0.000      0.000      0.000   0.000   0.0000  0.0000      0.000      0.000   3159.729   2036.036   3153.474   1950.899 N000307
     0.000      0.000   0.000      0.000      0.000   0.000   0.0000  0.0000      0.000      0.000   2468.006   2044.636   2466.439   2008.978 N000308
  2375.061   2030.849  -9.557   2379.570   2016.208  -9.555   0.0614 -0.1009   2381.064   2045.485   2381.003   2045.586   2379.508   2016.314 N000309
     0.000      0.000   0.000      0.000      0.000   0.000   0.0000  0.0000      0.000      0.000   3061.525   2060.636   3056.429   1982.329 N000310
     0.000      0.000   0.000      0.000      0.000   0.000   0.0000  0.0000      0.000      0.000   2163.495   2062.636     -1.000     -1.000 N000311
     0.000      0.000   0.000      0.000      0.000   0.000   0.0000  0.0000      0.000      0.000   2360.001   2070.699   2358.448   2043.035 N000312
     0.000      0.000   0.000      0.000      0.000   0.000   0.0000  0.0000      0.000      0.000   2563.580   2074.994   2561.754   2032.397 N000313
  3119.626   2072.326 -11.590   3119.911   2004.089 -11.588   0.1263 -0.1743   3125.653   2086.962   3125.527   2087.137   3119.786   2004.272 N000314
     0.000      0.000   0.000      0.000      0.000   0.000   0.0000  0.0000      0.000      0.000   2533.506   2107.637     -1.000     -1.000 N000315
  1732.905   2095.076 -11.722   1736.832   2077.079 -11.719  -0.0946  0.0756   1738.885   2109.713   1738.980   2109.638   1736.928   2076.995 N000316
     0.000      0.000   0.000      0.000      0.000   0.000   0.0000  0.0000      0.000      0.000   1610.587   2115.638   1606.880   2093.114 N000317
  1967.836   2121.533 -11.103   1973.836   2085.522 -11.101  -0.1645  0.0328   1973.823   2136.171   1973.987   2136.138   1974.002   2085.476 N000318
  1368.398   2125.829 -10.525   1366.477   2137.103 -10.523  -0.1018 -0.1710   1374.365   2140.467   1374.467   2140.638   1366.580   2137.268 N000319
   811.431   2130.296 -11.916    794.909   2188.146 -11.914  -0.0686 -0.2045    817.380   2144.934    817.448   2145.139    794.978   2188.348 N000320
  1447.270   2139.031  -9.826   1446.746   2144.043  -9.823   0.1544  0.0311   1453.239   2153.670   1453.085   2153.639   1446.589   2144.024 N000321
     0.000      0.000   0.000      0.000      0.000   0.000   0.0000  0.0000      0.000      0.000   1947.986   2154.076   1947.742   2105.506 N000322
     0.000      0.000   0.000      0.000      0.000   0.000   0.0000  0.0000      0.000      0.000   2329.999   2155.680   2331.472   2078.119 N000323
  1969.475   2154.137  -9.896   1975.374   2118.177  -9.894  -0.0246  0.1369   1975.462   2168.776   1975.486   2168.639   1975.399   2118.037 N000324
  2225.331   2155.934 -11.234   2232.589   2100.475 -11.232  -0.1429 -0.0660   2231.326   2170.573   2231.469   2170.639   2232.732   2100.530 N000325
   509.028   2157.389 -11.713    481.049   2242.042 -11.711   0.0283 -0.1111    514.966   2172.028    514.938   2172.139    481.018   2242.158 N000326
  2086.297   2159.385 -10.335   2092.949   2114.502 -10.333  -0.2034 -0.1154   2092.287   2174.023   2092.490   2174.139   2093.153   2114.603 N000327
  2050.807   2164.485 -12.471   2057.237   2122.343 -12.469  -0.1694 -0.0147   2056.796   2179.124   2056.965   2179.139   2057.408   2122.345 N000328
  2163.635   2166.204 -11.967   2170.652   2115.461 -11.965   0.1347  0.2036   2169.627   2180.843   2169.493   2180.639   2170.517   2115.267 N000329
  1638.299   2175.081 -11.101   1640.588   2165.127 -11.099  -0.2008  0.0809   1644.274   2189.720   1644.475   2189.639   1640.792   2165.030 N000330
     0.000      0.000   0.000      0.000      0.000   0.000   0.0000  0.0000      0.000      0.000   1734.478   2189.639   1731.958   2157.920 N000331
  2448.891   2179.043 -11.397   2456.317   2106.894 -11.395  -0.1091  0.0432   2454.893   2193.682   2455.002   2193.639   2456.426   2106.842 N000332
  2248.184   2181.964  -9.592   2255.460   2124.877  -9.590   0.1840 -0.0360   2254.179   2196.603   2253.995   2196.639   2255.276   2124.927 N000333
  1763.277   2185.256 -11.309   1767.083   2165.525 -11.307  -0.1969  0.2297   1769.256   2199.896   1769.453   2199.666   1767.284   2165.278 N000334
     0.000      0.000   0.000      0.000      0.000   0.000   0.0000  0.0000      0.000      0.000   2508.503   2205.639   2509.843   2114.892 N000335
     0.000      0.000   0.000      0.000      0.000   0.000   0.0000  0.0000      0.000      0.000   1454.968   2206.640   1448.109   2197.405 N000336
  1329.970   2198.142 -10.382   1326.669   2213.343 -10.380  -0.0304 -0.4250   1335.934   2212.781   1335.964   2213.206   1326.696   2213.770 N000337
     0.000      0.000   0.000      0.000      0.000   0.000   0.0000  0.0000      0.000      0.000   1183.959   2215.140   1171.211   2228.310 N000338
     0.000      0.000   0.000      0.000      0.000   0.000   0.0000  0.0000      0.000      0.000   3159.025   2215.139   3156.074   2077.166 N000339
     0.000      0.000   0.000      0.000      0.000   0.000   0.0000  0.0000      0.000      0.000   3577.039   2215.139     -1.000     -1.000 N000340
  1108.107   2206.060 -11.760   1099.498   2239.793 -11.757   0.1073  0.0596   1114.064   2220.700   1113.957   2220.640   1099.388   2239.742 N000341
  1236.234   2216.734 -11.132   1230.676   2239.909 -11.130  -0.0041 -0.0990   1242.195   2231.375   1242.199   2231.474   1230.679   2240.009 N000342
  2552.409   2220.837 -11.181   2559.654   2141.091 -11.178  -0.0912 -0.1629   2558.413   2235.477   2558.505   2235.640   2559.745   2141.247 N000343
  1499.225   2236.967  -9.843   1498.889   2238.784  -9.841   0.1365 -0.0327   1505.194   2251.608   1505.057   2251.641   1498.750   2238.828 N000344
     0.000      0.000   0.000      0.000      0.000   0.000   0.0000  0.0000      0.000      0.000   3040.020   2255.679   3038.491   2126.132 N000345
  2149.861   2248.566 -10.044   2156.602   2199.303 -10.041  -0.1390  0.0656   2155.852   2263.206   2155.991   2263.141   2156.742   2199.227 N000346
   437.574   2251.690 -11.499    405.252   2344.512 -11.497   0.0742  0.1896    443.508   2266.331    443.433   2266.141    405.178   2344.325 N000347
     0.000      0.000   0.000      0.000      0.000   0.000   0.0000  0.0000      0.000      0.000   3187.275   2272.641   3184.262   2132.534 N000348
  1379.211   2258.415 -10.437   1376.414   2270.297 -10.435   0.2113 -0.0847   1385.176   2273.056   1384.965   2273.141   1376.198   2270.400 N000349
  1305.799   2261.568 -12.376   1301.407   2279.556 -12.374  -0.2011  0.0683   1311.761   2276.209   1311.962   2276.141   1301.613   2279.470 N000350
  2148.688   2272.370 -10.283   2155.350   2223.345 -10.281   0.1875 -0.1302   2154.677   2287.011   2154.490   2287.141   2155.161   2223.491 N000351
  2591.392   2274.434 -11.102   2598.562   2191.933 -11.100  -0.1077 -0.0657   2597.397   2289.075   2597.505   2289.141   2598.669   2191.991 N000352
     0.000      0.000   0.000      0.000      0.000   0.000   0.0000  0.0000      0.000      0.000   1358.463   2291.665   1348.978   2291.348 N000353
     0.000      0.000   0.000      0.000      0.000   0.000   0.0000  0.0000      0.000      0.000   3236.026   2292.141   3232.534   2148.529 N000354
     0.000      0.000   0.000      0.000      0.000   0.000   0.0000  0.0000      0.000      0.000   2309.453   2293.141   2310.679   2217.666 N000355
     0.000      0.000   0.000      0.000      0.000   0.000   0.0000  0.0000      0.000      0.000   2749.510   2294.141   2750.146   2185.761 N000356
     0.000      0.000   0.000      0.000      0.000   0.000   0.0000  0.0000      0.000      0.000    991.451   2297.142    972.646   2327.788 N000357
     0.000      0.000   0.000      0.000      0.000   0.000   0.0000  0.0000      0.000      0.000    395.709   2302.448    354.824   2385.687 N000358
     0.000      0.000   0.000      0.000      0.000   0.000   0.0000  0.0000      0.000      0.000   1745.476   2302.692   1742.448   2271.112 N000359
     0.000      0.000   0.000      0.000      0.000   0.000   0.0000  0.0000      0.000      0.000   1245.959   2307.213   1233.809   2316.465 N000360
  2658.214   2295.471 -10.997   2665.207   2208.071 -10.994   0.1861 -0.0290   2664.220   2310.113   2664.034   2310.142   2665.022   2208.114 N000361
     0.000      0.000   0.000      0.000      0.000   0.000   0.0000  0.0000      0.000      0.000   1731.975   2315.642   1728.697   2285.267 N000362
  1251.290   2303.975  -9.985   1245.257   2327.088  -9.983  -0.0942 -0.0246   1257.250   2318.617   1257.344   2318.642   1245.353   2327.105 N000363
     0.000      0.000   0.000      0.000      0.000   0.000   0.0000  0.0000      0.000      0.000   1721.975   2318.475   1718.546   2288.928 N000364
  1986.757   2306.608 -10.483   1992.194   2270.377 -10.481   0.0067  0.1083   1992.741   2321.250   1992.734   2321.142   1992.188   2270.268 N000365
     0.000      0.000   0.000      0.000      0.000   0.000   0.0000  0.0000      0.000      0.000   3443.532   2323.142   3437.395   2164.811 N000366
  1397.049   2308.932  -9.398   1394.179   2319.996  -9.396   0.0488 -0.0684   1403.013   2323.574   1402.964   2323.642   1394.129   2320.069 N000367
     0.000      0.000   0.000      0.000      0.000   0.000   0.0000  0.0000      0.000      0.000    570.436   2324.242    536.583   2392.263 N000368
     0.000      0.000   0.000      0.000      0.000   0.000   0.0000  0.0000      0.000      0.000    605.938   2324.285    573.501   2389.140 N000369
     0.000      0.000   0.000      0.000      0.000   0.000   0.0000  0.0000      0.000      0.000    931.448   2324.342    910.492   2360.615 N000370
  2253.327   2312.582 -10.970   2260.330   2255.772 -10.967  -0.1728  0.0821   2259.320   2327.224   2259.493   2327.142   2260.504   2255.676 N000371
     0.000      0.000   0.000      0.000      0.000   0.000   0.0000  0.0000      0.000      0.000   2711.008   2329.142   2711.842   2223.688 N000372
  1669.782   2315.772  -9.964   1671.606   2304.697  -9.962  -0.2636 -0.1368   1675.755   2330.415   1676.019   2330.551   1671.872   2304.814 N000373
  1187.792   2324.704 -10.283   1180.006   2353.460 -10.281  -0.2437  0.2037   1193.749   2339.346   1193.993   2339.143   1180.258   2353.233 N000374
     0.000      0.000   0.000      0.000      0.000   0.000   0.0000  0.0000      0.000      0.000   2434.927   2340.571   2436.238   2255.815 N000375
     0.000      0.000   0.000      0.000      0.000   0.000   0.0000  0.0000      0.000      0.000   2110.987   2342.142   2111.220   2282.237 N000376
     0.000      0.000   0.000      0.000      0.000   0.000   0.0000  0.0000      0.000      0.000   1681.873   2348.643   1677.690   2322.637 N000377
  2144.116   2336.129 -11.573   2150.544   2287.898 -11.571   0.1158  0.1295   2150.104   2350.772   2149.988   2350.643   2150.428   2287.776 N000378
     0.000      0.000   0.000      0.000      0.000   0.000   0.0000  0.0000      0.000      0.000    565.936   2358.112    531.396   2427.243 N000379
  1097.406   2347.339  -9.814   1086.999   2384.126  -9.812  -0.1232 -0.1606   1103.360   2361.982   1103.483   2362.143   1087.124   2384.278 N000380
  1461.752   2349.584  -9.306   1459.815   2355.856  -9.304   0.0434  0.1258   1467.717   2364.227   1467.674   2364.101   1459.772   2355.732 N000381
  1657.272   2364.586 -10.951   1658.575   2355.083 -10.949  -0.1721  0.0865   1663.244   2379.230   1663.416   2379.143   1658.750   2354.982 N000382
  2445.114   2366.793  -9.174   2452.381   2295.673  -9.172   0.1144 -0.0193   2451.112   2381.436   2450.998   2381.456   2452.266   2295.701 N000383
  2506.506   2367.102 -10.240   2513.773   2291.336 -10.238   0.0059  0.1021   2512.506   2381.745   2512.500   2381.643   2513.767   2291.234 N000384
  2015.944   2372.599 -11.755   2021.339   2334.654 -11.753  -0.0557  0.0994   2021.928   2387.243   2021.983   2387.143   2021.395   2334.549 N000385
     0.000      0.000   0.000      0.000      0.000   0.000   0.0000  0.0000      0.000      0.000   1273.408   2388.593   1261.104   2396.758 N000386
     0.000      0.000   0.000      0.000      0.000   0.000   0.0000  0.0000      0.000      0.000   2686.506   2388.643   2687.473   2285.215 N000387
   346.786   2387.077 -10.019    308.260   2491.154 -10.017  -0.2142  0.0774    352.713   2401.721    352.928   2401.644    308.485   2491.055 N000388
     0.000      0.000   0.000      0.000      0.000   0.000   0.0000  0.0000      0.000      0.000   2078.298   2401.644   2078.086   2344.770 N000389
  1688.180   2392.516 -10.405   1689.738   2380.853 -10.403   0.1805  0.0161   1694.153   2407.160   1693.972   2407.144   1689.555   2380.851 N000390
     0.000      0.000   0.000      0.000      0.000   0.000   0.0000  0.0000      0.000      0.000   1185.985   2408.085   1171.316   2423.958 N000391
     0.000      0.000   0.000      0.000      0.000   0.000   0.0000  0.0000      0.000      0.000    677.438   2409.144    646.527   2469.389 N000392
   386.776   2407.849 -10.605    349.727   2508.771 -10.603  -0.1610 -0.1513    392.705   2422.493    392.866   2422.644    349.893   2508.911 N000393
     0.000      0.000   0.000      0.000      0.000   0.000   0.0000  0.0000      0.000      0.000   1641.470   2433.144   1636.061   2411.449 N000394
     0.000      0.000   0.000      0.000      0.000   0.000   0.0000  0.0000      0.000      0.000   2768.507   2441.144   2769.228   2331.823 N000395
  1724.456   2429.608 -11.325   1726.280   2415.474 -11.323  -0.0438  0.1083   1730.429   2444.253   1730.473   2444.145   1726.325   2415.361 N000396
     0.000      0.000   0.000      0.000      0.000   0.000   0.0000  0.0000      0.000      0.000   1608.406   2447.645   1602.346   2428.849 N000397
     0.000      0.000   0.000      0.000      0.000   0.000   0.0000  0.0000      0.000      0.000   1678.000   2449.145   1673.042   2424.685 N000398
     0.000      0.000   0.000      0.000      0.000   0.000   0.0000  0.0000      0.000      0.000   1317.959   2449.645   1306.081   2455.032 N000399
     0.000      0.000   0.000      0.000      0.000   0.000   0.0000  0.0000      0.000      0.000   2482.907   2455.054   2484.101   2367.331 N000400
     0.000      0.000   0.000      0.000      0.000   0.000   0.0000  0.0000      0.000      0.000   1983.981   2458.145   1982.725   2409.239 N000401
  2961.092   2447.513 -12.559   2966.786   2338.167 -12.557   0.0923  0.0131   2967.106   2462.158   2967.013   2462.145   2966.694   2338.161 N000402
     0.000      0.000   0.000      0.000      0.000   0.000   0.0000  0.0000      0.000      0.000   3888.544   2467.200   3875.711   2277.588 N000403
  2506.418   2455.298 -11.072   2513.601   2380.074 -11.069  -0.0818 -0.1744   2512.416   2469.943   2512.498   2470.117   2513.683   2380.243 N000404
   462.611   2457.278 -11.014    428.108   2552.474 -11.012   0.1113 -0.2224    468.541   2471.923    468.430   2472.146    427.988   2552.712 N000405
     0.000      0.000   0.000      0.000      0.000   0.000   0.0000  0.0000      0.000      0.000   1644.969   2473.804   1639.300   2452.379 N000406
  1392.989   2475.202  -9.926   1388.482   2489.081  -9.924  -0.0108  0.2020   1398.950   2489.848   1398.961   2489.646   1388.495   2488.875 N000407
     0.000      0.000   0.000      0.000      0.000   0.000   0.0000  0.0000      0.000      0.000   2282.190   2492.246   2282.823   2420.268 N000408
  1824.581   2490.520  -9.863   1827.333   2469.078  -9.861   0.0812  0.0202   1830.556   2505.166   1830.475   2505.146   1827.251   2469.064 N000409
     0.000      0.000   0.000      0.000      0.000   0.000   0.0000  0.0000      0.000      0.000   2504.297   2505.046   2505.434   2416.052 N000410
  2378.313   2491.918  -9.421   2385.244   2426.799  -9.419  -0.1593 -0.0822   2384.306   2506.563   2384.465   2506.646   2385.403   2426.870 N000411
  1743.782   2492.333 -11.131   1745.432   2477.462 -11.129  -0.2176 -0.1674   1749.754   2506.979   1749.972   2507.146   1745.652   2477.614 N000412
     0.000      0.000   0.000      0.000      0.000   0.000   0.0000  0.0000      0.000      0.000    710.937   2510.646    679.797   2570.139 N000413
     0.000      0.000   0.000      0.000      0.000   0.000   0.0000  0.0000      0.000      0.000   2269.989   2512.146   2270.505   2441.301 N000414
  2120.881   2501.062  -9.279   2126.521   2456.122  -9.277  -0.0800  0.1001   2126.866   2515.708   2126.946   2515.607   2126.602   2456.015 N000415
     0.000      0.000   0.000      0.000      0.000   0.000   0.0000  0.0000      0.000      0.000   3021.514   2517.146   3020.937   2389.341 N000416
  1317.262   2505.203 -10.496   1310.738   2525.987 -10.494  -0.1794  0.2031   1323.219   2519.849   1323.399   2519.646   1310.924   2525.765 N000417
     0.000      0.000   0.000      0.000      0.000   0.000   0.0000  0.0000      0.000      0.000   4088.549   2528.646   4072.072   2325.210 N000418
  2289.247   2514.215  -9.135   2295.805   2456.207  -9.132   0.1566  0.1238   2295.237   2528.861   2295.080   2528.737   2295.648   2456.094 N000419
     0.000      0.000   0.000      0.000      0.000   0.000   0.0000  0.0000      0.000      0.000   2662.002   2531.146   2663.049   2430.343 N000420
  1998.628   2516.797 -10.477   2003.170   2481.723 -10.474   0.1279 -0.2369   2004.608   2531.443   2004.480   2531.680   2003.040   2481.973 N000421
     0.000      0.000   0.000      0.000      0.000   0.000   0.0000  0.0000      0.000      0.000   2273.489   2542.146   2273.921   2471.321 N000422
  2220.429   2527.939  -9.768   2226.600   2475.452  -9.766  -0.0708 -0.0608   2226.416   2542.586   2226.487   2542.647   2226.671   2475.508 N000423
  2180.792   2528.823  -8.859   2186.720   2479.461  -8.856  -0.1522 -0.1211   2186.778   2543.470   2186.930   2543.591   2186.873   2479.572 N000424
  2573.200   2533.923  -8.731   2580.307   2454.193  -8.729   0.0333 -0.0774   2579.199   2548.569   2579.165   2548.647   2580.273   2454.274 N000425
  2793.451   2533.815 -11.044   2800.144   2437.385 -11.041  -0.0490 -0.1848   2799.457   2548.462   2799.506   2548.646   2800.193   2437.567 N000426
  3088.704   2537.321 -11.695   3093.668   2418.903 -11.693   0.2040 -0.1789   3094.720   2551.968   3094.516   2552.146   3093.467   2419.098 N000427
   473.202   2547.861  -9.573    437.629   2644.391  -9.571   0.1631 -0.1386    479.130   2562.509    478.967   2562.647    437.456   2644.548 N000428
     0.000      0.000   0.000      0.000      0.000   0.000   0.0000  0.0000      0.000      0.000    798.439   2582.748    769.480   2636.048 N000429
  1399.584   2568.812 -11.577   1394.279   2583.763 -11.574   0.0837 -0.1876   1405.542   2583.460   1405.459   2583.648   1394.192   2583.961 N000430
   802.200   2569.587  -9.823    779.510   2636.699  -9.821   0.1998  0.0871    808.139   2584.235    807.939   2584.148    779.304   2636.628 N000431
     0.000      0.000   0.000      0.000      0.000   0.000   0.0000  0.0000      0.000      0.000   1492.412   2586.148   1482.959   2579.167 N000432
  2637.178   2573.969 -12.987   2644.220   2489.679 -12.984   0.1780 -0.0309   2643.178   2588.616   2643.000   2588.647   2644.042   2489.724 N000433
  1166.323   2576.545 -10.129   1155.128   2611.646 -10.127  -0.1503  0.0451   1172.274   2591.193   1172.425   2591.148   1155.283   2611.587 N000434
  2097.192   2582.945 -10.576   2102.263   2540.831 -10.574   0.1916 -0.0552   2103.173   2597.593   2102.982   2597.648   2102.070   2540.902 N000435
     0.000      0.000   0.000      0.000      0.000   0.000   0.0000  0.0000      0.000      0.000   2326.989   2598.148   2327.480   2523.723 N000436
   944.272   2589.314 -10.721    926.199   2644.192 -10.719  -0.2275 -0.1865    950.216   2603.962    950.443   2604.148    926.431   2644.362 N000437
  1718.742   2590.838 -11.036   1719.255   2579.484 -11.034   0.1370 -0.1624   1724.711   2605.486   1724.574   2605.648   1719.115   2579.660 N000438
     0.000      0.000   0.000      0.000      0.000   0.000   0.0000  0.0000      0.000      0.000   2510.495   2610.648   2511.475   2522.095 N000439
     0.000      0.000   0.000      0.000      0.000   0.000   0.0000  0.0000      0.000      0.000   1269.954   2612.648   1255.149   2625.088 N000440
     0.000      0.000   0.000      0.000      0.000   0.000   0.0000  0.0000      0.000      0.000   2165.584   2614.048   2165.078   2552.528 N000441
  1702.060   2606.169 -10.451   1702.180   2596.442 -10.449   0.0605  0.1689   1708.029   2620.817   1707.968   2620.648   1702.120   2596.275 N000442
  1108.370   2608.313 -10.202   1095.131   2649.137 -10.200  -0.1303 -0.1338   1114.318   2622.962   1114.448   2623.096   1095.263   2649.262 N000443
     0.000      0.000   0.000      0.000      0.000   0.000   0.0000  0.0000      0.000      0.000   2860.451   2634.648   2860.966   2519.550 N000444
     0.000      0.000   0.000      0.000      0.000   0.000   0.0000  0.0000      0.000      0.000    678.133   2636.149    643.763   2701.675 N000445
     0.000      0.000   0.000      0.000      0.000   0.000   0.0000  0.0000      0.000      0.000   2577.597   2636.048   2578.602   2542.566 N000446
  1419.998   2627.628 -12.294   1414.528   2641.948 -12.291  -0.0023  0.1280   1425.956   2642.277   1425.958   2642.149   1414.532   2641.817 N000447
  2569.442   2628.697  -9.321   2576.433   2550.101  -9.319  -0.0578  0.1974   2575.439   2643.346   2575.497   2643.149   2576.491   2549.897 N000448
   273.837   2638.517 -10.113    227.205   2756.260 -10.111  -0.1633  0.0174    279.757   2653.167    279.920   2653.149    227.377   2756.227 N000449
  1262.821   2645.519 -11.710   1253.384   2673.683 -11.708  -0.1788  0.0195   1268.774   2660.169   1268.953   2660.149   1253.568   2673.648 N000450
    92.148   2649.586 -10.048     35.731   2785.092 -10.046   0.1481  0.0860     98.062   2664.236     97.914   2664.150     35.577   2785.018 N000451
  3528.499   2658.232 -10.458   3529.117   2508.228 -10.456  -0.0013  0.0655   3534.527   2672.881   3534.528   2672.816   3529.118   2508.162 N000452
  2958.289   2660.842 -10.168   2964.382   2552.857 -10.165  -0.1831 -0.1300   2964.298   2675.491   2964.481   2675.621   2964.565   2552.974 N000453
  3750.599   2659.739 -10.046   3747.827   2493.928 -10.044   1.1327 -0.8281   3756.635   2674.387   3755.502   2675.216   3746.719   2494.838 N000454
  2453.835   2663.094 -11.104   2460.563   2593.835 -11.102  -0.1431  0.0944   2459.827   2677.744   2459.970   2677.649   2460.707   2593.728 N000455
     0.000      0.000   0.000      0.000      0.000   0.000   0.0000  0.0000      0.000      0.000   2245.585   2678.649   2245.346   2611.603 N000456
  1359.588   2664.534  -9.564   1352.333   2684.749  -9.562   0.0884  0.0342   1365.544   2679.184   1365.455   2679.150   1352.243   2684.722 N000457
  2759.015   2670.192  -8.994   2765.840   2577.417  -8.991   0.0151  0.1920   2765.017   2684.841   2765.002   2684.649   2765.825   2577.224 N000458
     0.000      0.000   0.000      0.000      0.000   0.000   0.0000  0.0000      0.000      0.000   3622.437   2684.243   3615.828   2513.333 N000459
  1419.169   2684.379  -8.837   1413.076   2699.893  -8.835   0.3357 -0.0379   1425.126   2699.029   1424.790   2699.067   1412.732   2699.960 N000460
  2685.567   2684.506 -13.443   2692.491   2597.510 -13.440   0.0674  0.0063   2691.567   2699.156   2691.499   2699.150   2692.424   2597.509 N000461
     0.000      0.000   0.000      0.000      0.000   0.000   0.0000  0.0000      0.000      0.000   3187.516   2701.049   3186.116   2561.892 N000462
     0.000      0.000   0.000      0.000      0.000   0.000   0.0000  0.0000      0.000      0.000   2944.508   2702.550   2944.721   2581.619 N000463
     0.000      0.000   0.000      0.000      0.000   0.000   0.0000  0.0000      0.000      0.000   1586.429   2708.150   1577.656   2695.495 N000464
  1944.843   2699.827 -11.375   1947.681   2671.689 -11.373  -0.1573 -0.1726   1950.817   2714.478   1950.974   2714.650   1947.839   2671.852 N000465
     0.000      0.000   0.000      0.000      0.000   0.000   0.0000  0.0000      0.000      0.000   3015.009   2730.650   3014.900   2604.621 N000466
     0.000      0.000   0.000      0.000      0.000   0.000   0.0000  0.0000      0.000      0.000    308.419   2732.151    255.734   2834.956 N000467
  2035.973   2723.339 -11.361   2039.687   2688.156 -11.358  -0.0267 -0.1611   2041.950   2737.990   2041.977   2738.151   2039.713   2688.317 N000468
     0.000      0.000   0.000      0.000      0.000   0.000   0.0000  0.0000      0.000      0.000   2767.188   2744.588   2767.991   2637.574 N000469
   483.751   2730.658 -10.685    445.380   2831.345 -10.683   0.0967  0.1583    489.675   2745.310    489.579   2745.151    445.282   2831.191 N000470
  1773.071   2734.224  -9.811   1773.256   2720.857  -9.808   0.0707  0.1354   1779.038   2748.875   1778.968   2748.739   1773.185   2720.725 N000471
     0.000      0.000   0.000      0.000      0.000   0.000   0.0000  0.0000      0.000      0.000    944.840   2765.601    918.292   2810.247 N000472
     0.000      0.000   0.000      0.000      0.000   0.000   0.0000  0.0000      0.000      0.000   1739.466   2766.151   1732.898   2741.762 N000473
     0.000      0.000   0.000      0.000      0.000   0.000   0.0000  0.0000      0.000      0.000   1628.962   2766.651   1620.428   2751.557 N000474
     0.000      0.000   0.000      0.000      0.000   0.000   0.0000  0.0000      0.000      0.000   2489.991   2779.151   2490.556   2694.125 N000475
  2038.603   2768.832  -8.878   2042.060   2734.188  -8.876   0.1028 -0.1684   2044.579   2783.483   2044.476   2783.652   2041.955   2734.368 N000476
     0.000      0.000   0.000      0.000      0.000   0.000   0.0000  0.0000      0.000      0.000    813.435   2783.866    781.901   2840.943 N000477
     0.000      0.000   0.000      0.000      0.000   0.000   0.0000  0.0000      0.000      0.000   1169.304   2791.009   1149.510   2816.221 N000478
  3340.767   2779.761 -11.322   3344.182   2644.081 -11.319  -0.0227  0.1027   3346.786   2794.412   3346.809   2794.309   3344.204   2643.976 N000479
  2465.784   2784.425  -8.856   2472.227   2715.752  -8.853   0.0341 -0.0747   2471.774   2799.077   2471.740   2799.152   2472.193   2715.831 N000480
  2231.662   2792.596  -9.944   2236.767   2742.702  -9.941   0.1620  0.0960   2237.644   2807.248   2237.482   2807.152   2236.604   2742.618 N000481
  1085.725   2793.129  -9.272   1069.294   2840.325  -9.270   0.1477  0.1286   1091.668   2807.781   1091.521   2807.652   1069.143   2840.206 N000482
  2761.298   2793.090  -8.957   2768.063   2701.402  -8.954  -0.2021  0.0895   2767.297   2807.741   2767.499   2807.652   2768.265   2701.295 N000483
  2000.946   2795.878  -9.363   2003.801   2764.789  -9.361  -0.0537 -0.1222   2006.920   2810.530   2006.974   2810.652   2003.855   2764.909 N000484
  1779.009   2796.859 -11.922   1778.758   2784.194 -11.920   0.0087 -0.1408   1784.975   2811.511   1784.967   2811.652   1778.748   2784.338 N000485
  1917.359   2801.205 -10.298   1919.117   2777.107 -10.295  -0.1407  0.2051   1923.330   2815.857   1923.471   2815.652   1919.261   2776.887 N000486
  3779.211   2803.197 -12.436   3776.937   2635.883 -12.434   0.2114  0.1965   3785.245   2817.848   3785.033   2817.652   3776.728   2635.700 N000487
     0.000      0.000   0.000      0.000      0.000   0.000   0.0000  0.0000      0.000      0.000   2462.289   2818.152   2462.651   2735.841 N000488
  2687.614   2812.839  -9.874   2694.397   2727.117  -9.872   0.1135 -0.1606   2693.610   2827.492   2693.497   2827.652   2694.284   2727.289 N000489
  2577.327   2817.003  -9.001   2583.988   2739.970  -8.999  -0.2350  0.0033   2583.320   2831.656   2583.555   2831.652   2584.223   2739.948 N000490
     0.000      0.000   0.000      0.000      0.000   0.000   0.0000  0.0000      0.000      0.000   2318.019   2843.724   2317.544   2773.294 N000491
  1950.211   2833.283  -9.339   1952.166   2807.068  -9.337   0.1689 -0.1334   1956.182   2847.936   1956.013   2848.070   1951.994   2807.218 N000492
     0.000      0.000   0.000      0.000      0.000   0.000   0.0000  0.0000      0.000      0.000   2108.143   2855.653   2105.843   2802.423 N000493
  2464.581   2842.699  -9.937   2470.845   2774.945  -9.934   0.0808  0.1993   2470.569   2857.352   2470.489   2857.153   2470.765   2774.750 N000494
     0.000      0.000   0.000      0.000      0.000   0.000   0.0000  0.0000      0.000      0.000   1094.943   2859.063   1071.938   2892.652 N000495
     0.000      0.000   0.000      0.000      0.000   0.000   0.0000  0.0000      0.000      0.000    747.931   2863.368    712.527   2928.778 N000496
  2503.952   2851.234 -13.102   2510.333   2780.475 -13.099  -0.0478  0.1686   2509.942   2865.887   2509.990   2865.718   2510.381   2780.300 N000497
     0.000      0.000   0.000      0.000      0.000   0.000   0.0000  0.0000      0.000      0.000    761.931   2879.654    726.791   2944.253 N000498
     0.000      0.000   0.000      0.000      0.000   0.000   0.0000  0.0000      0.000      0.000   1258.948   2886.654   1240.447   2906.319 N000499
  1217.201   2878.788 -11.282   1203.535   2916.467 -11.279   0.1765 -0.2115   1223.148   2893.443   1222.971   2893.654   1203.351   2916.700 N000500
  1954.546   2883.877  -8.855   1956.170   2858.283  -8.853   0.0458 -0.1233   1960.516   2898.531   1960.471   2898.654   1956.123   2858.413 N000501
  1918.801   2889.718 -11.498   1919.889   2867.221 -11.496  -0.1986  0.2179   1924.771   2904.372   1924.969   2904.154   1920.092   2866.982 N000502
     0.000      0.000   0.000      0.000      0.000   0.000   0.0000  0.0000      0.000      0.000   1771.464   2908.154   1764.160   2883.959 N000503
   519.861   2893.839 -11.100    480.030   2996.252 -11.098  -0.1395 -0.1610    525.783   2908.494    525.923   2908.655    480.173   2996.405 N000504
  1543.349   2897.553  -9.194   1537.683   2907.078  -9.191  -0.1056  0.0528   1549.306   2912.207   1549.411   2912.154   1537.791   2907.014 N000505
     0.000      0.000   0.000      0.000      0.000   0.000   0.0000  0.0000      0.000      0.000   2493.432   2922.099   2493.595   2838.851 N000506
  1044.360   2910.919 -10.571   1024.866   2965.029 -10.569  -0.1400 -0.0814   1050.300   2925.573   1050.440   2925.655   1025.009   2965.100 N000507
  1142.290   2912.289 -11.521   1125.917   2957.578 -11.519  -0.2100 -0.2108   1148.233   2926.944   1148.443   2927.155   1126.130   2957.776 N000508
     0.000      0.000   0.000      0.000      0.000   0.000   0.0000  0.0000      0.000      0.000   2048.973   2939.155   2045.460   2892.368 N000509
  2538.752   2927.041  -9.437   2545.040   2854.655  -9.435   0.0982  0.0791   2544.741   2941.695   2544.643   2941.616   2544.942   2854.582 N000510
  2792.214   2931.238 -10.348   2798.842   2838.887 -10.346   0.2136  0.0271   2798.211   2945.892   2797.998   2945.865   2798.629   2838.876 N000511
   719.732   2933.910 -10.366    687.834   3018.702 -10.364   0.1568 -0.0905    725.660   2948.565    725.503   2948.655    687.669   3018.810 N000512
     0.000      0.000   0.000      0.000      0.000   0.000   0.0000  0.0000      0.000      0.000   1646.959   2955.155   1636.898   2942.627 N000513
  1407.307   2948.139 -10.352   1397.879   2970.771 -10.350  -0.1933  0.1391   1413.258   2962.795   1413.451   2962.656   1398.079   2970.611 N000514
     0.000      0.000   0.000      0.000      0.000   0.000   0.0000  0.0000      0.000      0.000   1833.298   2962.905   1826.526   2934.678 N000515
     0.000      0.000   0.000      0.000      0.000   0.000   0.0000  0.0000      0.000      0.000   2159.476   2963.155   2157.047   2907.712 N000516
  2315.752   2949.839 -11.120   2320.735   2895.803 -11.118   0.2040 -0.1607   2321.733   2964.495   2321.529   2964.655   2320.529   2895.983 N000517
  1658.344   2954.725  -9.958   1654.440   2955.698  -9.955  -0.1559  0.1969   1664.303   2969.380   1664.459   2969.183   1654.601   2955.483 N000518
  2884.608   2958.035 -10.794   2891.103   2858.839 -10.792   0.1075  0.0346   2890.608   2972.690   2890.500   2972.655   2890.996   2858.812 N000519
     0.000      0.000   0.000      0.000      0.000   0.000   0.0000  0.0000      0.000      0.000   1734.461   3003.156   1725.593   2984.259 N000520
  3795.512   2992.041  -8.658   3794.163   2824.873  -8.656   0.0120  0.0415   3801.542   3006.697   3801.530   3006.656   3794.151   2824.832 N000521
     0.000      0.000   0.000      0.000      0.000   0.000   0.0000  0.0000      0.000      0.000   2435.483   3044.469   2434.904   2967.977 N000522
  1490.599   3031.098 -10.228   1482.191   3048.571 -10.226   0.0994  0.0698   1496.552   3045.755   1496.452   3045.685   1482.090   3048.508 N000523
   770.986   3032.525 -12.339    739.370   3115.733 -12.336  -0.0139  0.0249    776.914   3047.182    776.928   3047.157    739.385   3115.706 N000524
   607.063   3036.037 -10.466    568.390   3134.970 -10.464   0.0634  0.0375    612.986   3050.695    612.923   3050.658    568.325   3134.937 N000525
     0.000      0.000   0.000      0.000      0.000   0.000   0.0000  0.0000      0.000      0.000   3834.530   3054.657   3826.945   2870.892 N000526
  2170.577   3050.424 -11.707   2173.653   3010.291 -11.705   0.0769 -0.0759   2176.551   3065.082   2176.474   3065.157   2173.575   3010.375 N000527
  3529.376   3055.741 -10.626   3531.800   2908.702 -10.623  -0.1241  0.1458   3535.396   3070.398   3535.520   3070.252   3531.922   2908.545 N000528
  3439.600   3072.641  -9.523   3443.013   2932.498  -9.521   0.0995  0.1405   3445.616   3087.298   3445.516   3087.158   3442.914   2932.363 N000529
   248.731   3078.199  -9.313    191.313   3213.849  -9.311  -0.0194  0.0917    254.640   3092.857    254.660   3092.766    191.336   3213.752 N000530
  1858.314   3083.857 -11.064   1856.784   3070.821 -11.061  -0.1863 -0.1097   1864.277   3098.515   1864.463   3098.625   1856.972   3070.917 N000531
  3333.205   3092.277  -8.647   3337.609   2960.393  -8.645  -0.0948 -0.1231   3339.218   3106.935   3339.312   3107.058   3337.703   2960.511 N000532
  1746.050   3109.811 -10.548   1742.232   3107.086 -10.546   0.0499 -0.1893   1752.009   3124.469   1751.959   3124.659   1742.179   3107.284 N000533
  1922.534   3114.425 -11.260   1921.781   3096.661 -11.257   0.0623 -0.0749   1928.499   3129.084   1928.437   3129.159   1921.717   3096.744 N000534
  1963.777   3115.279 -10.666   1963.656   3094.021 -10.663  -0.2229 -0.1918   1969.743   3129.938   1969.966   3130.130   1963.881   3094.199 N000535
  1848.734   3116.435  -9.694   1846.731   3105.035  -9.692   0.1285 -0.0649   1854.696   3131.094   1854.567   3131.159   1846.599   3105.113 N000536
  1543.867   3119.872  -9.310   1535.640   3135.080  -9.308  -0.1333 -0.1278   1549.819   3134.531   1549.952   3134.659   1535.775   3135.200 N000537
  2342.655   3121.164  -9.002   2347.006   3068.253  -9.000   0.1551  0.1184   2348.634   3135.823   2348.479   3135.704   2346.850   3068.145 N000538
  2460.787   3132.649  -8.877   2465.965   3070.249  -8.875   0.0372  0.1488   2466.770   3147.308   2466.732   3147.159   2465.928   3070.100 N000539
  1853.947   3142.991 -11.590   1851.781   3131.825 -11.587  -0.0530 -0.0093   1859.909   3157.650   1859.962   3157.659   1851.835   3131.830 N000540
     0.000      0.000   0.000      0.000      0.000   0.000   0.0000  0.0000      0.000      0.000   2272.154   3163.660   2269.657   3103.049 N000541
   443.469   3167.966 -11.027    394.219   3287.831 -11.025  -0.0313 -0.0344    449.383   3182.626    449.414   3182.660    394.251   3287.864 N000542
   918.526   3179.074 -10.949    890.065   3253.406 -10.947   0.0260  0.0744    924.456   3193.735    924.430   3193.661    890.039   3253.332 N000543
  2339.140   3205.973 -10.602   2342.989   3155.220 -10.600   0.1397 -0.0274   2345.116   3220.633   2344.977   3220.661   2342.848   3155.260 N000544
  2133.634   3213.255  -9.579   2135.130   3179.979  -9.576   0.1343  0.0054   2139.604   3227.916   2139.470   3227.911   2134.994   3179.985 N000545
   538.951   3246.229 -11.106    492.685   3359.807 -11.104  -0.0487  0.2064    544.867   3260.891    544.916   3260.685    492.741   3359.587 N000546
     0.000      0.000   0.000      0.000      0.000   0.000   0.0000  0.0000      0.000      0.000    881.399   3267.662    843.952   3334.117 N000547
  1867.096   3269.831  -8.943   1863.905   3260.976  -8.940   0.0960 -0.1692   1873.056   3284.493   1872.960   3284.662   1863.806   3261.158 N000548
   784.892   3276.209 -10.337    749.175   3366.921 -10.334  -0.1078  0.2085    790.816   3290.871    790.923   3290.663    749.292   3366.694 N000549
     0.000      0.000   0.000      0.000      0.000   0.000   0.0000  0.0000      0.000      0.000   2258.471   3360.164   2254.511   3305.513 N000550
  2506.922   3346.806 -14.262   2511.390   3285.399 -14.260  -0.0306 -0.0032   2512.901   3361.470   2512.932   3361.473   2511.421   3285.400 N000551
     0.000      0.000   0.000      0.000      0.000   0.000   0.0000  0.0000      0.000      0.000   2425.476   3369.164   2423.210   3300.602 N000552
  1373.452   3356.561 -10.425   1357.454   3394.608 -10.422  -0.0478  0.0612   1379.394   3371.225   1379.441   3371.164   1357.504   3394.540 N000553
     0.000      0.000   0.000      0.000      0.000   0.000   0.0000  0.0000      0.000      0.000   2452.532   3424.665   2450.180   3355.265 N000554
     0.000      0.000   0.000      0.000      0.000   0.000   0.0000  0.0000      0.000      0.000   1473.443   3425.165   1453.381   3441.805 N000555
     0.000      0.000   0.000      0.000      0.000   0.000   0.0000  0.0000      0.000      0.000   2335.972   3441.165   2332.336   3382.107 N000556
     0.000      0.000   0.000      0.000      0.000   0.000   0.0000  0.0000      0.000      0.000   2855.989   3454.665   2855.760   3352.584 N000557
  2333.640   3448.606  -8.784   2335.862   3404.521  -8.782   0.2824  0.1062   2339.611   3463.272   2339.329   3463.166   2335.577   3404.436 N000558
  3227.561   3470.988  -9.575   3233.083   3353.997  -9.572   0.0612 -0.0124   3233.562   3485.654   3233.501   3485.666   3233.022   3354.015 N000559
  1980.591   3481.442  -9.532   1977.317   3469.021  -9.530   0.0907 -0.0582   1986.550   3496.108   1986.459   3496.167   1977.224   3469.089 N000560
   607.647   3488.019  -8.895    559.187   3605.242  -8.893   0.1469  0.0187    613.560   3502.686    613.413   3502.667    559.033   3605.237 N000561
  1739.043   3488.921  -9.583   1730.723   3498.294  -9.581   0.0428 -0.0794   1744.994   3503.587   1744.951   3503.667   1730.678   3498.380 N000562
  1844.440   3501.623 -10.128   1838.279   3501.964 -10.126  -0.0600  0.1230   1850.394   3516.290   1850.454   3516.167   1838.342   3501.831 N000563
  1836.753   3514.305  -9.096   1830.281   3515.764  -9.093   0.0033 -0.1636   1842.707   3528.972   1842.704   3529.136   1830.276   3515.933 N000564
     0.000      0.000   0.000      0.000      0.000   0.000   0.0000  0.0000      0.000      0.000   1025.926   3538.068    988.950   3601.373 N000565
     0.000      0.000   0.000      0.000      0.000   0.000   0.0000  0.0000      0.000      0.000   3332.503   3561.168   3331.675   3423.429 N000566
  2186.218   3552.067  -8.978   2185.677   3523.827  -8.976   0.2175  0.1294   2192.182   3566.735   2191.964   3566.605   2185.457   3523.712 N000567
     0.000      0.000   0.000      0.000      0.000   0.000   0.0000  0.0000      0.000      0.000   2146.963   3571.668   2139.722   3532.876 N000568
  1600.209   3593.311  -7.939   1587.041   3619.145  -7.937   0.1095 -0.3890   1606.153   3607.980   1606.044   3608.369   1586.923   3619.559 N000569
   835.834   3644.127  -9.098    794.480   3745.691  -9.096  -0.1039  0.1271    841.751   3658.797    841.855   3658.670    794.592   3745.547 N000570
     0.000      0.000   0.000      0.000      0.000   0.000   0.0000  0.0000      0.000      0.000    850.418   3658.670    803.538   3744.689 N000571
     0.000      0.000   0.000      0.000      0.000   0.000   0.0000  0.0000      0.000      0.000   2587.913   3671.545   2585.284   3597.775 N000572
     0.000      0.000   0.000      0.000      0.000   0.000   0.0000  0.0000      0.000      0.000   4049.968   3681.392   4043.361   3491.221 N000573
     0.000      0.000   0.000      0.000      0.000   0.000   0.0000  0.0000      0.000      0.000   2871.484   3688.670   2870.576   3591.571 N000574
     0.000      0.000   0.000      0.000      0.000   0.000   0.0000  0.0000      0.000      0.000    814.052   3701.808    764.538   3793.561 N000575
     0.000      0.000   0.000      0.000      0.000   0.000   0.0000  0.0000      0.000      0.000   3552.163   3703.670   3550.405   3552.113 N000576
  1981.069   3694.726 -10.487   1975.499   3689.582 -10.485   0.0686  0.1544   1987.023   3709.397   1986.955   3709.243   1975.431   3689.428 N000577
  1457.651   3696.005 -10.142   1438.783   3739.283 -10.140   0.1506  0.0046   1463.588   3710.676   1463.437   3710.671   1438.628   3739.293 N000578
     0.000      0.000   0.000      0.000      0.000   0.000   0.0000  0.0000      0.000      0.000   2614.475   3718.671   2611.802   3644.122 N000579
     0.000      0.000   0.000      0.000      0.000   0.000   0.0000  0.0000      0.000      0.000   3495.504   3734.871   3494.121   3588.555 N000580
     0.000      0.000   0.000      0.000      0.000   0.000   0.0000  0.0000      0.000      0.000    764.191   3736.616    711.515   3835.162 N000581
     0.000      0.000   0.000      0.000      0.000   0.000   0.0000  0.0000      0.000      0.000   3863.990   3747.171   3859.885   3572.536 N000582
  1977.595   3747.394 -10.058   1971.343   3744.537 -10.055   0.0945 -0.1062   1983.548   3762.066   1983.453   3762.172   1971.245   3744.655 N000583
     0.000      0.000   0.000      0.000      0.000   0.000   0.0000  0.0000      0.000      0.000   1950.952   3794.173   1937.680   3780.850 N000584
  1512.840   3798.365  -8.705   1493.978   3840.794  -8.702  -0.1600 -0.1347   1518.777   3813.039   1518.937   3813.173   1494.141   3840.919 N000585
  1629.397   3801.653  -9.940   1613.918   3833.178  -9.938  -0.2203  0.1531   1635.338   3816.326   1635.558   3816.173   1614.147   3832.998 N000586
  2627.209   3825.386  -9.239   2629.923   3767.953  -9.236   0.2093 -0.1145   2633.183   3840.059   2632.973   3840.174   2629.711   3768.090 N000587
     0.000      0.000   0.000      0.000      0.000   0.000   0.0000  0.0000      0.000      0.000    923.316   3856.174    875.165   3944.604 N000588
     0.000      0.000   0.000      0.000      0.000   0.000   0.0000  0.0000      0.000      0.000   2040.953   3882.210   2028.501   3864.184 N000589
  3376.341   3871.515 -10.288   3381.477   3753.139 -10.286  -0.1587  0.0151   3382.339   3886.189   3382.497   3886.174   3381.635   3753.111 N000590
     0.000      0.000   0.000      0.000      0.000   0.000   0.0000  0.0000      0.000      0.000   3852.113   3886.974   3848.701   3716.815 N000591
     0.000      0.000   0.000      0.000      0.000   0.000   0.0000  0.0000      0.000      0.000   1316.928   3919.676   1283.440   3971.887 N000592
   961.235   3908.258 -10.168    919.392   4010.391 -10.166  -0.2367 -0.2422    967.152   3922.934    967.388   3923.176    919.633   4010.622 N000593
  1786.200   3908.529 -11.396   1773.357   3929.931 -11.394  -0.2718 -0.1380   1792.144   3923.204   1792.416   3923.342   1773.634   3930.049 N000594
  1002.723   3915.083  -9.833    962.557   4013.350  -9.831   0.1709  0.0831   1008.641   3929.759   1008.470   3929.676    962.380   4013.280 N000595
  3265.346   3919.486  -8.645   3270.577   3811.613  -8.642  -0.1538 -0.0145   3271.339   3934.161   3271.493   3934.175   3270.731   3811.615 N000596
     0.000      0.000   0.000      0.000      0.000   0.000   0.0000  0.0000      0.000      0.000   1344.102   3963.177   1310.746   4014.851 N000597
  1290.606   3957.108 -11.360   1261.249   4028.597 -11.358   0.1064  0.1077   1296.532   3971.784   1296.426   3971.677   1261.141   4028.494 N000598
  1938.466   3984.634 -11.559   1928.322   3995.165 -11.557  -0.0337  0.1339   1944.413   3999.311   1944.447   3999.177   1928.358   3995.022 N000599
  3642.834   3990.099  -9.310   3647.143   3854.015  -9.308  -0.1663  0.0662   3648.837   4004.776   3649.004   4004.710   3647.309   3853.934 N000600
     0.000      0.000   0.000      0.000      0.000   0.000   0.0000  0.0000      0.000      0.000   1783.941   4039.678   1763.150   4052.485 N000601
     0.000      0.000   0.000      0.000      0.000   0.000   0.0000  0.0000      0.000      0.000   2738.972   4051.678   2735.321   3978.207 N000602
     0.000      0.000   0.000      0.000      0.000   0.000   0.0000  0.0000      0.000      0.000   2375.359   4127.680   2366.323   4089.638 N000603
