   269.842   -151.745 -11.688    259.358     54.976 -11.696  -0.1578 -0.0784    284.000    -77.991    284.158    -77.913    259.521     55.043 N000001
   459.950   -127.872 -11.167    455.154     65.718 -11.175  -0.0499  0.1282    474.114    -54.118    474.164    -54.246    455.206     65.588 N000002
     0.000      0.000   0.000      0.000      0.000   0.000   0.0000  0.0000      0.000      0.000    879.178    -50.745    869.549     42.194 N000003
     0.000      0.000   0.000      0.000      0.000   0.000   0.0000  0.0000      0.000      0.000    346.632     24.753    323.655    152.280 N000004
     0.000      0.000   0.000      0.000      0.000   0.000   0.0000  0.0000      0.000      0.000   2330.727     47.406   2326.478     47.184 N000005
     0.000      0.000   0.000      0.000      0.000   0.000   0.0000  0.0000      0.000      0.000    739.173     64.754    726.593    165.188 N000006
  1272.464     -5.986 -10.388   1282.724    132.243 -10.396  -0.0359  0.0138   1286.656     67.769   1286.692     67.755   1282.760    132.227 N000007
  2819.474     28.821  -8.738   2823.039     70.653  -8.745  -0.0264 -0.1785   2833.718    102.579   2833.745    102.757   2823.066     70.825 N000008
   764.813     70.968  -8.773    767.125    241.388  -8.780   0.0855 -0.0775    778.988    144.722    778.902    144.799    767.037    241.470 N000009
  2273.031     90.620 -11.175   2283.961    163.886 -11.183   0.0307  0.1201   2287.257    164.376   2287.226    164.256   2283.930    163.771 N000010
  3387.681     96.204 -13.518   3379.812    102.527 -13.525   0.1808 -0.0874   3401.945    169.962   3401.764    170.049   3379.636    102.622 N000011
   132.954    102.762 -12.963    116.588    316.560 -12.970  -0.0464 -0.1515    147.107    176.514    147.153    176.666    116.635    316.707 N000012
   538.007    110.384  -9.555    534.690    295.786  -9.563  -0.0266 -0.1156    552.174    184.138    552.201    184.253    534.717    295.898 N000013
   441.577    138.797 -10.320    435.403    330.593 -10.327   0.0772 -0.2033    455.741    212.550    455.664    212.753    435.323    330.800 N000014
  2368.361    183.338 -12.061   2378.857    248.512 -12.068  -0.1387 -0.1622   2382.591    257.094   2382.730    257.256   2378.995    248.662 N000015
  1833.942    187.395 -10.791   1847.099    285.975 -10.799  -0.0579 -0.1049   1848.153    261.150   1848.211    261.255   1847.157    286.074 N000016
  1619.995    221.174  -9.654   1632.821    332.829  -9.662  -0.0052  0.1515   1634.199    294.929   1634.204    294.777   1632.826    332.680 N000017
     0.000      0.000   0.000      0.000      0.000   0.000   0.0000  0.0000      0.000      0.000   2896.218    295.257   2885.797    254.312 N000018
  1939.204    290.847 -10.890   1952.494    380.673 -10.897   0.2041 -0.1533   1953.419    364.602   1953.215    364.755   1952.291    380.836 N000019
   687.861    302.632  -9.038    687.704    475.680  -9.045  -0.0764  0.2568    702.034    376.385    702.110    376.128    687.783    475.420 N000020
     0.000      0.000   0.000      0.000      0.000   0.000   0.0000  0.0000      0.000      0.000   1884.213    395.755   1883.424    415.675 N000021
     0.000      0.000   0.000      0.000      0.000   0.000   0.0000  0.0000      0.000      0.000   1480.699    396.254   1478.510    442.471 N000022
  2178.159    350.846 -11.767   2190.744    424.253 -11.774   0.1591 -0.1538   2192.382    424.601   2192.223    424.755   2190.586    424.414 N000023
  1247.430    353.504 -10.418   1257.301    487.620 -10.426  -0.0696  0.0040   1261.622    427.258   1261.692    427.254   1257.371    487.611 N000024
     0.000      0.000   0.000      0.000      0.000   0.000   0.0000  0.0000      0.000      0.000   3714.275    457.972   3686.631    363.600 N000025
  1498.013    391.463  -8.822   1510.243    508.290  -8.829   0.0131 -0.0367   1512.213    465.217   1512.200    465.254   1510.230    508.327 N000026
     0.000      0.000   0.000      0.000      0.000   0.000   0.0000  0.0000      0.000      0.000   1011.683    472.753   1003.530    549.588 N000027
     0.000      0.000   0.000      0.000      0.000   0.000   0.0000  0.0000      0.000      0.000   1096.686    482.253   1089.939    553.136 N000028
     0.000      0.000   0.000      0.000      0.000   0.000   0.0000  0.0000      0.000      0.000   1134.687    488.253   1128.518    556.462 N000029
     0.000      0.000   0.000      0.000      0.000   0.000   0.0000  0.0000      0.000      0.000   1108.787    494.253   1102.202    564.168 N000030
     0.000      0.000   0.000      0.000      0.000   0.000   0.0000  0.0000      0.000      0.000   3145.756    495.290   3132.094    433.984 N000031
     0.000      0.000   0.000      0.000      0.000   0.000   0.0000  0.0000      0.000      0.000   3191.757    521.302   3177.358    456.531 N000032
  2468.055    458.780  -8.919   2478.796    511.575  -8.927   0.0549 -0.2204   2482.288    532.535   2482.233    532.755   2478.743    511.794 N000033
     0.000      0.000   0.000      0.000      0.000   0.000   0.0000  0.0000      0.000      0.000    209.823    552.168    179.182    685.751 N000034
     0.000      0.000   0.000      0.000      0.000   0.000   0.0000  0.0000      0.000      0.000   2077.720    558.254   2076.930    562.694 N000035
   166.830    499.574 -12.826    149.084    708.994 -12.834  -0.1695  0.0738    180.986    573.325    181.155    573.251    149.261    708.908 N000036
     0.000      0.000   0.000      0.000      0.000   0.000   0.0000  0.0000      0.000      0.000   2332.028    596.255   2330.046    583.586 N000037
  1581.353    530.587  -8.846   1594.074    639.836  -8.854  -0.1469  0.0870   1595.556    604.341   1595.703    604.253   1594.222    639.740 N000038
  1791.320    555.936 -13.043   1804.924    650.800 -13.050  -0.1802 -0.0637   1805.530    629.690   1805.710    629.754   1805.105    650.851 N000039
     0.000      0.000   0.000      0.000      0.000   0.000   0.0000  0.0000      0.000      0.000   1449.198    634.253   1446.563    679.245 N000040
     0.000      0.000   0.000      0.000      0.000   0.000   0.0000  0.0000      0.000      0.000   2806.744    642.755   2799.830    598.976 N000041
     0.000      0.000   0.000      0.000      0.000   0.000   0.0000  0.0000      0.000      0.000   2420.815    644.255   2418.304    624.964 N000042
     0.000      0.000   0.000      0.000      0.000   0.000   0.0000  0.0000      0.000      0.000   3269.593    653.256   3254.556    580.443 N000043
     0.000      0.000   0.000      0.000      0.000   0.000   0.0000  0.0000      0.000      0.000   1829.011    653.754   1828.459    672.941 N000044
     0.000      0.000   0.000      0.000      0.000   0.000   0.0000  0.0000      0.000      0.000   2746.742    673.255   2740.813    632.615 N000045
     0.000      0.000   0.000      0.000      0.000   0.000   0.0000  0.0000      0.000      0.000     83.652    682.251     46.885    825.121 N000046
     0.000      0.000   0.000      0.000      0.000   0.000   0.0000  0.0000      0.000      0.000   2033.218    688.254   2032.742    693.383 N000047
  2900.230    615.934  -8.902   2906.201    638.119  -8.909   0.1230 -0.0661   2914.478    689.689   2914.355    689.755   2906.080    638.191 N000048
     0.000      0.000   0.000      0.000      0.000   0.000   0.0000  0.0000      0.000      0.000   1158.188    690.753   1151.803    755.200 N000049
  2361.174    627.432 -11.921   2373.426    683.757 -11.928   0.1745 -0.0678   2375.404    701.187   2375.230    701.254   2373.253    683.835 N000050
  2141.806    650.826  -8.634   2155.307    721.037  -8.641  -0.1943 -0.1737   2156.028    724.580   2156.222    724.754   2155.501    721.195 N000051
  1650.075    666.805 -11.443   1663.106    769.602 -11.450   0.0747 -0.1950   1664.280    740.558   1664.206    740.753   1663.031    769.800 N000052
     0.000      0.000   0.000      0.000      0.000   0.000   0.0000  0.0000      0.000      0.000   1473.199    741.953   1470.604    784.039 N000053
   396.847    670.192  -8.815    386.071    862.080  -8.822  -0.2156  0.2548    411.010    743.943    411.226    743.689    386.296    861.810 N000054
  2584.577    677.270 -11.002   2594.997    718.266 -11.009   0.0768 -0.2304   2598.814    751.024   2598.737    751.255   2594.922    718.497 N000055
  3247.580    678.537 -12.394   3247.685    677.627 -12.402   0.0804  0.0374   3261.840    752.293   3261.760    752.256   3247.606    677.596 N000056
     0.000      0.000   0.000      0.000      0.000   0.000   0.0000  0.0000      0.000      0.000   1482.200    769.253   1479.630    810.419 N000057
     0.000      0.000   0.000      0.000      0.000   0.000   0.0000  0.0000      0.000      0.000   4084.288    787.257   4049.131    661.820 N000058
   585.643    729.093  -9.427    580.368    906.782  -9.434   0.1431  0.0926    599.813    802.844    599.670    802.751    580.221    906.700 N000059
     0.000      0.000   0.000      0.000      0.000   0.000   0.0000  0.0000      0.000      0.000   1786.610    804.653   1785.940    824.597 N000060
     0.000      0.000   0.000      0.000      0.000   0.000   0.0000  0.0000      0.000      0.000   2846.746    809.755   2840.112    759.987 N000061
     0.000      0.000   0.000      0.000      0.000   0.000   0.0000  0.0000      0.000      0.000   1318.794    816.552   1314.299    868.614 N000062
     0.000      0.000   0.000      0.000      0.000   0.000   0.0000  0.0000      0.000      0.000   3805.279    817.256   3778.593    707.754 N000063
  2520.563    744.376  -9.089   2531.866    788.272  -9.097   0.2510 -0.0617   2534.799    818.130   2534.548    818.192   2531.618    788.349 N000064
     0.000      0.000   0.000      0.000      0.000   0.000   0.0000  0.0000      0.000      0.000   3831.279    825.756   3803.951    714.471 N000065
  1728.738    757.628  -9.213   1742.082    853.962  -9.221   0.2379  0.1285   1742.946    831.381   1742.708    831.253   1741.843    853.851 N000066
  3282.168    779.877  -9.621   3282.270    774.557  -9.628   0.1679 -0.1231   3296.429    853.632   3296.261    853.755   3282.106    774.688 N000067
  1326.805    782.491  -9.404   1336.659    906.401  -9.411  -0.1955 -0.0088   1340.999    856.243   1341.195    856.252   1336.857    906.396 N000068
   498.549    783.975 -10.632    490.203    968.040 -10.640   0.0489 -0.0250    512.716    857.726    512.667    857.751    490.152    968.069 N000069
     0.000      0.000   0.000      0.000      0.000   0.000   0.0000  0.0000      0.000      0.000   1527.701    862.253   1525.351    899.302 N000070
  1617.304    788.884  -8.600   1629.969    892.500  -8.607  -0.1964 -0.1159   1631.508    862.637   1631.705    862.753   1630.167    892.601 N000071
     0.000      0.000   0.000      0.000      0.000   0.000   0.0000  0.0000      0.000      0.000    951.682    867.252    940.711    945.129 N000072
  2845.614    800.153  -8.671   2853.347    822.062  -8.678   0.1974 -0.0138   2859.861    873.907   2859.663    873.921   2853.153    822.088 N000073
  1204.585    806.601 -12.035   1212.633    938.963 -12.042   0.0845  0.1009   1218.775    880.353   1218.691    880.252   1212.548    938.869 N000074
     0.000      0.000   0.000      0.000      0.000   0.000   0.0000  0.0000      0.000      0.000   2089.720    887.253   2089.372    885.656 N000075
     0.000      0.000   0.000      0.000      0.000   0.000   0.0000  0.0000      0.000      0.000   2218.225    890.753   2217.542    880.519 N000076
     0.000      0.000   0.000      0.000      0.000   0.000   0.0000  0.0000      0.000      0.000   3023.227    892.680   3014.331    830.038 N000077
  2107.420    841.013 -10.340   2121.257    910.652 -10.347  -0.0803  0.0126   2121.641    914.766   2121.721    914.753   2121.337    910.634 N000078
     0.000      0.000   0.000      0.000      0.000   0.000   0.0000  0.0000      0.000      0.000    158.155    916.750    122.177   1054.224 N000079
  1604.640    846.768 -10.985   1617.108    950.668 -10.992   0.1396 -0.2322   1618.844    920.520   1618.704    920.752   1616.967    950.908 N000080
     0.000      0.000   0.000      0.000      0.000   0.000   0.0000  0.0000      0.000      0.000   1570.178    921.252   1568.059    954.777 N000081
  2182.728    867.767 -10.339   2196.405    931.991 -10.346   0.2281 -0.2020   2196.952    941.520   2196.724    941.722   2196.178    932.206 N000082
     0.000      0.000   0.000      0.000      0.000   0.000   0.0000  0.0000      0.000      0.000   2878.747    945.897   2872.306    891.506 N000083
     0.000      0.000   0.000      0.000      0.000   0.000   0.0000  0.0000      0.000      0.000   2783.244    946.754   2778.066    898.522 N000084
     0.000      0.000   0.000      0.000      0.000   0.000   0.0000  0.0000      0.000      0.000   2567.487    967.337   2564.718    932.842 N000085
     0.000      0.000   0.000      0.000      0.000   0.000   0.0000  0.0000      0.000      0.000   2345.729    976.753   2344.597    956.791 N000086
     0.000      0.000   0.000      0.000      0.000   0.000   0.0000  0.0000      0.000      0.000    405.663    991.125    378.418   1109.571 N000087
  1290.750    919.547  -8.891   1299.624   1044.988  -8.899  -0.1832  0.0471   1304.944    993.299   1305.127    993.252   1299.810   1044.928 N000088
  2812.089    934.333 -10.124   2820.869    956.002 -10.131   0.0890 -0.1668   2826.334   1008.087   2826.245   1008.254   2820.782    956.172 N000089
  2391.544    936.907 -13.223   2404.361    986.216 -13.231   0.0442 -0.0927   2405.775   1010.661   2405.731   1010.753   2404.317    986.310 N000090
   538.646    937.375 -10.026    530.293   1118.315 -10.033   0.1457 -0.1253    552.814   1011.125    552.668   1011.251    530.142   1118.451 N000091
     0.000      0.000   0.000      0.000      0.000   0.000   0.0000  0.0000      0.000      0.000   2163.848   1017.753   2163.448   1009.461 N000092
     0.000      0.000   0.000      0.000      0.000   0.000   0.0000  0.0000      0.000      0.000   2894.748   1021.254   2888.425    964.502 N000093
     0.000      0.000   0.000      0.000      0.000   0.000   0.0000  0.0000      0.000      0.000   1566.203   1024.252   1563.793   1057.162 N000094
     0.000      0.000   0.000      0.000      0.000   0.000   0.0000  0.0000      0.000      0.000   1821.747   1026.752   1821.010   1041.775 N000095
  2325.109    956.537 -11.534   2338.331   1010.014 -11.541   0.1092  0.0367   2339.338   1030.290   2339.229   1030.253   2338.222   1009.985 N000096
     0.000      0.000   0.000      0.000      0.000   0.000   0.0000  0.0000      0.000      0.000   2183.724   1032.253   2183.291   1022.436 N000097
     0.000      0.000   0.000      0.000      0.000   0.000   0.0000  0.0000      0.000      0.000   1073.657   1038.751   1064.227   1106.966 N000098
     0.000      0.000   0.000      0.000      0.000   0.000   0.0000  0.0000      0.000      0.000   2415.232   1042.878   2413.821   1017.352 N000099
  1086.855    974.184  -9.803   1092.084   1114.108  -9.810  -0.1452  0.1839   1101.042   1047.935   1101.187   1047.751   1092.233   1113.914 N000100
     0.000      0.000   0.000      0.000      0.000   0.000   0.0000  0.0000      0.000      0.000   2055.219   1047.553   2054.946   1046.297 N000101
     0.000      0.000   0.000      0.000      0.000   0.000   0.0000  0.0000      0.000      0.000   1968.716   1063.303   1968.365   1067.805 N000102
  1409.966   1007.806  -9.855   1420.061   1124.159  -9.862  -0.0339 -0.1674   1424.164   1081.558   1424.198   1081.725   1420.095   1124.323 N000103
  2129.908   1017.181 -10.656   2143.801   1083.115 -10.663  -0.0923  0.1806   2144.130   1090.933   2144.222   1090.753   2143.893   1082.930 N000104
  1972.580   1023.137 -10.554   1986.456   1099.801 -10.561   0.0803  0.1367   1986.797   1096.889   1986.717   1096.752   1986.376   1099.671 N000105
   533.143   1023.618 -10.668    523.842   1205.071 -10.675   0.1433  0.1182    547.312   1097.368    547.168   1097.250    523.695   1204.964 N000106
  1799.354   1028.593  -8.771   1812.684   1117.235  -8.779  -0.1460  0.1487   1813.565   1102.345   1813.711   1102.197   1812.831   1117.077 N000107
  3751.040   1029.688 -10.541   3742.255    989.842 -10.548   0.0404  0.1407   3765.318   1103.443   3765.277   1103.303   3742.215    989.707 N000108
  2360.180   1044.802 -10.952   2373.347   1094.778 -10.959   0.1804 -0.1976   2374.411   1118.555   2374.230   1118.753   2373.168   1094.985 N000109
  1734.441   1052.071  -9.192   1747.371   1145.076  -9.199  -0.0586  0.0713   1748.650   1125.823   1748.709   1125.752   1747.430   1145.001 N000110
     0.000      0.000   0.000      0.000      0.000   0.000   0.0000  0.0000      0.000      0.000   1840.212   1130.752   1839.402   1143.532 N000111
     0.000      0.000   0.000      0.000      0.000   0.000   0.0000  0.0000      0.000      0.000   3753.802   1131.255   3731.268   1017.796 N000112
     0.000      0.000   0.000      0.000      0.000   0.000   0.0000  0.0000      0.000      0.000   3097.255   1133.254   3088.427   1061.469 N000113
  1396.383   1068.054 -11.672   1406.070   1185.051 -11.679  -0.1170  0.0544   1410.581   1141.806   1410.698   1141.751   1406.189   1184.988 N000114
     0.000      0.000   0.000      0.000      0.000   0.000   0.0000  0.0000      0.000      0.000   2848.246   1145.754   2843.044   1090.028 N000115
     0.000      0.000   0.000      0.000      0.000   0.000   0.0000  0.0000      0.000      0.000   1854.713   1150.752   1853.933   1162.348 N000116
   950.156   1091.270 -11.870    951.782   1241.047 -11.877   0.1565 -0.2304    964.339   1165.020    964.182   1165.251    951.620   1241.289 N000117
  2735.657   1091.494  -8.801   2745.918   1115.732  -8.809   0.1571 -0.0058   2749.900   1165.248   2749.743   1165.253   2745.763   1115.748 N000118
  1511.476   1095.076 -10.575   1522.417   1203.641 -10.582  -0.0238  0.0756   1525.678   1168.827   1525.702   1168.752   1522.441   1203.564 N000119
  1721.847   1099.423 -10.696   1734.588   1192.961 -10.703  -0.1525 -0.0768   1736.056   1173.175   1736.209   1173.252   1734.741   1193.026 N000120
     0.000      0.000   0.000      0.000      0.000   0.000   0.0000  0.0000      0.000      0.000   1227.691   1186.688   1220.231   1243.092 N000121
  2263.832   1113.148 -12.401   2277.461   1168.867 -12.408  -0.1685  0.1477   2278.059   1186.900   2278.227   1186.753   2277.629   1168.709 N000122
  1165.681   1119.701 -10.374   1171.533   1253.368 -10.381   0.1809  0.1256   1179.871   1193.451   1179.690   1193.326   1171.349   1253.256 N000123
     0.000      0.000   0.000      0.000      0.000   0.000   0.0000  0.0000      0.000      0.000   2228.326   1196.153   2227.862   1181.424 N000124
     0.000      0.000   0.000      0.000      0.000   0.000   0.0000  0.0000      0.000      0.000    469.666   1203.750    442.540   1317.801 N000125
     0.000      0.000   0.000      0.000      0.000   0.000   0.0000  0.0000      0.000      0.000   1392.697   1222.251   1387.591   1266.444 N000126
  2630.447   1168.122 -12.882   2641.949   1198.361 -12.889  -0.0533  0.1219   2644.686   1241.875   2644.740   1241.753   2642.001   1198.237 N000127
     0.000      0.000   0.000      0.000      0.000   0.000   0.0000  0.0000      0.000      0.000    203.657   1255.749    165.686   1391.342 N000128
     0.000      0.000   0.000      0.000      0.000   0.000   0.0000  0.0000      0.000      0.000   1499.701   1271.277   1495.736   1307.490 N000129
  1014.418   1211.789 -10.857   1016.607   1356.691 -10.864  -0.0588 -0.1878   1028.603   1285.540   1028.662   1285.728   1016.666   1356.874 N000130
     0.000      0.000   0.000      0.000      0.000   0.000   0.0000  0.0000      0.000      0.000    786.605   1285.821    768.600   1375.480 N000131
     0.000      0.000   0.000      0.000      0.000   0.000   0.0000  0.0000      0.000      0.000   2043.219   1286.252   2042.777   1283.547 N000132
  3112.949   1219.807 -14.123   3118.688   1217.298 -14.131  -0.0507 -0.0055   3127.205   1293.561   3127.256   1293.566   3118.738   1217.300 N000133
     0.000      0.000   0.000      0.000      0.000   0.000   0.0000  0.0000      0.000      0.000   1097.710   1300.250   1087.086   1366.182 N000134
     0.000      0.000   0.000      0.000      0.000   0.000   0.0000  0.0000      0.000      0.000   1375.530   1302.251   1369.784   1347.462 N000135
     0.000      0.000   0.000      0.000      0.000   0.000   0.0000  0.0000      0.000      0.000   1451.199   1302.751   1446.493   1342.399 N000136
  2254.133   1233.881  -8.684   2267.821   1289.068  -8.691   0.0619 -0.0471   2268.360   1307.634   2268.298   1307.681   2267.759   1289.119 N000137
  2133.135   1238.149 -12.762   2146.967   1301.708 -12.769   0.1351  0.1489   2147.358   1311.901   2147.223   1311.752   2146.832   1301.570 N000138
     0.000      0.000   0.000      0.000      0.000   0.000   0.0000  0.0000      0.000      0.000   1486.700   1318.251   1482.367   1355.251 N000139
  1563.669   1253.040 -10.204   1574.547   1357.104 -10.212   0.1687  0.0404   1577.872   1326.792   1577.703   1326.751   1574.377   1357.076 N000140
     0.000      0.000   0.000      0.000      0.000   0.000   0.0000  0.0000      0.000      0.000   1895.314   1327.252   1894.357   1334.714 N000141
     0.000      0.000   0.000      0.000      0.000   0.000   0.0000  0.0000      0.000      0.000   1797.411   1328.251   1795.932   1342.699 N000142
     0.000      0.000   0.000      0.000      0.000   0.000   0.0000  0.0000      0.000      0.000   2131.722   1334.219   2131.311   1324.947 N000143
     0.000      0.000   0.000      0.000      0.000   0.000   0.0000  0.0000      0.000      0.000   1518.338   1341.660   1514.283   1376.273 N000144
  2436.584   1269.958 -10.379   2449.603   1312.238 -10.386   0.0842 -0.0421   2450.817   1343.710   2450.733   1343.752   2449.519   1312.285 N000145
  1932.030   1271.641  -9.471   1945.456   1349.127  -9.478   0.0296  0.1413   1946.246   1345.393   1946.216   1345.252   1945.427   1348.989 N000146
     0.000      0.000   0.000      0.000      0.000   0.000   0.0000  0.0000      0.000      0.000   1297.250   1350.251   1290.015   1401.192 N000147
  3627.268   1281.726 -10.979   3623.461   1244.959 -10.986  -0.2323  0.0683   3641.541   1355.480   3641.774   1355.412   3623.688   1244.877 N000148
     0.000      0.000   0.000      0.000      0.000   0.000   0.0000  0.0000      0.000      0.000   1362.696   1362.251   1356.433   1408.303 N000149
     0.000      0.000   0.000      0.000      0.000   0.000   0.0000  0.0000      0.000      0.000   2009.147   1369.180   2008.511   1368.310 N000150
     0.000      0.000   0.000      0.000      0.000   0.000   0.0000  0.0000      0.000      0.000   2803.850   1381.253   2799.918   1325.369 N000151
  1347.583   1308.859  -9.759   1355.386   1428.707  -9.766   0.0830 -0.1406   1361.779   1382.610   1361.696   1382.751   1355.301   1428.854 N000152
     0.000      0.000   0.000      0.000      0.000   0.000   0.0000  0.0000      0.000      0.000   1273.193   1387.750   1265.323   1440.471 N000153
  1455.876   1344.612 -12.711   1465.041   1456.369 -12.719  -0.1242  0.1116   1470.076   1418.362   1470.200   1418.251   1465.167   1456.248 N000154
  3638.773   1344.829 -14.333   3635.159   1306.312 -14.340   0.0553  0.3068   3653.047   1418.583   3652.991   1418.276   3635.103   1306.014 N000155
  1954.407   1349.995 -10.975   1967.747   1425.462 -10.982  -0.0931 -0.0048   1968.624   1423.747   1968.717   1423.751   1967.840   1425.460 N000156
  2588.568   1351.664  -8.531   2600.757   1382.736  -8.539   0.0680 -0.0863   2602.806   1425.416   2602.738   1425.502   2600.690   1382.826 N000157
     0.000      0.000   0.000      0.000      0.000   0.000   0.0000  0.0000      0.000      0.000   1476.800   1429.051   1471.798   1466.545 N000158
     0.000      0.000   0.000      0.000      0.000   0.000   0.0000  0.0000      0.000      0.000   1743.209   1430.751   1741.010   1448.680 N000159
  1370.745   1357.847 -11.855   1378.622   1475.930 -11.862   0.1201 -0.1534   1384.942   1431.597   1384.822   1431.750   1378.499   1476.092 N000160
  3972.417   1361.079  -9.327   3960.729   1301.133  -9.334  -0.0830  0.0791   3986.702   1434.833   3986.785   1434.754   3960.809   1301.050 N000161
  1747.044   1367.982 -11.110   1759.155   1458.317 -11.117   0.0442 -0.0178   1761.254   1441.733   1761.210   1441.751   1759.110   1458.338 N000162
     0.000      0.000   0.000      0.000      0.000   0.000   0.0000  0.0000      0.000      0.000   2214.725   1441.752   2214.204   1425.907 N000163
     0.000      0.000   0.000      0.000      0.000   0.000   0.0000  0.0000      0.000      0.000   2523.236   1443.127   2521.718   1405.759 N000164
     0.000      0.000   0.000      0.000      0.000   0.000   0.0000  0.0000      0.000      0.000   2206.725   1448.252   2206.201   1432.930 N000165
     0.000      0.000   0.000      0.000      0.000   0.000   0.0000  0.0000      0.000      0.000   2957.250   1452.642   2951.778   1385.613 N000166
     0.000      0.000   0.000      0.000      0.000   0.000   0.0000  0.0000      0.000      0.000   1418.198   1461.250   1412.195   1503.087 N000167
  1002.092   1388.072 -10.403   1002.599   1534.237 -10.410   0.1228  0.0718   1016.276   1461.822   1016.153   1461.750   1002.474   1534.174 N000168
     0.000      0.000   0.000      0.000      0.000   0.000   0.0000  0.0000      0.000      0.000   3382.193   1465.253   3370.178   1369.857 N000169
     0.000      0.000   0.000      0.000      0.000   0.000   0.0000  0.0000      0.000      0.000   2192.725   1476.152   2192.175   1461.652 N000170
  1666.449   1403.137 -11.246   1677.734   1499.266 -11.253  -0.0509  0.1373   1680.656   1476.888   1680.707   1476.751   1677.786   1499.125 N000171
     0.000      0.000   0.000      0.000      0.000   0.000   0.0000  0.0000      0.000      0.000   3380.765   1477.253   3368.843   1381.789 N000172
  1633.752   1412.311  -9.633   1644.673   1510.828  -9.640  -0.1650 -0.1886   1647.958   1486.062   1648.123   1486.251   1644.839   1511.004 N000173
     0.000      0.000   0.000      0.000      0.000   0.000   0.0000  0.0000      0.000      0.000   1164.690   1495.750   1154.012   1556.829 N000174
     0.000      0.000   0.000      0.000      0.000   0.000   0.0000  0.0000      0.000      0.000   2186.724   1498.876   2186.145   1484.677 N000175
     0.000      0.000   0.000      0.000      0.000   0.000   0.0000  0.0000      0.000      0.000   3255.261   1502.253   3245.671   1414.742 N000176
  1902.986   1429.217  -9.520   1915.906   1508.055  -9.527  -0.0400  0.2429   1917.202   1502.968   1917.242   1502.725   1915.947   1507.810 N000177
  1397.955   1432.406  -9.389   1405.796   1548.454  -9.397  -0.0450 -0.0650   1412.153   1506.156   1412.198   1506.221   1405.841   1548.516 N000178
   610.072   1435.440  -9.033    598.998   1612.781  -9.040   0.0716 -0.0600    624.243   1509.189    624.171   1509.249    598.923   1612.847 N000179
  2587.954   1456.061  -9.789   2600.274   1486.277  -9.796  -0.0456  0.0612   2602.193   1529.813   2602.239   1529.752   2600.319   1486.213 N000180
     0.000      0.000   0.000      0.000      0.000   0.000   0.0000  0.0000      0.000      0.000   2432.233   1533.252   2431.187   1501.537 N000181
     0.000      0.000   0.000      0.000      0.000   0.000   0.0000  0.0000      0.000      0.000   2135.223   1540.251   2134.548   1529.518 N000182
     0.000      0.000   0.000      0.000      0.000   0.000   0.0000  0.0000      0.000      0.000    934.460   1543.360    918.025   1622.508 N000183
  2899.664   1480.381 -10.120   2909.261   1488.990 -10.127   0.1381 -0.1187   2913.914   1554.134   2913.775   1554.252   2909.125   1489.117 N000184
     0.000      0.000   0.000      0.000      0.000   0.000   0.0000  0.0000      0.000      0.000   1224.392   1558.450   1214.424   1615.120 N000185
  1836.362   1487.307 -12.733   1848.708   1570.835 -12.741  -0.1382 -0.1926   1850.575   1561.058   1850.713   1561.251   1848.846   1571.017 N000186
  1463.715   1490.437  -9.826   1472.168   1601.586  -9.833   0.1817 -0.0627   1477.915   1564.187   1477.734   1564.250   1471.983   1601.663 N000187
     0.000      0.000   0.000      0.000      0.000   0.000   0.0000  0.0000      0.000      0.000   1768.210   1566.251   1765.701   1582.060 N000188
     0.000      0.000   0.000      0.000      0.000   0.000   0.0000  0.0000      0.000      0.000   1544.703   1570.250   1539.818   1602.643 N000189
     0.000      0.000   0.000      0.000      0.000   0.000   0.0000  0.0000      0.000      0.000   1578.204   1575.750   1573.705   1605.641 N000190
     0.000      0.000   0.000      0.000      0.000   0.000   0.0000  0.0000      0.000      0.000   2139.195   1577.251   2138.458   1566.080 N000191
     0.000      0.000   0.000      0.000      0.000   0.000   0.0000  0.0000      0.000      0.000   1175.326   1581.250   1164.194   1641.782 N000192
     0.000      0.000   0.000      0.000      0.000   0.000   0.0000  0.0000      0.000      0.000   2277.311   1585.835   2276.599   1564.764 N000193
  1399.481   1535.282 -11.685   1406.691   1651.356 -11.693  -0.0193 -0.2184   1413.679   1609.031   1413.698   1609.250   1406.709   1651.574 N000194
     0.000      0.000   0.000      0.000      0.000   0.000   0.0000  0.0000      0.000      0.000   2189.808   1609.251   2189.068   1594.329 N000195
     0.000      0.000   0.000      0.000      0.000   0.000   0.0000  0.0000      0.000      0.000   2246.200   1610.672   2245.471   1591.709 N000196
     0.000      0.000   0.000      0.000      0.000   0.000   0.0000  0.0000      0.000      0.000   4018.787   1612.754   3993.552   1474.200 N000197
     0.000      0.000   0.000      0.000      0.000   0.000   0.0000  0.0000      0.000      0.000    935.515   1614.166    918.412   1693.655 N000198
     0.000      0.000   0.000      0.000      0.000   0.000   0.0000  0.0000      0.000      0.000   2347.083   1618.751   2346.243   1592.569 N000199
   486.670   1546.954  -9.549    469.857   1735.381  -9.557   0.1695 -0.0459    500.837   1620.703    500.667   1620.748    469.680   1735.441 N000200
     0.000      0.000   0.000      0.000      0.000   0.000   0.0000  0.0000      0.000      0.000   1862.714   1634.822   1860.664   1643.597 N000201
  1673.804   1563.460 -10.532   1684.439   1658.931 -10.540  -0.1956 -0.0400   1688.012   1637.210   1688.208   1637.250   1684.637   1658.956 N000202
     0.000      0.000   0.000      0.000      0.000   0.000   0.0000  0.0000      0.000      0.000   1899.715   1638.251   1897.888   1644.301 N000203
     0.000      0.000   0.000      0.000      0.000   0.000   0.0000  0.0000      0.000      0.000   3068.254   1651.752   3062.028   1575.219 N000204
  1830.488   1585.668 -10.428   1842.424   1669.503 -10.435  -0.0115  0.1678   1844.701   1659.418   1844.713   1659.250   1842.436   1669.334 N000205
  2022.146   1585.849 -11.551   2035.158   1655.620 -11.558   0.1455 -0.1506   2036.365   1659.600   2036.219   1659.751   2035.012   1655.781 N000206
     0.000      0.000   0.000      0.000      0.000   0.000   0.0000  0.0000      0.000      0.000    609.671   1671.633    581.940   1777.915 N000207
  1251.664   1598.529  -9.431   1255.805   1726.175  -9.439   0.1636  0.0285   1265.857   1672.278   1265.693   1672.249   1255.638   1726.159 N000208
  1845.595   1606.388  -9.835   1857.560   1689.095  -9.842   0.0945 -0.1120   1859.808   1680.138   1859.713   1680.250   1857.464   1689.214 N000209
     0.000      0.000   0.000      0.000      0.000   0.000   0.0000  0.0000      0.000      0.000   1691.208   1680.750   1687.456   1702.264 N000210
  1394.961   1608.465  -9.438   1401.596   1725.092  -9.445  -0.0394 -0.0019   1409.159   1682.214   1409.198   1682.216   1401.636   1725.091 N000211
  1714.144   1611.819 -11.201   1724.963   1704.308 -11.208   0.1179 -0.1812   1728.353   1685.569   1728.235   1685.750   1724.843   1704.498 N000212
  2032.934   1627.455 -11.102   2045.872   1696.360 -11.109  -0.0658 -0.0452   2047.154   1701.205   2047.220   1701.251   2045.938   1696.400 N000213
  2210.625   1639.068  -9.590   2223.963   1695.037  -9.597   0.1252  0.0678   2224.851   1712.819   2224.726   1712.751   2223.838   1694.978 N000214
     0.000      0.000   0.000      0.000      0.000   0.000   0.0000  0.0000      0.000      0.000   2785.281   1725.252   2782.240   1667.655 N000215
  1060.536   1653.203  -9.851   1060.030   1796.171  -9.858   0.0363  0.2029   1074.723   1726.952   1074.687   1726.749   1059.995   1795.970 N000216
  1932.736   1653.029 -11.508   1945.094   1729.275 -11.515   0.2359  0.0295   1946.952   1726.780   1946.716   1726.750   1944.857   1729.263 N000217
  2410.263   1653.332 -10.219   2423.398   1694.942 -10.226  -0.2093 -0.1406   2424.496   1727.083   2424.705   1727.223   2423.606   1695.067 N000218
  1198.519   1668.433  -8.983   1200.993   1800.605  -8.990   0.0191 -0.0667   1212.711   1742.182   1212.692   1742.249   1200.973   1800.674 N000219
  1273.870   1668.552  -9.381   1277.864   1794.821  -9.388  -0.1304  0.0518   1288.064   1742.301   1288.194   1742.249   1277.997   1794.759 N000220
     0.000      0.000   0.000      0.000      0.000   0.000   0.0000  0.0000      0.000      0.000   1229.692   1746.249   1218.289   1803.363 N000221
  2389.981   1673.741 -10.139   2403.149   1716.730 -10.146   0.0438  0.0218   2404.213   1747.491   2404.170   1747.470   2403.106   1716.711 N000222
     0.000      0.000   0.000      0.000      0.000   0.000   0.0000  0.0000      0.000      0.000   2125.023   1767.050   2123.831   1756.418 N000223
  2508.495   1695.156  -9.059   2521.292   1729.612  -9.067  -0.0047  0.1139   2522.731   1768.907   2522.736   1768.793   2521.297   1729.498 N000224
   165.627   1695.530 -10.709    133.112   1913.134 -10.716   0.1273 -0.0037    179.784   1769.277    179.657   1769.281    132.979   1913.149 N000225
  3356.262   1697.633 -10.615   3360.292   1673.354 -10.622  -0.2620  0.1095   3370.527   1771.386   3370.789   1771.276   3360.549   1673.228 N000226
  1263.629   1704.821  -9.035   1267.120   1832.107  -9.042   0.0457 -0.1790   1277.823   1778.570   1277.777   1778.749   1267.072   1832.291 N000227
     0.000      0.000   0.000      0.000      0.000   0.000   0.0000  0.0000      0.000      0.000   2086.996   1780.750   2085.638   1772.893 N000228
     0.000      0.000   0.000      0.000      0.000   0.000   0.0000  0.0000      0.000      0.000   1692.708   1789.650   1688.395   1811.261 N000229
     0.000      0.000   0.000      0.000      0.000   0.000   0.0000  0.0000      0.000      0.000   1530.202   1802.249   1523.704   1836.317 N000230
     0.000      0.000   0.000      0.000      0.000   0.000   0.0000  0.0000      0.000      0.000   2977.252   1802.752   2972.528   1731.348 N000231
  2320.438   1730.600  -8.985   2333.638   1778.439  -8.992  -0.0618  0.1003   2334.668   1804.351   2334.730   1804.251   2333.700   1778.334 N000232
     0.000      0.000   0.000      0.000      0.000   0.000   0.0000  0.0000      0.000      0.000   3717.777   1818.853   3701.216   1697.268 N000233
     0.000      0.000   0.000      0.000      0.000   0.000   0.0000  0.0000      0.000      0.000   2133.223   1838.950   2131.862   1827.678 N000234
  1931.154   1767.341 -10.571   1943.051   1843.763 -10.579   0.1538 -0.1586   1945.370   1841.091   1945.217   1841.250   1942.896   1843.933 N000235
  2248.636   1771.020  -8.865   2261.759   1824.009  -8.873   0.1357  0.0198   2262.863   1844.770   2262.727   1844.750   2261.623   1823.999 N000236
  1415.748   1773.239 -10.312   1421.510   1889.056 -10.319  -0.0167  0.0621   1429.947   1846.988   1429.964   1846.926   1421.528   1888.992 N000237
  1996.196   1773.845 -10.939   2008.473   1845.419 -10.946   0.1706 -0.1547   2010.414   1847.595   2010.244   1847.750   2008.301   1845.586 N000238
     0.000      0.000   0.000      0.000      0.000   0.000   0.0000  0.0000      0.000      0.000   1559.113   1851.795   1552.700   1883.870 N000239
     0.000      0.000   0.000      0.000      0.000   0.000   0.0000  0.0000      0.000      0.000   1547.203   1858.749   1540.574   1891.780 N000240
  1644.625   1786.259  -9.968   1653.711   1884.451  -9.975   0.1248 -0.0075   1658.832   1860.009   1658.707   1860.016   1653.585   1884.468 N000241
     0.000      0.000   0.000      0.000      0.000   0.000   0.0000  0.0000      0.000      0.000   1972.218   1865.750   1969.967   1866.452 N000242
  1453.266   1795.080  -9.585   1459.503   1908.108  -9.592  -0.1269  0.0795   1467.466   1868.829   1467.593   1868.749   1459.633   1908.018 N000243
     0.000      0.000   0.000      0.000      0.000   0.000   0.0000  0.0000      0.000      0.000   1419.699   1873.249   1410.876   1916.287 N000244
  1178.329   1805.339  -9.458   1179.084   1940.144  -9.466  -0.1713 -0.1224   1192.520   1879.088   1192.691   1879.210   1179.258   1940.254 N000245
  2945.047   1806.654 -10.467   2954.924   1809.853 -10.474   0.0473  0.1543   2959.298   1880.406   2959.251   1880.251   2954.877   1809.703 N000246
  2039.669   1808.665 -10.196   2052.048   1877.049 -10.203   0.1693  0.1652   2053.890   1882.415   2053.720   1882.250   2051.878   1876.896 N000247
  1264.246   1808.827  -9.871   1266.827   1936.815  -9.878  -0.0873 -0.1726   1278.440   1882.576   1278.527   1882.749   1266.915   1936.982 N000248
     0.000      0.000   0.000      0.000      0.000   0.000   0.0000  0.0000      0.000      0.000    776.177   1885.301    751.263   1980.352 N000249
  2449.613   1812.992  -9.896   2462.512   1851.384  -9.903   0.1134 -0.0079   2463.848   1886.743   2463.734   1886.751   2462.399   1851.400 N000250
     0.000      0.000   0.000      0.000      0.000   0.000   0.0000  0.0000      0.000      0.000   2103.222   1890.107   2101.582   1881.088 N000251
     0.000      0.000   0.000      0.000      0.000   0.000   0.0000  0.0000      0.000      0.000   1873.714   1890.750   1870.624   1898.932 N000252
     0.000      0.000   0.000      0.000      0.000   0.000   0.0000  0.0000      0.000      0.000   1289.194   1896.249   1277.673   1949.746 N000253
  1978.258   1822.425  -9.299   1990.230   1895.420  -9.306   0.1746  0.2580   1992.476   1896.175   1992.301   1895.917   1990.055   1895.174 N000254
  1193.010   1823.636 -11.805   1193.913   1957.430 -11.812   0.0103  0.1357   1207.202   1897.384   1207.192   1897.249   1193.904   1957.294 N000255
     0.000      0.000   0.000      0.000      0.000   0.000   0.0000  0.0000      0.000      0.000   2367.731   1897.160   2366.532   1868.744 N000256
     0.000      0.000   0.000      0.000      0.000   0.000   0.0000  0.0000      0.000      0.000   2782.745   1897.251   2779.905   1839.056 N000257
     0.000      0.000   0.000      0.000      0.000   0.000   0.0000  0.0000      0.000      0.000   2287.228   1899.250   2286.031   1876.695 N000258
  1870.762   1825.965  -9.623   1881.934   1907.071  -9.630  -0.1667 -0.0348   1884.976   1899.715   1885.143   1899.750   1882.102   1907.093 N000259
     0.000      0.000   0.000      0.000      0.000   0.000   0.0000  0.0000      0.000      0.000   2822.746   1906.251   2819.624   1845.199 N000260
  2151.693   1833.791 -11.385   2164.457   1893.902 -11.392   0.1926 -0.2093   2165.917   1907.541   2165.724   1907.750   2164.263   1894.126 N000261
     0.000      0.000   0.000      0.000      0.000   0.000   0.0000  0.0000      0.000      0.000   1166.274   1910.832   1151.913   1974.288 N000262
     0.000      0.000   0.000      0.000      0.000   0.000   0.0000  0.0000      0.000      0.000   1480.201   1911.811   1472.119   1950.376 N000263
  3810.220   1846.876 -11.081   3806.338   1791.064 -11.088   0.0301 -0.1240   3824.501   1920.629   3824.471   1920.753   3806.309   1791.189 N000264
     0.000      0.000   0.000      0.000      0.000   0.000   0.0000  0.0000      0.000      0.000   1508.702   1921.749   1501.011   1958.150 N000265
  2993.112   1848.719 -11.017   3002.579   1848.381 -11.024   0.1122  0.1003   3007.365   1922.471   3007.253   1922.370   3002.468   1848.289 N000266
  1041.112   1852.397 -10.461   1038.039   1998.739 -10.468   0.1120 -0.1026   1055.298   1926.146   1055.186   1926.248   1037.923   1998.852 N000267
  1016.359   1855.455 -10.934   1012.594   2003.847 -10.942  -0.1406 -0.0452   1030.545   1929.203   1030.686   1929.248   1012.738   2003.881 N000268
  2242.431   1862.640 -11.283   2255.340   1916.095 -11.290  -0.0688  0.1398   2256.658   1936.390   2256.727   1936.250   2255.409   1915.950 N000269
     0.000      0.000   0.000      0.000      0.000   0.000   0.0000  0.0000      0.000      0.000   1775.711   1938.211   1771.439   1954.039 N000270
     0.000      0.000   0.000      0.000      0.000   0.000   0.0000  0.0000      0.000      0.000    286.660   1947.247     -1.000     -1.000 N000271
  2148.692   1873.088 -14.203   2161.323   1933.483 -14.210   0.1919  0.0658   2162.916   1946.837   2162.724   1946.772   2161.131   1933.431 N000272
  1208.786   1876.609  -9.727   1209.513   2009.638  -9.735  -0.1784 -0.2482   1222.978   1950.357   1223.156   1950.606   1209.693   2009.874 N000273
     0.000      0.000   0.000      0.000      0.000   0.000   0.0000  0.0000      0.000      0.000   2294.729   1952.750   2293.420   1929.674 N000274
  2585.681   1882.597 -13.214   2598.087   1911.095 -13.222   0.1812  0.0974   2599.920   1956.348   2599.739   1956.251   2597.907   1911.011 N000275
     0.000      0.000   0.000      0.000      0.000   0.000   0.0000  0.0000      0.000      0.000   1645.656   1960.799   1639.705   1986.778 N000276
     0.000      0.000   0.000      0.000      0.000   0.000   0.0000  0.0000      0.000      0.000   1384.733   1961.749   1374.525   2008.216 N000277
  2720.479   1890.624  -9.540   2732.224   1909.436  -9.548   0.0104  0.1240   2734.723   1964.375   2734.712   1964.251   2732.214   1909.313 N000278
  1071.478   1896.470  -9.984   1068.694   2040.833  -9.991  -0.0218 -0.0304   1085.666   1970.218   1085.688   1970.248   1068.716   2040.862 N000279
     0.000      0.000   0.000      0.000      0.000   0.000   0.0000  0.0000      0.000      0.000    967.612   1973.248     -1.000     -1.000 N000280
  1788.165   1903.182 -10.149   1798.152   1990.907 -10.157   0.1651  0.1820   1802.377   1976.931   1802.212   1976.749   1797.987   1990.737 N000281
  2476.295   1903.902 -11.661   2489.021   1940.301 -11.669  -0.2050 -0.0982   2490.530   1977.652   2490.735   1977.750   2489.225   1940.384 N000282
  1733.304   1907.467 -11.323   1742.673   1999.435 -11.330  -0.1956 -0.0331   1747.514   1981.216   1747.710   1981.249   1742.871   1999.453 N000283
     0.000      0.000   0.000      0.000      0.000   0.000   0.0000  0.0000      0.000      0.000   1295.595   1990.248   1283.320   2044.088 N000284
     0.000      0.000   0.000      0.000      0.000   0.000   0.0000  0.0000      0.000      0.000    979.684   1999.310     -1.000     -1.000 N000285
   488.677   1928.699 -10.152    470.681   2070.729 -10.159   0.1767  0.1988    502.844   2002.446    502.668   2002.247    470.500   2070.543 N000286
     0.000      0.000   0.000      0.000      0.000   0.000   0.0000  0.0000      0.000      0.000   2676.242   2008.179   2674.053   1957.390 N000287
     0.000      0.000   0.000      0.000      0.000   0.000   0.0000  0.0000      0.000      0.000   2639.324   2010.750   2637.294   1962.623 N000288
  2719.980   1937.553 -10.114   2731.731   1956.343 -10.121  -0.0202  0.0531   2734.223   2011.304   2734.244   2011.251   2731.751   1956.289 N000289
  2285.224   1944.224  -9.028   2297.980   1994.656  -9.036  -0.0259  0.1613   2299.453   2017.974   2299.479   2017.812   2298.006   1994.492 N000290
     0.000      0.000   0.000      0.000      0.000   0.000   0.0000  0.0000      0.000      0.000   2466.234   2028.250   2464.698   1992.701 N000291
  2648.110   1954.991 -10.445   2660.216   1978.948 -10.452   0.1104 -0.0089   2662.352   2028.741   2662.241   2028.750   2660.106   1978.965 N000292
  3182.573   1956.455 -12.053   3190.101   1942.501 -12.060   0.0727 -0.0450   3196.832   2030.206   3196.759   2030.251   3190.029   1942.551 N000293
     0.000      0.000   0.000      0.000      0.000   0.000   0.0000  0.0000      0.000      0.000   1416.199   2035.248     -1.000     -1.000 N000294
     0.000      0.000   0.000      0.000      0.000   0.000   0.0000  0.0000      0.000      0.000   3876.483   2035.252   3857.995   1901.333 N000295
   523.220   1963.514 -10.360    506.150   2103.070 -10.368   0.2195  0.0141    537.389   2037.261    537.169   2037.247    505.922   2103.075 N000296
  2103.837   1963.595 -11.557   2115.946   2027.608 -11.565  -0.1631  0.0947   2118.060   2037.344   2118.223   2037.250   2116.110   2027.500 N000297
  1120.410   1966.083 -10.501   1122.278   2055.054 -10.508  -0.0899  0.0832   1134.599   2039.831   1134.689   2039.748   1122.371   2054.962 N000298
     0.000      0.000   0.000      0.000      0.000   0.000   0.0000  0.0000      0.000      0.000   2461.234   2047.250   2459.671   2012.092 N000299
   583.369   1980.687 -10.132    568.403   2115.277 -10.139  -0.1308  0.1872    597.540   2054.434    597.671   2054.247    568.541   2115.075 N000300
     0.000      0.000   0.000      0.000      0.000   0.000   0.0000  0.0000      0.000      0.000   2889.049   2053.551   2885.525   1987.483 N000301
  2550.571   1999.242  -8.591   2562.983   2030.303  -8.599  -0.0294  0.2418   2564.809   2072.992   2564.838   2072.750   2563.013   2030.059 N000302
     0.000      0.000   0.000      0.000      0.000   0.000   0.0000  0.0000      0.000      0.000   2834.747   2078.750   2831.638   2016.544 N000303
   167.964   2007.867 -13.361    134.855   2179.498 -13.369  -0.0363 -0.1329    182.121   2081.614    182.157   2081.746    134.891   2179.630 N000304
     0.000      0.000   0.000      0.000      0.000   0.000   0.0000  0.0000      0.000      0.000   1407.149   2085.248   1400.303   2078.718 N000305
     0.000      0.000   0.000      0.000      0.000   0.000   0.0000  0.0000      0.000      0.000   2024.720   2088.249     -1.000     -1.000 N000306
     0.000      0.000   0.000      0.000      0.000   0.000   0.0000  0.0000      0.000      0.000   3167.958   2095.151   3161.752   2009.290 N000307
     0.000      0.000   0.000      0.000      0.000   0.000   0.0000  0.0000      0.000      0.000   2476.235   2103.750     -1.000     -1.000 N000308
     0.000      0.000   0.000      0.000      0.000   0.000   0.0000  0.0000      0.000      0.000   2389.232   2104.700     -1.000     -1.000 N000309
  3055.503   2046.118  -9.933   3064.683   2040.891  -9.940   0.0030  0.1177   3069.758   2119.868   3069.755   2119.751   3064.680   2040.774 N000310
  2157.690   2048.081  -9.063   2173.076   2056.052  -9.070   0.1904  0.0805   2171.915   2121.830   2171.725   2121.749   2172.885   2055.986 N000311
     0.000      0.000   0.000      0.000      0.000   0.000   0.0000  0.0000      0.000      0.000   2368.231   2129.812   2369.738   2049.345 N000312
     0.000      0.000   0.000      0.000      0.000   0.000   0.0000  0.0000      0.000      0.000   2571.810   2134.107     -1.000     -1.000 N000313
     0.000      0.000   0.000      0.000      0.000   0.000   0.0000  0.0000      0.000      0.000   3133.757   2146.251     -1.000     -1.000 N000314
  2527.611   2092.875 -10.331   2543.108   2073.353 -10.338   0.1114 -0.1252   2541.849   2166.625   2541.737   2166.750   2542.997   2073.486 N000315
  1732.905   2095.058 -11.741   1744.855   2135.935 -11.749  -0.0948  0.0576   1747.115   2168.806   1747.210   2168.749   1744.951   2135.870 N000316
  1604.752   2100.831  -9.426   1615.006   2151.865  -9.434   0.1408 -0.1692   1618.958   2174.579   1618.817   2174.748   1614.862   2152.047 N000317
  1967.794   2121.562 -11.487   1981.878   2144.365 -11.494  -0.2063  0.0615   1982.012   2195.310   1982.218   2195.249   1982.086   2144.287 N000318
  1368.396   2125.808 -10.492   1374.399   2196.142 -10.500  -0.1035 -0.1917   1382.594   2199.556   1382.698   2199.748   1374.503   2196.327 N000319
   811.415   2130.331 -11.967    802.690   2247.493 -11.974  -0.0851 -0.1686    825.594   2204.078    825.679   2204.247    802.776   2247.657 N000320
  1447.146   2138.966  -9.812   1454.558   2203.026  -9.819   0.0311 -0.0343   1461.347   2212.714   1461.316   2212.748   1454.526   2203.063 N000321
     0.000      0.000   0.000      0.000      0.000   0.000   0.0000  0.0000      0.000      0.000   1956.217   2213.186   1955.811   2164.346 N000322
     0.000      0.000   0.000      0.000      0.000   0.000   0.0000  0.0000      0.000      0.000   2338.230   2214.791   2339.643   2136.792 N000323
     0.000      0.000   0.000      0.000      0.000   0.000   0.0000  0.0000      0.000      0.000   1983.718   2227.749   1983.476   2176.881 N000324
     0.000      0.000   0.000      0.000      0.000   0.000   0.0000  0.0000      0.000      0.000   2239.701   2229.749   2240.873   2159.264 N000325
   509.034   2157.406 -11.715    488.791   2301.532 -11.722   0.0340 -0.0943    523.203   2231.152    523.169   2231.246    488.754   2301.631 N000326
     0.000      0.000   0.000      0.000      0.000   0.000   0.0000  0.0000      0.000      0.000   2100.722   2233.249   2101.260   2173.401 N000327
     0.000      0.000   0.000      0.000      0.000   0.000   0.0000  0.0000      0.000      0.000   2065.197   2238.249   2065.504   2181.164 N000328
  2163.617   2166.194 -12.013   2178.758   2174.225 -12.021   0.1171  0.1939   2177.842   2239.943   2177.725   2239.749   2178.641   2174.039 N000329
  1638.284   2175.099 -11.101   1648.549   2224.146 -11.108  -0.2162  0.0991   1652.491   2248.847   1652.707   2248.748   1648.769   2224.029 N000330
     0.000      0.000   0.000      0.000      0.000   0.000   0.0000  0.0000      0.000      0.000   1742.710   2248.748   1739.961   2216.879 N000331
  2448.901   2179.034 -11.496   2464.527   2165.542 -11.503  -0.0989  0.0343   2463.136   2252.784   2463.235   2252.749   2464.626   2165.500 N000332
     0.000      0.000   0.000      0.000      0.000   0.000   0.0000  0.0000      0.000      0.000   2262.228   2255.749   2263.416   2183.677 N000333
  1763.285   2185.176 -11.267   1775.107   2224.398 -11.274  -0.1890  0.1497   1777.496   2258.924   1777.685   2258.775   1775.299   2224.232 N000334
  2502.636   2190.877  -9.848   2518.193   2173.407  -9.856   0.1358 -0.1229   2516.872   2264.626   2516.736   2264.749   2518.057   2173.540 N000335
     0.000      0.000   0.000      0.000      0.000   0.000   0.0000  0.0000      0.000      0.000   1463.201   2265.748   1456.027   2256.502 N000336
     0.000      0.000   0.000      0.000      0.000   0.000   0.0000  0.0000      0.000      0.000   1344.197   2272.314   1334.584   2272.926 N000337
  1178.119   2200.371  -9.814   1179.192   2287.392  -9.822   0.1189 -0.1294   1192.310   2274.118   1192.192   2274.247   1179.069   2287.533 N000338
     0.000      0.000   0.000      0.000      0.000   0.000   0.0000  0.0000      0.000      0.000   3167.259   2274.250   3164.485   2135.568 N000339
  3571.148   2200.404 -10.361   3576.671   2106.109 -10.368   0.1476 -0.0957   3585.420   2274.155   3585.273   2274.251   3576.527   2106.214 N000340
  1108.110   2206.047 -11.757   1107.339   2299.039 -11.764   0.1102  0.0470   1122.299   2279.794   1122.189   2279.747   1107.226   2299.001 N000341
  1236.249   2216.758 -11.131   1238.560   2299.146 -11.139   0.0106 -0.0757   1250.442   2290.505   1250.432   2290.581   1238.548   2299.224 N000342
  2552.390   2220.826 -11.175   2567.861   2199.739 -11.182  -0.1103 -0.1739   2566.628   2294.575   2566.738   2294.749   2567.971   2199.905 N000343
  1499.259   2237.015  -9.883   1506.845   2297.955  -9.891   0.1707  0.0152   1513.461   2310.763   1513.291   2310.748   1506.672   2297.954 N000344
  3033.909   2241.241  -9.176   3046.766   2184.832  -9.183  -0.0908  0.2028   3048.164   2314.991   3048.255   2314.789   3046.855   2184.623 N000345
  2149.855   2248.551 -10.073   2164.686   2258.142 -10.080  -0.1445  0.0509   2164.080   2322.300   2164.225   2322.249   2164.832   2258.080 N000346
     0.000      0.000   0.000      0.000      0.000   0.000   0.0000  0.0000      0.000      0.000    451.666   2325.246    412.859   2403.940 N000347
     0.000      0.000   0.000      0.000      0.000   0.000   0.0000  0.0000      0.000      0.000   3195.510   2331.750   3192.672   2190.984 N000348
  1379.179   2258.418 -10.437   1384.269   2329.500 -10.444   0.1788 -0.0819   1393.377   2332.166   1393.198   2332.247   1384.086   2329.598 N000349
     0.000      0.000   0.000      0.000      0.000   0.000   0.0000  0.0000      0.000      0.000   1320.196   2335.247   1309.485   2338.701 N000350
  2148.721   2272.367 -10.309   2163.469   2282.213 -10.316   0.2207 -0.1328   2162.945   2346.116   2162.725   2346.249   2163.247   2282.364 N000351
  2591.390   2274.427 -11.545   2606.790   2250.621 -11.552  -0.1102 -0.0730   2605.629   2348.176   2605.740   2348.249   2606.900   2250.686 N000352
     0.000      0.000   0.000      0.000      0.000   0.000   0.0000  0.0000      0.000      0.000   1366.698   2350.771   1356.855   2350.576 N000353
  3229.880   2277.408  -9.046   3240.836   2206.896  -9.053  -0.1202 -0.0923   3244.141   2351.158   3244.261   2351.250   3240.955   2206.979 N000354
  2303.251   2278.427  -9.472   2318.603   2276.423  -9.480  -0.2071 -0.0730   2317.481   2352.176   2317.688   2352.249   2318.810   2276.481 N000355
     0.000      0.000   0.000      0.000      0.000   0.000   0.0000  0.0000      0.000      0.000   2757.745   2353.249   2758.418   2244.405 N000356
     0.000      0.000   0.000      0.000      0.000   0.000   0.0000  0.0000      0.000      0.000    999.685   2356.247    980.429   2387.181 N000357
   389.748   2287.758 -10.483    362.447   2445.321 -10.490  -0.0298 -0.0476    403.913   2361.504    403.943   2361.551    362.477   2445.367 N000358
  1739.929   2288.494  -9.749   1750.855   2330.589  -9.756   0.4291  0.4438   1754.140   2362.242   1753.711   2361.798   1750.423   2330.175 N000359
     0.000      0.000   0.000      0.000      0.000   0.000   0.0000  0.0000      0.000      0.000   1254.194   2366.319   1241.656   2375.755 N000360
  2658.198   2295.467 -11.007   2673.438   2266.759 -11.015   0.1697 -0.0335   2672.439   2369.216   2672.270   2369.249   2673.269   2266.805 N000361
     0.000      0.000   0.000      0.000      0.000   0.000   0.0000  0.0000      0.000      0.000   1740.210   2374.748   1736.668   2344.349 N000362
     0.000      0.000   0.000      0.000      0.000   0.000   0.0000  0.0000      0.000      0.000   1265.579   2377.747   1253.198   2386.402 N000363
     0.000      0.000   0.000      0.000      0.000   0.000   0.0000  0.0000      0.000      0.000   1730.210   2377.581   1726.513   2348.016 N000364
  1986.755   2306.618 -10.486   2000.241   2329.357 -10.493   0.0046  0.1175   2000.974   2380.366   2000.969   2380.248   2000.237   2329.239 N000365
     0.000      0.000   0.000      0.000      0.000   0.000   0.0000  0.0000      0.000      0.000   3451.768   2382.250   3445.871   2223.221 N000366
  1397.072   2309.015  -9.415   1402.077   2379.319  -9.423   0.0721  0.0149   1411.271   2382.762   1411.199   2382.747   1402.003   2379.310 N000367
     0.000      0.000   0.000      0.000      0.000   0.000   0.0000  0.0000      0.000      0.000    578.671   2383.346    544.268   2451.877 N000368
   600.076   2309.746  -9.085    581.266   2448.837  -9.092   0.0764  0.1028    614.248   2383.492    614.172   2383.389    581.188   2448.739 N000369
     0.000      0.000   0.000      0.000      0.000   0.000   0.0000  0.0000      0.000      0.000    939.683   2383.447    918.253   2420.063 N000370
  2253.326   2312.529 -10.964   2268.440   2314.585 -10.971  -0.1737  0.0292   2267.554   2386.278   2267.728   2386.249   2268.615   2314.542 N000371
     0.000      0.000   0.000      0.000      0.000   0.000   0.0000  0.0000      0.000      0.000   2719.244   2388.249   2720.098   2282.381 N000372
  1669.759   2315.765  -9.976   1679.534   2363.814  -9.983  -0.2860 -0.1447   1683.968   2389.512   1684.254   2389.657   1679.823   2363.937 N000373
     0.000      0.000   0.000      0.000      0.000   0.000   0.0000  0.0000      0.000      0.000   1202.228   2398.247   1188.081   2412.577 N000374
     0.000      0.000   0.000      0.000      0.000   0.000   0.0000  0.0000      0.000      0.000   2443.163   2399.677   2444.400   2314.625 N000375
     0.000      0.000   0.000      0.000      0.000   0.000   0.0000  0.0000      0.000      0.000   2119.223   2401.248   2119.293   2341.174 N000376
     0.000      0.000   0.000      0.000      0.000   0.000   0.0000  0.0000      0.000      0.000   1690.109   2407.748   1685.630   2381.775 N000377
  2144.101   2336.128 -11.625   2158.607   2346.826 -11.632   0.1014  0.1281   2158.326   2409.876   2158.224   2409.748   2158.506   2346.705 N000378
   560.063   2343.307 -10.196    539.135   2486.726 -10.204   0.0633 -0.1617    574.234   2417.053    574.171   2417.215    539.066   2486.897 N000379
  1097.434   2347.373  -9.792   1094.820   2443.567  -9.799  -0.0958 -0.1273   1111.623   2421.119   1111.718   2421.247   1094.917   2443.688 N000380
  1461.690   2349.569  -9.370   1467.630   2415.099  -9.377  -0.0187  0.1109   1475.891   2423.316   1475.910   2423.206   1467.650   2414.985 N000381
  1657.271   2364.569 -10.952   1666.505   2414.244 -10.960  -0.1733  0.0687   1671.479   2438.316   1671.652   2438.248   1666.681   2414.160 N000382
  2445.008   2366.772  -9.219   2460.438   2354.503  -9.226   0.0084 -0.0410   2459.243   2440.520   2459.235   2440.561   2460.429   2354.545 N000383
  2506.549   2367.065 -10.225   2522.002   2350.118 -10.232   0.0486  0.0654   2520.785   2440.814   2520.737   2440.749   2521.954   2350.055 N000384
  2015.943   2372.592 -11.759   2029.372   2393.665 -11.766  -0.0572  0.0918   2030.163   2446.340   2030.220   2446.248   2029.430   2393.568 N000385
     0.000      0.000   0.000      0.000      0.000   0.000   0.0000  0.0000      0.000      0.000   1281.645   2447.697   1268.934   2456.118 N000386
     0.000      0.000   0.000      0.000      0.000   0.000   0.0000  0.0000      0.000      0.000   2694.743   2447.749   2695.713   2343.977 N000387
     0.000      0.000   0.000      0.000      0.000   0.000   0.0000  0.0000      0.000      0.000    361.164   2460.745    316.081   2550.870 N000388
  2072.250   2386.817  -9.183   2086.072   2403.597  -9.190  -0.0622 -0.1834   2086.472   2460.565   2086.535   2460.748   2086.134   2403.777 N000389
  1688.204   2392.506 -10.368   1697.693   2440.035 -10.375   0.2035  0.0057   1702.413   2466.253   1702.209   2466.247   1697.486   2440.046 N000390
  1180.143   2393.417  -9.688   1179.232   2483.345  -9.695   0.1132 -0.0240   1194.334   2467.164   1194.221   2467.188   1179.115   2483.379 N000391
   671.382   2394.306  -9.017    654.087   2528.857  -9.024  -0.1184 -0.1944    685.556   2468.052    685.675   2468.246    654.207   2529.045 N000392
   386.744   2407.879 -10.633    357.296   2568.620 -10.640  -0.1939 -0.1209    400.908   2481.625    401.102   2481.745    357.497   2568.726 N000393
  1635.575   2418.498 -10.401   1644.046   2470.689 -10.408   0.0749 -0.0017   1649.782   2492.246   1649.707   2492.247   1643.970   2470.697 N000394
     0.000      0.000   0.000      0.000      0.000   0.000   0.0000  0.0000      0.000      0.000   2776.746   2500.249   2777.480   2390.601 N000395
  1724.474   2429.626 -11.323   1734.229   2474.708 -11.330  -0.0263  0.1261   1738.684   2503.374   1738.710   2503.247   1734.257   2474.578 N000396
  1602.287   2433.117 -10.236   1610.085   2488.260 -10.243  -0.1506  0.1168   1616.493   2506.864   1616.644   2506.747   1610.239   2488.129 N000397
  1672.217   2434.352 -11.032   1681.143   2483.768 -11.039   0.1872 -0.1477   1686.425   2508.100   1686.238   2508.247   1680.952   2483.933 N000398
     0.000      0.000   0.000      0.000      0.000   0.000   0.0000  0.0000      0.000      0.000   1326.196   2508.747   1313.903   2514.437 N000399
     0.000      0.000   0.000      0.000      0.000   0.000   0.0000  0.0000      0.000      0.000   2491.145   2514.158   2492.261   2426.241 N000400
     0.000      0.000   0.000      0.000      0.000   0.000   0.0000  0.0000      0.000      0.000   1992.219   2517.248   1990.738   2468.347 N000401
  2961.075   2447.514 -12.574   2975.079   2396.895 -12.581   0.0748  0.0142   2975.327   2521.263   2975.252   2521.249   2975.004   2396.886 N000402
     0.000      0.000   0.000      0.000      0.000   0.000   0.0000  0.0000      0.000      0.000   3896.784   2526.306   3884.287   2336.014 N000403
  2506.416   2455.278 -11.089   2521.771   2438.970 -11.096  -0.0839 -0.1938   2520.653   2529.027   2520.737   2529.221   2521.854   2439.159 N000404
     0.000      0.000   0.000      0.000      0.000   0.000   0.0000  0.0000      0.000      0.000    476.668   2531.245    435.592   2612.541 N000405
  1639.212   2459.256 -12.790   1647.413   2511.750 -12.797   0.2124  0.0971   1653.420   2533.003   1653.207   2532.906   1647.198   2511.669 N000406
     0.000      0.000   0.000      0.000      0.000   0.000   0.0000  0.0000      0.000      0.000   1407.199   2548.747   1396.325   2548.288 N000407
  2277.125   2476.818  -9.354   2291.841   2478.428  -9.361   0.9254 -0.7825   2291.354   2550.566   2290.429   2551.348   2290.908   2479.291 N000408
     0.000      0.000   0.000      0.000      0.000   0.000   0.0000  0.0000      0.000      0.000   1838.714   2564.247   1835.200   2528.300 N000409
     0.000      0.000   0.000      0.000      0.000   0.000   0.0000  0.0000      0.000      0.000   2512.537   2564.148   2513.596   2475.009 N000410
  2378.296   2491.839  -9.377   2393.349   2485.724  -9.385  -0.1760 -0.1608   2392.529   2565.587   2392.705   2565.748   2393.525   2485.873 N000411
  1743.813   2492.302 -11.130   1753.378   2536.704 -11.137  -0.1867 -0.1979   1758.024   2566.049   1758.211   2566.247   1753.566   2536.890 N000412
     0.000      0.000   0.000      0.000      0.000   0.000   0.0000  0.0000      0.000      0.000    719.176   2569.746    687.453   2629.884 N000413
     0.000      0.000   0.000      0.000      0.000   0.000   0.0000  0.0000      0.000      0.000   2278.229   2571.248   2278.584   2500.351 N000414
     0.000      0.000   0.000      0.000      0.000   0.000   0.0000  0.0000      0.000      0.000   2135.185   2574.709   2134.640   2515.126 N000415
     0.000      0.000   0.000      0.000      0.000   0.000   0.0000  0.0000      0.000      0.000   3029.754   2576.249   3029.255   2448.103 N000416
     0.000      0.000   0.000      0.000      0.000   0.000   0.0000  0.0000      0.000      0.000   1331.638   2578.747   1318.727   2585.242 N000417
  4082.661   2514.862  -9.375   4080.857   2384.505  -9.382   0.1606  0.8621   4096.951   2588.613   4096.791   2587.751   4080.692   2383.655 N000418
     0.000      0.000   0.000      0.000      0.000   0.000   0.0000  0.0000      0.000      0.000   2303.320   2587.839   2303.735   2515.154 N000419
  2656.155   2516.501  -8.999   2671.413   2489.248  -9.006   0.1551  0.0007   2670.397   2590.249   2670.242   2590.249   2671.258   2489.259 N000420
  1998.626   2516.794 -10.463   2011.164   2540.904 -10.471   0.1264 -0.2390   2012.846   2590.542   2012.720   2590.781   2011.035   2541.156 N000421
     0.000      0.000   0.000      0.000      0.000   0.000   0.0000  0.0000      0.000      0.000   2281.729   2601.248   2282.000   2530.405 N000422
  2220.469   2527.932  -9.781   2234.700   2534.544  -9.788  -0.0310 -0.0684   2234.696   2601.679   2234.727   2601.748   2234.731   2534.611 N000423
     0.000      0.000   0.000      0.000      0.000   0.000   0.0000  0.0000      0.000      0.000   2195.170   2602.692   2194.925   2538.691 N000424
     0.000      0.000   0.000      0.000      0.000   0.000   0.0000  0.0000      0.000      0.000   2587.406   2607.748   2588.452   2513.246 N000425
     0.000      0.000   0.000      0.000      0.000   0.000   0.0000  0.0000      0.000      0.000   2807.747   2607.749   2808.442   2496.442 N000426
  3088.691   2537.298 -11.723   3101.998   2477.649 -11.730   0.1914 -0.2015   3102.948   2611.048   3102.757   2611.249   3101.809   2477.866 N000427
   473.199   2547.877  -9.544    445.200   2704.331  -9.552   0.1608 -0.1225    487.367   2621.623    487.206   2621.745    445.030   2704.472 N000428
   792.291   2568.502  -8.257    776.911   2696.257  -8.264  -0.2091  0.4017    806.470   2642.247    806.679   2641.846    777.134   2695.827 N000429
  1399.578   2568.795 -11.567   1402.079   2643.254 -11.574   0.0777 -0.2049   1413.777   2642.542   1413.699   2642.746   1401.997   2643.470 N000430
     0.000      0.000   0.000      0.000      0.000   0.000   0.0000  0.0000      0.000      0.000    816.179   2643.246    786.957   2696.403 N000431
     0.000      0.000   0.000      0.000      0.000   0.000   0.0000  0.0000      0.000      0.000   1500.652   2645.247   1490.789   2638.641 N000432
  2637.172   2573.933 -12.986   2652.405   2548.629 -12.993   0.1723 -0.0669   2651.414   2647.681   2651.242   2647.748   2652.233   2548.710 N000433
  1166.322   2576.569 -10.124   1162.870   2671.291 -10.131  -0.1513  0.0686   1180.514   2650.315   1180.665   2650.246   1163.026   2671.208 N000434
  2097.186   2582.949 -10.559   2110.269   2600.052 -10.566   0.1857 -0.0514   2111.409   2656.696   2111.223   2656.747   2110.081   2600.119 N000435
     0.000      0.000   0.000      0.000      0.000   0.000   0.0000  0.0000      0.000      0.000   2335.231   2657.248   2335.569   2582.852 N000436
     0.000      0.000   0.000      0.000      0.000   0.000   0.0000  0.0000      0.000      0.000    958.684   2663.246    934.102   2704.098 N000437
  1718.738   2590.816 -11.016   1727.139   2638.860 -11.023   0.1323 -0.1839   1732.948   2664.563   1732.816   2664.747   1727.003   2639.058 N000438
     0.000      0.000   0.000      0.000      0.000   0.000   0.0000  0.0000      0.000      0.000   2518.737   2669.748   2519.621   2581.165 N000439
  1264.096   2597.789 -10.319   1263.011   2684.464 -10.327   0.0958 -0.2110   1278.291   2671.535   1278.195   2671.746   1262.910   2684.688 N000440
     0.000      0.000   0.000      0.000      0.000   0.000   0.0000  0.0000      0.000      0.000   2173.825   2673.147   2173.107   2611.738 N000441
  1702.069   2606.163 -10.431   1710.069   2655.860 -10.438   0.0691  0.1634   1716.279   2679.910   1716.210   2679.747   1710.000   2655.699 N000442
  1108.405   2608.317 -10.209   1102.884   2708.822 -10.216  -0.0947 -0.1306   1122.595   2682.062   1122.690   2682.193   1102.980   2708.947 N000443
     0.000      0.000   0.000      0.000      0.000   0.000   0.0000  0.0000      0.000      0.000   2868.693   2693.749   2869.216   2578.492 N000444
     0.000      0.000   0.000      0.000      0.000   0.000   0.0000  0.0000      0.000      0.000    686.375   2695.245    651.362   2761.569 N000445
     0.000      0.000   0.000      0.000      0.000   0.000   0.0000  0.0000      0.000      0.000   2585.839   2695.148   2586.764   2601.631 N000446
  1419.979   2627.623 -12.301   1422.308   2701.507 -12.309  -0.0211  0.1234   1434.179   2701.370   1434.200   2701.246   1422.331   2701.379 N000447
  2569.430   2628.710  -9.283   2584.580   2609.188  -9.290  -0.0704  0.2100   2583.669   2702.458   2583.739   2702.248   2584.651   2608.970 N000448
     0.000      0.000   0.000      0.000      0.000   0.000   0.0000  0.0000      0.000      0.000    288.161   2712.244    234.867   2816.356 N000449
  1262.833   2645.542 -11.747   1261.144   2733.359 -11.754  -0.1675  0.0421   1277.027   2719.288   1277.195   2719.246   1261.316   2733.301 N000450
    92.107   2649.608 -10.072     43.113   2845.363 -10.080   0.1075  0.1076    106.263   2723.352    106.155   2723.244     43.002   2845.263 N000451
     0.000      0.000   0.000      0.000      0.000   0.000   0.0000  0.0000      0.000      0.000   3542.772   2731.916   3537.563   2566.909 N000452
  2958.261   2660.786 -10.194   2972.630   2611.750 -10.201  -0.2115 -0.1858   2972.513   2734.535   2972.725   2734.721   2972.841   2611.921 N000453
  3749.249   2660.700  -9.740   3755.019   2553.671  -9.747  -0.2176  0.1331   3763.528   2734.449   3763.746   2734.316   3755.233   2553.522 N000454
  2453.824   2663.083 -11.103   2468.671   2652.986 -11.110  -0.1539  0.0831   2468.060   2736.831   2468.214   2736.748   2468.826   2652.890 N000455
     0.000      0.000   0.000      0.000      0.000   0.000   0.0000  0.0000      0.000      0.000   2253.828   2737.747   2253.389   2670.859 N000456
     0.000      0.000   0.000      0.000      0.000   0.000   0.0000  0.0000      0.000      0.000   1373.698   2738.246   1360.015   2744.352 N000457
     0.000      0.000   0.000      0.000      0.000   0.000   0.0000  0.0000      0.000      0.000   2773.246   2743.748   2774.033   2636.259 N000458
     0.000      0.000   0.000      0.000      0.000   0.000   0.0000  0.0000      0.000      0.000   3630.681   2743.343   3624.301   2572.065 N000459
  1419.234   2684.411  -8.864   1420.926   2759.546  -8.871   0.4005 -0.0054   1433.434   2758.157   1433.034   2758.163   1420.516   2759.586 N000460
  2685.554   2684.478 -13.435   2700.662   2656.563 -13.442   0.0536 -0.0220   2699.797   2758.226   2699.743   2758.248   2700.609   2656.589 N000461
     0.000      0.000   0.000      0.000      0.000   0.000   0.0000  0.0000      0.000      0.000   3195.760   2760.149   3194.451   2620.787 N000462
     0.000      0.000   0.000      0.000      0.000   0.000   0.0000  0.0000      0.000      0.000   2952.752   2761.648   2952.991   2640.601 N000463
     0.000      0.000   0.000      0.000      0.000   0.000   0.0000  0.0000      0.000      0.000   1594.672   2767.246   1585.482   2755.065 N000464
     0.000      0.000   0.000      0.000      0.000   0.000   0.0000  0.0000      0.000      0.000   1959.218   2773.747   1955.771   2731.276 N000465
     0.000      0.000   0.000      0.000      0.000   0.000   0.0000  0.0000      0.000      0.000   3023.254   2789.748   3023.182   2663.605 N000466
     0.000      0.000   0.000      0.000      0.000   0.000   0.0000  0.0000      0.000      0.000    316.662   2791.244    263.195   2895.162 N000467
     0.000      0.000   0.000      0.000      0.000   0.000   0.0000  0.0000      0.000      0.000   2050.221   2797.247   2047.677   2747.726 N000468
     0.000      0.000   0.000      0.000      0.000   0.000   0.0000  0.0000      0.000      0.000   2775.433   2803.685   2776.187   2696.670 N000469
   483.749   2730.688 -10.660    452.888   2891.494 -10.668   0.0949  0.1879    497.917   2804.432    497.822   2804.244    452.793   2891.309 N000470
     0.000      0.000   0.000      0.000      0.000   0.000   0.0000  0.0000      0.000      0.000   1787.212   2807.835   1781.063   2780.258 N000471
     0.000      0.000   0.000      0.000      0.000   0.000   0.0000  0.0000      0.000      0.000    953.084   2824.695    925.919   2870.167 N000472
  1733.555   2751.614  -8.718   1740.813   2801.438  -8.726   0.0553  0.1140   1747.766   2825.360   1747.711   2825.246   1740.758   2801.326 N000473
  1623.086   2752.214  -9.680   1628.344   2811.380  -9.687   0.0857  0.2143   1637.293   2825.960   1637.207   2825.746   1628.259   2811.169 N000474
     0.000      0.000   0.000      0.000      0.000   0.000   0.0000  0.0000      0.000      0.000   2498.237   2838.247   2498.671   2753.371 N000475
     0.000      0.000   0.000      0.000      0.000   0.000   0.0000  0.0000      0.000      0.000   2052.721   2842.747   2049.912   2793.824 N000476
     0.000      0.000   0.000      0.000      0.000   0.000   0.0000  0.0000      0.000      0.000    821.680   2842.959    789.480   2900.948 N000477
     0.000      0.000   0.000      0.000      0.000   0.000   0.0000  0.0000      0.000      0.000   1177.549   2850.103   1157.199   2876.067 N000478
     0.000      0.000   0.000      0.000      0.000   0.000   0.0000  0.0000      0.000      0.000   3355.055   2853.407   3352.577   2702.915 N000479
     0.000      0.000   0.000      0.000      0.000   0.000   0.0000  0.0000      0.000      0.000   2479.986   2858.247   2480.296   2775.104 N000480
     0.000      0.000   0.000      0.000      0.000   0.000   0.0000  0.0000      0.000      0.000   2245.728   2866.247   2244.625   2802.012 N000481
     0.000      0.000   0.000      0.000      0.000   0.000   0.0000  0.0000      0.000      0.000   1099.766   2866.745   1076.803   2900.107 N000482
     0.000      0.000   0.000      0.000      0.000   0.000   0.0000  0.0000      0.000      0.000   2775.746   2866.748   2776.455   2760.455 N000483
     0.000      0.000   0.000      0.000      0.000   0.000   0.0000  0.0000      0.000      0.000   2015.220   2869.747   2011.792   2824.409 N000484
     0.000      0.000   0.000      0.000      0.000   0.000   0.0000  0.0000      0.000      0.000   1793.213   2870.746   1786.614   2843.929 N000485
  1917.358   2801.206 -10.298   1927.022   2836.648 -10.305  -0.1417  0.2064   1931.576   2874.953   1931.717   2874.746   1927.167   2836.426 N000486
  3779.168   2803.166 -12.432   3785.390   2694.699 -12.440   0.1684  0.1657   3793.449   2876.915   3793.281   2876.749   3785.224   2694.544 N000487
     0.000      0.000   0.000      0.000      0.000   0.000   0.0000  0.0000      0.000      0.000   2470.536   2877.247   2470.749   2795.138 N000488
  2687.584   2812.853  -9.852   2702.538   2786.340  -9.860   0.0841 -0.1470   2701.828   2886.601   2701.744   2886.748   2702.454   2786.496 N000489
     0.000      0.000   0.000      0.000      0.000   0.000   0.0000  0.0000      0.000      0.000   2591.802   2890.747   2592.361   2799.206 N000490
  2312.026   2829.123  -9.465   2325.577   2832.741  -9.473  -0.0096  0.0511   2326.257   2902.870   2326.266   2902.819   2325.587   2832.688 N000491
     0.000      0.000   0.000      0.000      0.000   0.000   0.0000  0.0000      0.000      0.000   1964.260   2907.163   1959.898   2866.776 N000492
  2102.253   2841.134 -10.362   2113.895   2862.052 -10.369   0.0861  0.1338   2116.477   2914.880   2116.390   2914.747   2113.809   2861.923 N000493
  2464.559   2842.680  -9.923   2478.917   2834.260  -9.930   0.0594  0.1801   2478.795   2916.427   2478.736   2916.247   2478.858   2834.082 N000494
  1089.157   2844.308  -9.242   1079.749   2952.490  -9.249   0.1574 -0.1015   1103.347   2918.053   1103.189   2918.154   1079.585   2952.608 N000495
     0.000      0.000   0.000      0.000      0.000   0.000   0.0000  0.0000      0.000      0.000    756.178   2922.459    720.059   2988.911 N000496
  2503.935   2851.213 -13.109   2518.421   2839.780 -13.116  -0.0647  0.1481   2518.173   2924.960   2518.237   2924.812   2518.486   2839.624 N000497
     0.000      0.000   0.000      0.000      0.000   0.000   0.0000  0.0000      0.000      0.000    770.178   2938.744    734.325   3004.399 N000498
     0.000      0.000   0.000      0.000      0.000   0.000   0.0000  0.0000      0.000      0.000   1267.195   2945.745   1248.138   2966.225 N000499
  1217.208   2878.780 -11.271   1211.217   2976.389 -11.278   0.1829 -0.2205   1231.402   2952.525   1231.219   2952.745   1211.026   2976.632 N000500
     0.000      0.000   0.000      0.000      0.000   0.000   0.0000  0.0000      0.000      0.000   1968.719   2957.746   1964.026   2918.022 N000501
  1918.811   2889.740 -11.506   1927.790   2926.873 -11.513  -0.1888  0.2402   1933.029   2963.486   1933.218   2963.246   1927.984   2926.612 N000502
     0.000      0.000   0.000      0.000      0.000   0.000   0.0000  0.0000      0.000      0.000   1779.712   2967.246   1772.000   2943.657 N000503
   519.845   2893.868 -11.105    487.478   3056.575 -11.113  -0.1554 -0.1319    534.015   2967.612    534.170   2967.744    487.638   3056.696 N000504
     0.000      0.000   0.000      0.000      0.000   0.000   0.0000  0.0000      0.000      0.000   1557.659   2971.246   1545.562   2966.813 N000505
     0.000      0.000   0.000      0.000      0.000   0.000   0.0000  0.0000      0.000      0.000   2501.681   2981.191   2501.681   2898.239 N000506
  1044.347   2910.896 -10.573   1032.467   3025.063 -10.580  -0.1527 -0.1041   1058.535   2984.641   1058.688   2984.745   1032.623   3025.156 N000507
  1142.277   2912.303 -11.513   1133.548   3017.600 -11.521  -0.2232 -0.1968   1156.468   2986.048   1156.691   2986.245   1133.775   3017.782 N000508
  2042.931   2924.583  -9.423   2053.318   2952.070  -9.431  -0.0687  0.0826   2057.153   2998.329   2057.222   2998.246   2053.388   2951.980 N000509
  2538.749   2926.998  -9.392   2553.143   2914.000  -9.399   0.0956  0.0364   2552.988   3000.745   2552.892   3000.708   2553.047   2913.970 N000510
  2792.191   2931.207 -10.368   2807.009   2898.152 -10.375   0.1908 -0.0030   2806.438   3004.955   2806.247   3004.958   2806.818   2898.170 N000511
   719.734   2933.941 -10.348    695.340   3078.974 -10.355   0.1590 -0.0591    733.911   3007.685    733.752   3007.744    695.173   3079.050 N000512
     0.000      0.000   0.000      0.000      0.000   0.000   0.0000  0.0000      0.000      0.000   1655.208   3014.246   1644.691   3002.429 N000513
     0.000      0.000   0.000      0.000      0.000   0.000   0.0000  0.0000      0.000      0.000   1421.700   3021.745   1405.801   3030.525 N000514
     0.000      0.000   0.000      0.000      0.000   0.000   0.0000  0.0000      0.000      0.000   1841.548   3021.996   1834.376   2994.408 N000515
     0.000      0.000   0.000      0.000      0.000   0.000   0.0000  0.0000      0.000      0.000   2167.726   3022.246   2165.007   2967.298 N000516
  2315.729   2949.815 -11.571   2328.744   2955.287 -11.579   0.1810 -0.1853   2329.960   3023.561   2329.779   3023.747   2328.561   2955.490 N000517
     0.000      0.000   0.000      0.000      0.000   0.000   0.0000  0.0000      0.000      0.000   1672.709   3028.273   1662.394   3015.293 N000518
     0.000      0.000   0.000      0.000      0.000   0.000   0.0000  0.0000      0.000      0.000   2898.750   3031.747   2899.206   2918.100 N000519
  1728.558   2988.577  -9.258   1733.461   3044.150  -9.265   0.0582  0.0770   1742.769   3062.323   1742.711   3062.246   1733.402   3044.076 N000520
     0.000      0.000   0.000      0.000      0.000   0.000   0.0000  0.0000      0.000      0.000   3809.781   3065.749   3802.631   2883.883 N000521
     0.000      0.000   0.000      0.000      0.000   0.000   0.0000  0.0000      0.000      0.000   2443.735   3103.559   2442.964   3027.514 N000522
     0.000      0.000   0.000      0.000      0.000   0.000   0.0000  0.0000      0.000      0.000   1504.703   3104.773   1489.816   3108.478 N000523
   771.000   3032.542 -12.326    746.875   3176.077 -12.334  -0.0001  0.0424    785.179   3106.286    785.179   3106.244    746.876   3176.033 N000524
   607.075   3036.052 -10.473    575.840   3195.396 -10.480   0.0747  0.0517    621.248   3109.795    621.173   3109.744    575.763   3195.350 N000525
  3828.455   3039.840 -11.800   3835.394   2929.827 -11.807  -0.0453 -0.1600   3842.737   3113.589   3842.783   3113.749   3835.440   2929.985 N000526
     0.000      0.000   0.000      0.000      0.000   0.000   0.0000  0.0000      0.000      0.000   2184.726   3124.246   2181.534   3070.059 N000527
     0.000      0.000   0.000      0.000      0.000   0.000   0.0000  0.0000      0.000      0.000   3543.772   3129.343   3540.317   2967.745 N000528
     0.000      0.000   0.000      0.000      0.000   0.000   0.0000  0.0000      0.000      0.000   3453.769   3146.248   3451.280   2991.604 N000529
     0.000      0.000   0.000      0.000      0.000   0.000   0.0000  0.0000      0.000      0.000    262.911   3151.850    198.636   3274.417 N000530
  1858.324   3083.864 -11.069   1864.632   3130.698 -11.077  -0.1764 -0.1021   1872.539   3157.610   1872.716   3157.712   1864.810   3130.788 N000531
  3333.189   3092.254  -8.702   3345.925   3019.663  -8.709  -0.1113 -0.1459   3347.455   3166.002   3347.566   3166.148   3346.036   3019.803 N000532
  1746.040   3109.834 -10.538   1750.007   3167.062 -10.545   0.0400 -0.1656   1760.252   3183.580   1760.212   3183.745   1749.965   3167.235 N000533
     0.000      0.000   0.000      0.000      0.000   0.000   0.0000  0.0000      0.000      0.000   1936.690   3188.245   1929.572   3156.619 N000534
     0.000      0.000   0.000      0.000      0.000   0.000   0.0000  0.0000      0.000      0.000   1978.219   3189.216   1971.749   3154.058 N000535
  1848.699   3116.438  -9.657   1854.522   3164.953  -9.665   0.0933 -0.0622   1862.914   3190.183   1862.821   3190.245   1854.427   3165.025 N000536
     0.000      0.000   0.000      0.000      0.000   0.000   0.0000  0.0000      0.000      0.000   1558.205   3193.745   1543.492   3195.247 N000537
  2342.699   3121.187  -8.997   2355.055   3127.955  -9.004   0.1990  0.1416   2356.931   3194.933   2356.732   3194.791   2354.855   3127.826 N000538
  2460.758   3132.657  -8.824   2473.979   3129.905  -8.831   0.0082  0.1569   2474.994   3206.403   2474.986   3206.246   2473.972   3129.745 N000539
  1853.934   3143.006 -11.048   1859.590   3191.781 -11.055  -0.0662  0.0057   1868.149   3216.751   1868.216   3216.745   1859.657   3191.769 N000540
  2266.199   3148.924  -9.690   2277.650   3162.719  -9.698   0.0209 -0.0759   2280.429   3222.670   2280.408   3222.746   2277.628   3162.799 N000541
   443.451   3167.974 -11.006    401.534   3348.509 -11.014  -0.0491 -0.0262    457.619   3241.717    457.668   3241.743    401.585   3348.531 N000542
   918.532   3179.102 -10.953    897.568   3313.859 -10.960   0.0317  0.1023    932.716   3252.846    932.684   3252.744    897.537   3313.756 N000543
  2339.113   3206.021 -10.586   2350.945   3215.054 -10.593   0.1133  0.0208   2353.345   3279.767   2353.232   3279.746   2350.831   3215.042 N000544
     0.000      0.000   0.000      0.000      0.000   0.000   0.0000  0.0000      0.000      0.000   2147.725   3286.995   2142.906   3239.870 N000545
   538.948   3246.241 -11.111    500.013   3420.539 -11.119  -0.0521  0.2186    553.119   3319.984    553.171   3319.766    500.073   3420.306 N000546
   875.326   3253.123 -10.132    851.249   3394.796 -10.139  -0.1463  0.1229    889.508   3326.866    889.655   3326.743    851.403   3394.654 N000547
  1867.105   3269.873  -8.946   1871.718   3321.094  -8.954   0.1048 -0.1272   1881.321   3343.618   1881.216   3343.745   1871.610   3321.234 N000548
     0.000      0.000   0.000      0.000      0.000   0.000   0.0000  0.0000      0.000      0.000    799.179   3349.743    756.705   3427.311 N000549
     0.000      0.000   0.000      0.000      0.000   0.000   0.0000  0.0000      0.000      0.000   2266.729   3419.245   2262.436   3365.499 N000550
  2506.908   3346.825 -14.261   2519.389   3345.299 -14.269  -0.0440  0.0154   2521.146   3420.571   2521.190   3420.555   2519.433   3345.279 N000551
     0.000      0.000   0.000      0.000      0.000   0.000   0.0000  0.0000      0.000      0.000   2433.735   3428.245   2431.193   3360.527 N000552
  1373.468   3356.565 -10.324   1365.057   3455.036 -10.331  -0.0318  0.0651   1387.668   3430.309   1387.700   3430.244   1365.091   3454.966 N000553
  2446.990   3410.241  -9.391   2458.596   3415.461  -9.398   0.4341  0.2411   2461.226   3483.986   2460.792   3483.745   2458.159   3415.250 N000554
     0.000      0.000   0.000      0.000      0.000   0.000   0.0000  0.0000      0.000      0.000   1481.703   3484.244   1460.991   3502.254 N000555
  2330.132   3426.553 -11.407   2340.406   3442.199 -11.415   0.1316  0.0526   2344.364   3500.298   2344.232   3500.245   2340.273   3442.156 N000556
     0.000      0.000   0.000      0.000      0.000   0.000   0.0000  0.0000      0.000      0.000   2864.250   3513.746   2863.877   3412.456 N000557
     0.000      0.000   0.000      0.000      0.000   0.000   0.0000  0.0000      0.000      0.000   2347.589   3522.245   2343.509   3464.511 N000558
  3227.519   3471.025  -9.605   3241.288   3413.814  -9.612   0.0191  0.0247   3241.782   3544.771   3241.763   3544.746   3241.269   3413.790 N000559
  1980.619   3481.477  -9.561   1985.153   3529.320  -9.568   0.1191 -0.0234   1994.839   3555.221   1994.720   3555.244   1985.031   3529.355 N000560
   607.631   3488.053  -8.833    566.427   3666.284  -8.841   0.1307  0.0530    621.804   3561.795    621.674   3561.742    566.291   3666.242 N000561
     0.000      0.000   0.000      0.000      0.000   0.000   0.0000  0.0000      0.000      0.000   1753.212   3562.744   1738.386   3558.781 N000562
  1844.453   3501.595 -10.113   1846.041   3562.294 -10.120  -0.0470  0.0953   1858.669   3575.339   1858.716   3575.244   1846.090   3562.191 N000563
  1836.775   3514.324  -9.116   1838.046   3576.161  -9.123   0.0255 -0.1446   1850.991   3588.068   1850.965   3588.213   1838.018   3576.313 N000564
     0.000      0.000   0.000      0.000      0.000   0.000   0.0000  0.0000      0.000      0.000   1034.188   3597.143    996.360   3662.191 N000565
     0.000      0.000   0.000      0.000      0.000   0.000   0.0000  0.0000      0.000      0.000   3340.766   3620.246   3339.946   3483.261 N000566
     0.000      0.000   0.000      0.000      0.000   0.000   0.0000  0.0000      0.000      0.000   2200.227   3625.682   2193.319   3583.977 N000567
     0.000      0.000   0.000      0.000      0.000   0.000   0.0000  0.0000      0.000      0.000   2155.226   3630.744   2147.566   3593.165 N000568
     0.000      0.000   0.000      0.000      0.000   0.000   0.0000  0.0000      0.000      0.000   1614.308   3667.443   1594.552   3680.157 N000569
   835.879   3644.093  -9.073    801.815   3806.738  -9.081  -0.0581  0.0935    850.061   3717.835    850.119   3717.742    801.878   3806.634 N000570
     0.000      0.000   0.000      0.000      0.000   0.000   0.0000  0.0000      0.000      0.000    858.682   3717.742    810.828   3805.771 N000571
  2581.877   3656.837  -8.623   2593.205   3657.985  -8.630  -0.0605 -0.0376   2596.118   3730.582   2596.178   3730.620   2593.266   3658.019 N000572
     0.000      0.000   0.000      0.000      0.000   0.000   0.0000  0.0000      0.000      0.000   4058.235   3740.469   4051.883   3550.969 N000573
     0.000      0.000   0.000      0.000      0.000   0.000   0.0000  0.0000      0.000      0.000   2879.751   3747.745   2878.663   3651.726 N000574
     0.000      0.000   0.000      0.000      0.000   0.000   0.0000  0.0000      0.000      0.000    822.317   3760.878    771.794   3854.727 N000575
  3546.226   3688.986 -10.249   3558.820   3612.022 -10.257   0.0693 -0.0138   3560.499   3762.732   3560.430   3762.746   3558.751   3612.042 N000576
  1981.082   3694.752 -10.505   1983.266   3750.146 -10.512   0.0819  0.1805   1995.302   3768.496   1995.221   3768.315   1983.184   3749.966 N000577
  1457.643   3695.991 -10.154   1446.320   3800.073 -10.161   0.1432 -0.0091   1471.846   3769.734   1471.703   3769.743   1446.172   3800.096 N000578
  2608.560   3703.800  -9.032   2619.844   3704.205  -9.039   0.0598 -0.2001   2622.802   3777.544   2622.742   3777.745   2619.782   3704.416 N000579
     0.000      0.000   0.000      0.000      0.000   0.000   0.0000  0.0000      0.000      0.000   3503.772   3793.946   3502.440   3648.545 N000580
   757.689   3721.389 -10.660    718.125   3895.885 -10.668  -0.5888 -0.5553    771.868   3795.131    772.457   3795.686    718.729   3896.408 N000581
  3857.777   3732.569 -10.391   3868.132   3632.509 -10.398  -0.1967  0.0686   3872.061   3806.315   3872.258   3806.246   3868.327   3632.423 N000582
  1977.693   3747.432  -9.900   1979.181   3805.179  -9.907   0.1933 -0.0676   1991.914   3821.176   1991.721   3821.243   1978.983   3805.267 N000583
  1944.968   3779.378 -10.102   1945.360   3841.395 -10.109  -0.0324 -0.1224   1959.187   3853.121   1959.219   3853.243   1945.392   3841.519 N000584
     0.000      0.000   0.000      0.000      0.000   0.000   0.0000  0.0000      0.000      0.000   1527.205   3872.243   1501.672   3901.825 N000585
  1629.710   3801.659  -9.452   1621.818   3894.004  -9.459   0.0926  0.1589   1643.919   3875.402   1643.826   3875.243   1621.725   3893.847 N000586
     0.000      0.000   0.000      0.000      0.000   0.000   0.0000  0.0000      0.000      0.000   2641.243   3899.244   2637.667   3828.535 N000587
   917.267   3841.667  -8.734    882.258   4006.115  -8.742  -0.1327  0.1667    931.452   3915.408    931.585   3915.241    882.401   4005.925 N000588
     0.000      0.000   0.000      0.000      0.000   0.000   0.0000  0.0000      0.000      0.000   2049.223   3941.279   2036.222   3924.936 N000589
  3376.361   3871.484 -10.259   3389.743   3813.333 -10.266  -0.1386 -0.0161   3390.630   3945.229   3390.768   3945.245   3389.882   3813.338 N000590
  3845.716   3871.523  -8.780   3856.734   3776.127  -8.787  -0.3840 -0.7769   3860.000   3945.269   3860.384   3946.046   3857.118   3776.897 N000591
     0.000      0.000   0.000      0.000      0.000   0.000   0.0000  0.0000      0.000      0.000   1325.198   3978.742   1290.836   4033.062 N000592
   961.403   3908.487  -9.889    926.785   4072.014  -9.896  -0.0690 -0.0130    975.589   3982.228    975.658   3982.241    926.857   4072.020 N000593
  1786.507   3908.775 -10.901   1781.272   3991.088 -10.909   0.0349  0.1085   1800.721   3982.518   1800.686   3982.409   1781.238   3990.978 N000594
  1002.733   3915.076  -9.827    969.809   4074.724  -9.834   0.1805  0.0760   1016.921   3988.817   1016.740   3988.741    969.622   4074.663 N000595
     0.000      0.000   0.000      0.000      0.000   0.000   0.0000  0.0000      0.000      0.000   3279.765   3993.245   3278.926   3871.954 N000596
  1338.285   3948.599 -12.582   1318.249   4076.169 -12.589   0.1111  0.0986   1352.484   4022.340   1352.373   4022.242   1318.136   4076.076 N000597
  1290.615   3957.097 -11.809   1268.623   4089.852 -11.816   0.1150  0.0967   1304.812   4030.838   1304.697   4030.742   1268.506   4089.762 N000598
  1938.483   3984.649 -11.551   1935.976   4056.146 -11.559  -0.0165  0.1493   1952.703   4058.392   1952.720   4058.243   1935.995   4055.988 N000599
  3642.849   3990.020  -9.343   3655.484   3914.234  -9.351  -0.1509 -0.0135   3657.126   4063.765   3657.277   4063.778   3655.634   3914.236 N000600
     0.000      0.000   0.000      0.000      0.000   0.000   0.0000  0.0000      0.000      0.000   1792.214   4098.742     -1.000     -1.000 N000601
     0.000      0.000   0.000      0.000      0.000   0.000   0.0000  0.0000      0.000      0.000   2747.247   4110.744   2743.272   4038.900 N000602
     0.000      0.000   0.000      0.000      0.000   0.000   0.0000  0.0000      0.000      0.000   2383.634   4186.743     -1.000     -1.000 N000603
