   269.876   -151.764 -11.682    252.676     52.935 -11.682  -0.1235 -0.0974    277.521    -80.501    277.645    -80.404    252.803     53.023 N000001
   459.972   -127.864 -11.015    448.493     63.702 -11.015  -0.0278  0.1358    467.623    -56.603    467.651    -56.739    448.522     63.566 N000002
     0.000      0.000   0.000      0.000      0.000   0.000   0.0000  0.0000      0.000      0.000    872.665    -53.241    862.917     40.165 N000003
     0.000      0.000   0.000      0.000      0.000   0.000   0.0000  0.0000      0.000      0.000    340.120     22.262    316.944    150.262 N000004
  2316.641    -26.259 -10.343   2320.153     45.218 -10.344   0.1407  0.0913   2324.355     44.992   2324.214     44.900   2320.014     45.138 N000005
   725.004     -9.097  -9.971    719.949    163.069  -9.971   0.0037 -0.0973    732.665     62.163    732.661     62.260    719.945    163.165 N000006
     0.000      0.000   0.000      0.000      0.000   0.000   0.0000  0.0000      0.000      0.000   1280.180     65.257   1276.181    130.194 N000007
     0.000      0.000   0.000      0.000      0.000   0.000   0.0000  0.0000      0.000      0.000   2827.232    100.247   2816.648     68.774 N000008
   764.817     70.935  -8.875    760.482    239.334  -8.875   0.0899 -0.1102    772.481    142.195    772.391    142.306    760.390    239.449 N000009
  2273.024     90.620 -11.152   2277.484    161.842 -11.152   0.0243  0.1198   2280.738    161.871   2280.714    161.751   2277.460    161.727 N000010
  3387.698     96.238 -13.520   3373.458    100.503 -13.521   0.1982 -0.0536   3395.449    167.482   3395.251    167.536   3373.265    100.566 N000011
   132.980    102.738 -12.924    109.879    314.526 -12.924  -0.0204 -0.1748    140.622    174.002    140.643    174.177    109.899    314.698 N000012
   537.980    110.384  -9.598    527.983    293.772  -9.598  -0.0529 -0.1155    545.637    181.646    545.690    181.762    528.037    293.883 N000013
     0.000      0.000   0.000      0.000      0.000   0.000   0.0000  0.0000      0.000      0.000    449.153    210.262    428.628    328.786 N000014
  2368.387    183.360 -12.069   2372.421    246.488 -12.069  -0.1131 -0.1402   2376.105    254.610   2376.218    254.751   2372.533    246.618 N000015
  1833.962    187.382 -10.782   1840.603    283.924 -10.783  -0.0376 -0.1178   1841.663    258.636   1841.700    258.754   1840.641    284.037 N000016
  1619.984    221.178  -9.694   1626.271    330.800  -9.694  -0.0157  0.1553   1627.678    292.433   1627.693    292.278   1626.287    330.646 N000017
  2881.807    221.428 -10.956   2879.217    252.203 -10.956  -0.1640 -0.0719   2889.542    292.676   2889.706    292.747   2879.379    252.263 N000018
     0.000      0.000   0.000      0.000      0.000   0.000   0.0000  0.0000      0.000      0.000   1946.705    362.253   1945.783    378.800 N000019
   687.894    302.608  -8.971    681.077    473.640  -8.971  -0.0430  0.2327    695.558    373.869    695.601    373.636    681.122    473.406 N000020
     0.000      0.000   0.000      0.000      0.000   0.000   0.0000  0.0000      0.000      0.000   1877.703    393.254   1876.909    413.640 N000021
  1466.427    322.341  -8.859   1471.884    440.291  -8.859  -0.0726 -0.1593   1474.117    393.597   1474.189    393.756   1471.957    440.443 N000022
  2178.185    350.848 -11.779   2184.286    422.215 -11.779   0.1846 -0.1515   2185.898    422.101   2185.713    422.252   2184.103    422.375 N000023
  1247.464    353.522 -10.450   1250.749    485.612 -10.450  -0.0359  0.0218   1255.146    424.780   1255.182    424.758   1250.785    485.588 N000024
  3699.879    384.214  -8.751   3680.158    361.549  -8.751  -0.1214 -0.0004   3707.643    455.457   3707.764    455.457   3680.276    361.542 N000025
     0.000      0.000   0.000      0.000      0.000   0.000   0.0000  0.0000      0.000      0.000   1505.691    462.756   1503.673    506.299 N000026
   997.399    398.987 -10.759    996.816    547.565 -10.759  -0.1006 -0.0129   1005.074    470.246   1005.174    470.259    996.918    547.571 N000027
     0.000      0.000   0.000      0.000      0.000   0.000   0.0000  0.0000      0.000      0.000   1090.177    479.759   1083.331    551.117 N000028
  1120.713    414.317  -8.869   1122.136    554.247  -8.870   0.2135 -0.1831   1128.392    485.576   1128.179    485.759   1121.919    554.443 N000029
  1094.755    420.274  -8.552   1095.753    561.915  -8.553   0.1547 -0.2259   1102.432    491.533   1102.278    491.759   1095.595    562.149 N000030
  3131.674    421.690 -10.381   3125.867    432.077 -10.382   0.1741  0.1564   3139.420    492.936   3139.246    492.780   3125.695    431.935 N000031
  3177.529    447.708 -13.319   3170.995    454.638 -13.320   0.0292  0.1629   3185.277    518.955   3185.248    518.792   3170.965    454.481 N000032
     0.000      0.000   0.000      0.000      0.000   0.000   0.0000  0.0000      0.000      0.000   2475.724    530.251   2472.287    509.754 N000033
     0.000      0.000   0.000      0.000      0.000   0.000   0.0000  0.0000      0.000      0.000    203.315    549.681    172.450    683.754 N000034
     0.000      0.000   0.000      0.000      0.000   0.000   0.0000  0.0000      0.000      0.000   2071.211    555.753   2070.434    560.660 N000035
   166.832    499.563 -12.824    142.346    706.987 -12.824  -0.1676  0.0633    174.480    570.828    174.648    570.765    142.521    706.911 N000036
  2317.780    522.348  -9.023   2323.554    581.401  -9.023  -0.0202 -0.1522   2325.500    593.599   2325.520    593.752   2323.574    581.549 N000037
     0.000      0.000   0.000      0.000      0.000   0.000   0.0000  0.0000      0.000      0.000   1589.195    601.756   1587.676    637.715 N000038
  1791.333    555.929 -13.068   1798.412    648.763 -13.068  -0.1666 -0.0711   1799.036    627.184   1799.202    627.255   1798.579    648.822 N000039
  1434.863    560.652  -8.584   1439.860    677.382  -8.584  -0.1368  0.1516   1442.554    631.909   1442.691    631.757   1439.998    677.223 N000040
     0.000      0.000   0.000      0.000      0.000   0.000   0.0000  0.0000      0.000      0.000   2800.236    640.249   2793.401    596.933 N000041
  2406.438    570.642  -8.523   2411.696    623.075  -8.524  -0.1457  0.1418   2414.161    641.893   2414.306    641.751   2411.840    622.926 N000042
     0.000      0.000   0.000      0.000      0.000   0.000   0.0000  0.0000      0.000      0.000   3263.085    650.746   3248.170    578.394 N000043
     0.000      0.000   0.000      0.000      0.000   0.000   0.0000  0.0000      0.000      0.000   1822.503    651.255   1821.937    670.913 N000044
     0.000      0.000   0.000      0.000      0.000   0.000   0.0000  0.0000      0.000      0.000   2740.234    670.749   2734.377    630.573 N000045
    69.439    608.678 -10.101     40.068    823.314 -10.101  -0.0612  0.1779     77.084    679.943     77.145    679.766     40.134    823.131 N000046
     0.000      0.000   0.000      0.000      0.000   0.000   0.0000  0.0000      0.000      0.000   2026.711    685.754   2026.240    691.352 N000047
     0.000      0.000   0.000      0.000      0.000   0.000   0.0000  0.0000      0.000      0.000   2907.847    687.248   2899.659    636.148 N000048
  1143.993    617.044  -9.251   1145.193    753.229  -9.251  -0.0073  0.0439   1151.674    688.303   1151.681    688.259   1145.201    753.185 N000049
     0.000      0.000   0.000      0.000      0.000   0.000   0.0000  0.0000      0.000      0.000   2368.722    698.752   2366.785    681.799 N000050
     0.000      0.000   0.000      0.000      0.000   0.000   0.0000  0.0000      0.000      0.000   2149.715    722.253   2149.010    719.163 N000051
  1650.060    666.825 -11.595   1656.551    767.599 -11.595   0.0598 -0.1748   1657.759    738.081   1657.699    738.256   1656.491    767.776 N000052
     0.000      0.000   0.000      0.000      0.000   0.000   0.0000  0.0000      0.000      0.000   1466.692    739.457   1464.043    782.018 N000053
     0.000      0.000   0.000      0.000      0.000   0.000   0.0000  0.0000      0.000      0.000    404.719    741.201    379.595    859.813 N000054
     0.000      0.000   0.000      0.000      0.000   0.000   0.0000  0.0000      0.000      0.000   2592.230    748.750   2588.473    716.458 N000055
  3247.590    678.565 -12.400   3241.301    675.605 -12.400   0.0903  0.0650   3255.343    749.811   3255.252    749.746   3241.212    675.547 N000056
  1468.122    695.626 -10.133   1473.196    808.516 -10.133   0.1220  0.1263   1475.815    766.884   1475.693    766.757   1473.073    808.399 N000057
  4070.201    713.570 -11.500   4042.993    659.814 -11.500   0.2014  0.0704   4077.981    784.812   4077.780    784.741   4042.797    659.757 N000058
   585.662    729.119  -9.422    573.711    904.808  -9.422   0.1616  0.1189    593.325    800.382    593.164    800.263    573.545    904.701 N000059
  1772.356    731.141  -8.665   1779.367    822.813  -8.665  -0.0438  0.2410   1780.060    802.396   1780.103    802.155   1779.411    822.572 N000060
  2832.727    735.928 -10.429   2833.906    757.861 -10.429   0.2274 -0.0720   2840.466    807.177   2840.239    807.249   2833.683    757.946 N000061
     0.000      0.000   0.000      0.000      0.000   0.000   0.0000  0.0000      0.000      0.000   1312.288    814.058   1307.715    866.598 N000062
     0.000      0.000   0.000      0.000      0.000   0.000   0.0000  0.0000      0.000      0.000   3798.771    814.743   3772.242    705.697 N000063
  2519.617    743.837  -9.763   2524.470    785.767  -9.763  -0.6958 -0.6009   2527.345    815.088   2528.041    815.688   2525.161    786.312 N000064
     0.000      0.000   0.000      0.000      0.000   0.000   0.0000  0.0000      0.000      0.000   3824.772    823.243   3797.601    712.414 N000065
  1728.694    757.633  -9.188   1735.508    851.946  -9.188   0.1942  0.1335   1736.396    828.889   1736.202    828.756   1735.313    851.827 N000066
  3282.196    779.949  -9.600   3275.906    772.578  -9.601   0.1963 -0.0512   3289.951    851.195   3289.754    851.246   3275.714    772.640 N000067
     0.000      0.000   0.000      0.000      0.000   0.000   0.0000  0.0000      0.000      0.000   1334.689    853.758   1330.275    904.381 N000068
   498.577    783.956 -10.649    483.539    966.024 -10.650   0.0765 -0.0437    506.238    855.220    506.161    855.263    483.460    966.073 N000069
     0.000      0.000   0.000      0.000      0.000   0.000   0.0000  0.0000      0.000      0.000   1521.195    859.757   1518.793    897.284 N000070
     0.000      0.000   0.000      0.000      0.000   0.000   0.0000  0.0000      0.000      0.000   1625.199    860.257   1623.619    890.580 N000071
     0.000      0.000   0.000      0.000      0.000   0.000   0.0000  0.0000      0.000      0.000    945.176    864.761    934.080    943.123 N000072
  2845.603    800.208  -8.662   2846.908    820.076  -8.662   0.1860  0.0415   2853.343    871.457   2853.157    871.416   2846.724    820.047 N000073
  1204.597    806.605 -12.016   1206.049    936.955 -12.017   0.0973  0.1055   1212.282    877.865   1212.185    877.759   1205.951    936.857 N000074
  2075.628    813.664  -8.450   2082.999    883.781  -8.450   0.1277  0.1643   2083.342    884.918   2083.214    884.754   2082.871    883.627 N000075
     0.000      0.000   0.000      0.000      0.000   0.000   0.0000  0.0000      0.000      0.000   2211.719    888.253   2211.059    878.488 N000076
  3008.932    818.756 -10.589   3007.873    827.831 -10.590  -0.0435 -0.1695   3016.677    890.004   3016.721    890.173   3007.917    827.994 N000077
     0.000      0.000   0.000      0.000      0.000   0.000   0.0000  0.0000      0.000      0.000   2115.216    912.254   2114.840    908.605 N000078
   144.210    843.044 -11.831    115.647   1052.268 -11.831   0.2103  0.0441    151.860    914.310    151.650    914.266    115.428   1052.240 N000079
     0.000      0.000   0.000      0.000      0.000   0.000   0.0000  0.0000      0.000      0.000   1612.199    918.257   1610.423    948.888 N000080
  1555.824    847.328 -10.403   1561.351    952.599 -10.403  -0.1512 -0.1716   1563.521    918.585   1563.672    918.757   1561.503    952.758 N000081
     0.000      0.000   0.000      0.000      0.000   0.000   0.0000  0.0000      0.000      0.000   2190.218    939.222   2189.689    930.176 N000082
     0.000      0.000   0.000      0.000      0.000   0.000   0.0000  0.0000      0.000      0.000   2872.241    943.392   2865.878    889.466 N000083
  2768.843    873.207 -10.301   2771.482    896.697 -10.301  -0.1573  0.2069   2776.581    944.457   2776.738    944.250   2771.637    896.484 N000084
     0.000      0.000   0.000      0.000      0.000   0.000   0.0000  0.0000      0.000      0.000   2560.981    964.834   2558.263    930.806 N000085
     0.000      0.000   0.000      0.000      0.000   0.000   0.0000  0.0000      0.000      0.000   2339.224    974.252   2338.123    954.759 N000086
     0.000      0.000   0.000      0.000      0.000   0.000   0.0000  0.0000      0.000      0.000    399.159    988.639    371.711   1107.583 N000087
  1290.766    919.531  -8.923   1293.052   1042.960  -8.923  -0.1673  0.0314   1298.455    990.790   1298.623    990.759   1293.222   1042.917 N000088
  2812.122    934.362 -10.117   2814.470    953.989 -10.117   0.1221 -0.1383   2819.862   1005.611   2819.740   1005.750   2814.350    954.133 N000089
  2391.550    936.922 -13.222   2397.896    984.198 -13.222   0.0497 -0.0777   2399.276   1008.174   2399.226   1008.252   2397.847    984.278 N000090
   538.677    937.370 -10.078    523.636   1116.315 -10.079   0.1769 -0.1305    546.341   1008.633    546.164   1008.763    523.452   1116.459 N000091
  2149.710    943.944  -8.965   2157.045   1007.372  -8.965   0.0851 -0.0559   2157.428   1015.198   2157.343   1015.254   2156.960   1007.433 N000092
     0.000      0.000   0.000      0.000      0.000   0.000   0.0000  0.0000      0.000      0.000   2888.243   1018.749   2881.997    962.462 N000093
     0.000      0.000   0.000      0.000      0.000   0.000   0.0000  0.0000      0.000      0.000   1559.698   1021.757   1557.236   1055.145 N000094
     0.000      0.000   0.000      0.000      0.000   0.000   0.0000  0.0000      0.000      0.000   1815.242   1024.256   1814.487   1039.754 N000095
  2325.114    956.556 -11.569   2331.858   1008.002 -11.569   0.1143  0.0564   2332.838   1027.809   2332.724   1027.753   2331.744   1007.954 N000096
     0.000      0.000   0.000      0.000      0.000   0.000   0.0000  0.0000      0.000      0.000   2177.219   1029.754   2176.798   1020.408 N000097
     0.000      0.000   0.000      0.000      0.000   0.000   0.0000  0.0000      0.000      0.000   1067.152   1036.260   1057.608   1104.961 N000098
  2401.160    969.200  -8.851   2407.512   1015.384  -8.851   0.1600  0.0754   2408.887   1040.453   2408.727   1040.377   2407.353   1015.320 N000099
  1086.852    974.223  -9.770   1085.466   1112.142  -9.770  -0.1481  0.2230   1094.535   1045.483   1094.683   1045.260   1085.618   1111.909 N000100
     0.000      0.000   0.000      0.000      0.000   0.000   0.0000  0.0000      0.000      0.000   2048.715   1045.054   2048.440   1044.272 N000101
  1954.301    989.552  -8.810   1961.652   1065.797  -8.810  -0.1988  0.0019   1962.013   1060.807   1962.212   1060.805   1961.851   1065.781 N000102
  1409.960   1007.792  -9.880   1413.480   1122.133  -9.880  -0.0403 -0.1819   1417.654   1079.050   1417.694   1079.232   1413.520   1122.311 N000103
  2129.898   1017.182 -10.658   2137.294   1081.091 -10.658  -0.1022  0.1821   2137.616   1088.436   2137.718   1088.254   2137.396   1080.904 N000104
  1972.620   1023.078 -10.527   1979.982   1097.716 -10.527   0.1202  0.0777   1980.333   1094.333   1980.213   1094.255   1979.862   1097.647 N000105
     0.000      0.000   0.000      0.000      0.000   0.000   0.0000  0.0000      0.000      0.000    540.665   1094.764    517.010   1202.974 N000106
  1799.368   1028.636  -8.711   1806.168   1115.257  -8.711  -0.1319  0.1917   1807.075   1099.892   1807.207   1099.700   1806.301   1115.058 N000107
  3751.068   1029.713 -10.526   3735.922    987.809 -10.527   0.0676  0.1654   3758.840   1100.957   3758.772   1100.792   3735.855    987.651 N000108
     0.000      0.000   0.000      0.000      0.000   0.000   0.0000  0.0000      0.000      0.000   2367.726   1116.253   2366.693   1092.955 N000109
  1734.435   1052.035  -9.145   1740.824   1143.023  -9.145  -0.0648  0.0351   1742.141   1123.292   1742.205   1123.256   1740.889   1142.984 N000110
  1826.137   1056.906  -8.953   1833.010   1141.410  -8.953   0.1374 -0.0940   1833.846   1128.162   1833.708   1128.256   1832.872   1141.513 N000111
     0.000      0.000   0.000      0.000      0.000   0.000   0.0000  0.0000      0.000      0.000   3747.297   1128.744   3724.913   1015.741 N000112
  3082.934   1059.356 -10.233   3081.948   1059.290 -10.234  -0.0663 -0.1439   3090.684   1130.604   3090.750   1130.748   3082.014   1059.427 N000113
  1396.381   1068.044 -11.754   1399.489   1183.030 -11.754  -0.1190  0.0439   1404.075   1139.302   1404.194   1139.258   1399.610   1182.978 N000114
  2833.832   1072.069 -10.232   2836.451   1088.069 -10.232  -0.1678  0.0691   2841.574   1143.319   2841.742   1143.250   2836.617   1087.990 N000115
     0.000      0.000   0.000      0.000      0.000   0.000   0.0000  0.0000      0.000      0.000   1848.209   1148.256   1847.405   1160.329 N000116
   950.157   1091.268 -11.876    945.148   1239.046 -11.876   0.1573 -0.2325    957.837   1162.529    957.679   1162.761    944.986   1239.290 N000117
     0.000      0.000   0.000      0.000      0.000   0.000   0.0000  0.0000      0.000      0.000   2743.239   1162.750   2739.321   1113.712 N000118
  1511.503   1095.076 -10.605   1515.879   1201.627 -10.606   0.0028  0.0765   1519.201   1166.334   1519.198   1166.258   1515.876   1201.551 N000119
  1721.854   1099.437 -10.684   1728.053   1190.958 -10.684  -0.1460 -0.0626   1729.559   1170.694   1729.705   1170.757   1728.200   1191.010 N000120
  1213.712   1112.832  -8.945   1213.847   1240.966  -8.945   0.2124 -0.1053   1221.401   1184.092   1221.188   1184.197   1213.630   1241.087 N000121
     0.000      0.000   0.000      0.000      0.000   0.000   0.0000  0.0000      0.000      0.000   2271.724   1184.253   2271.146   1166.681 N000122
  1165.692   1119.731 -10.376   1164.936   1251.394 -10.376   0.1916  0.1562   1173.379   1190.991   1173.187   1190.835   1164.742   1251.252 N000123
     0.000      0.000   0.000      0.000      0.000   0.000   0.0000  0.0000      0.000      0.000   2221.822   1193.654   2221.376   1179.397 N000124
   455.398   1130.190 -10.901    435.730   1316.015 -10.901  -0.1024  0.1900    463.061   1201.454    463.163   1201.264    435.838   1315.816 N000125
  1378.443   1148.701  -9.772   1380.952   1264.640  -9.772  -0.0571  0.2011   1386.137   1219.960   1386.194   1219.759   1381.011   1264.435 N000126
     0.000      0.000   0.000      0.000      0.000   0.000   0.0000  0.0000      0.000      0.000   2638.236   1239.251   2635.555   1196.203 N000127
     0.000      0.000   0.000      0.000      0.000   0.000   0.0000  0.0000      0.000      0.000    197.155   1253.266    158.938   1389.368 N000128
  1485.481   1197.692 -10.302   1489.147   1305.646 -10.302  -0.0193  0.1655   1493.179   1268.950   1493.198   1268.785   1489.167   1305.480 N000129
  1014.155   1211.836 -11.117   1009.710   1354.760 -11.117  -0.3218 -0.1409   1021.838   1283.098   1022.160   1283.238   1010.038   1354.877 N000130
   772.365   1211.910  -8.524    761.874   1373.332  -8.524  -0.0636 -0.1616    780.040   1283.172    780.103   1283.334    761.938   1373.489 N000131
  2029.198   1212.442  -9.842   2036.465   1281.454  -9.842   0.1985 -0.0581   2036.915   1283.697   2036.717   1283.755   2036.266   1281.525 N000132
  3113.075   1219.773 -14.127   3112.405   1215.214 -14.127   0.0752 -0.0396   3120.828   1291.021   3120.753   1291.061   3112.331   1215.258 N000133
  1083.732   1226.649 -11.177   1080.678   1364.316 -11.177   0.2088  0.1491   1091.417   1297.910   1091.208   1297.761   1080.466   1364.183 N000134
     0.000      0.000   0.000      0.000      0.000   0.000   0.0000  0.0000      0.000      0.000   1369.028   1299.759   1363.198   1345.455 N000135
     0.000      0.000   0.000      0.000      0.000   0.000   0.0000  0.0000      0.000      0.000   1444.697   1300.259   1439.918   1340.390 N000136
     0.000      0.000   0.000      0.000      0.000   0.000   0.0000  0.0000      0.000      0.000   2261.796   1305.182   2261.271   1287.092 N000137
  2133.138   1238.148 -12.771   2140.469   1299.683 -12.771   0.1385  0.1476   2140.859   1309.402   2140.720   1309.254   2140.331   1299.546 N000138
  1472.562   1244.458  -8.898   1475.861   1353.196  -8.898   0.0625 -0.0422   1480.261   1315.716   1480.198   1315.758   1475.798   1353.243 N000139
     0.000      0.000   0.000      0.000      0.000   0.000   0.0000  0.0000      0.000      0.000   1571.202   1324.258   1567.815   1355.066 N000140
     0.000      0.000   0.000      0.000      0.000   0.000   0.0000  0.0000      0.000      0.000   1888.812   1324.756   1887.831   1332.696 N000141
     0.000      0.000   0.000      0.000      0.000   0.000   0.0000  0.0000      0.000      0.000   1790.909   1325.757   1789.394   1340.684 N000142
     0.000      0.000   0.000      0.000      0.000   0.000   0.0000  0.0000      0.000      0.000   2125.220   1331.721   2124.808   1322.924 N000143
     0.000      0.000   0.000      0.000      0.000   0.000   0.0000  0.0000      0.000      0.000   1511.836   1339.167   1507.715   1374.264 N000144
  2436.578   1269.982 -10.397   2443.125   1310.233 -10.397   0.0777 -0.0182   2444.309   1341.234   2444.231   1341.253   2443.047   1310.256 N000145
  1932.057   1271.633  -9.519   1938.966   1347.098  -9.519   0.0570  0.1331   1939.771   1342.889   1939.714   1342.756   1938.909   1346.970 N000146
  1282.819   1276.387  -9.269   1283.180   1399.093  -9.269  -0.2361 -0.1133   1290.512   1347.646   1290.748   1347.760   1283.419   1399.189 N000147
  3627.301   1281.741 -10.993   3617.118   1242.919 -10.993  -0.1995  0.0830   3635.071   1352.986   3635.271   1352.903   3617.312   1242.825 N000148
  1348.550   1288.368  -8.956   1349.897   1406.163  -8.956   0.0496 -0.1319   1356.244   1359.627   1356.195   1359.759   1349.846   1406.298 N000149
     0.000      0.000   0.000      0.000      0.000   0.000   0.0000  0.0000      0.000      0.000   2002.645   1366.684   2001.995   1366.289 N000150
     0.000      0.000   0.000      0.000      0.000   0.000   0.0000  0.0000      0.000      0.000   2797.348   1378.751   2793.477   1323.333 N000151
  1347.587   1308.865  -9.729   1348.802   1426.708  -9.730   0.0866 -0.1351   1355.281   1380.124   1355.195   1380.259   1348.713   1426.849 N000152
  1259.070   1313.879 -11.070   1258.799   1438.343 -11.070   0.0700 -0.1212   1266.762   1385.139   1266.692   1385.260   1258.727   1438.469 N000153
  1455.853   1344.604 -12.709   1458.443   1454.357 -12.709  -0.1467  0.1044   1463.552   1415.863   1463.699   1415.759   1458.592   1454.242 N000154
  3638.617   1344.815 -14.301   3628.631   1304.256 -14.301  -0.1006  0.2929   3646.388   1416.060   3646.489   1415.767   3628.727   1303.961 N000155
  1954.406   1350.007 -10.958   1961.226   1423.455 -10.958  -0.0937  0.0070   1962.122   1421.263   1962.216   1421.256   1961.320   1423.441 N000156
     0.000      0.000   0.000      0.000      0.000   0.000   0.0000  0.0000      0.000      0.000   2596.237   1423.002   2594.229   1380.795 N000157
     0.000      0.000   0.000      0.000      0.000   0.000   0.0000  0.0000      0.000      0.000   1470.299   1426.559   1465.224   1464.539 N000158
     0.000      0.000   0.000      0.000      0.000   0.000   0.0000  0.0000      0.000      0.000   1736.708   1428.257   1734.469   1446.666 N000159
  1370.745   1357.851 -11.841   1372.036   1473.930 -11.841   0.1199 -0.1495   1378.441   1429.110   1378.321   1429.259   1371.913   1474.088 N000160
  3972.447   1361.138  -9.304   3954.406   1299.129  -9.304  -0.0533  0.1379   3980.230   1432.381   3980.283   1432.243   3954.456   1298.990 N000161
  1747.038   1367.999 -11.117   1752.605   1456.320 -11.117   0.0376 -0.0012   1754.746   1439.256   1754.709   1439.257   1752.567   1456.324 N000162
     0.000      0.000   0.000      0.000      0.000   0.000   0.0000  0.0000      0.000      0.000   2208.224   1439.254   2207.707   1423.883 N000163
  2509.073   1369.571  -8.847   2515.323   1403.919  -8.847   0.0734  0.1959   2516.808   1440.823   2516.734   1440.627   2515.250   1403.730 N000164
  2192.690   1374.677 -10.962   2199.895   1431.068 -10.962   0.1903  0.1766   2200.414   1445.931   2200.224   1445.754   2199.704   1430.906 N000165
     0.000      0.000   0.000      0.000      0.000   0.000   0.0000  0.0000      0.000      0.000   2950.749   1450.139   2945.347   1383.576 N000166
     0.000      0.000   0.000      0.000      0.000   0.000   0.0000  0.0000      0.000      0.000   1411.697   1458.759   1405.619   1501.083 N000167
     0.000      0.000   0.000      0.000      0.000   0.000   0.0000  0.0000      0.000      0.000   1009.653   1459.262    995.846   1532.181 N000168
  3365.879   1391.589 -10.770   3361.772   1368.032 -10.770  -2.0497  0.0886   3373.642   1462.836   3375.692   1462.747   3363.784   1367.810 N000169
  2180.714   1402.160  -9.877   2187.889   1459.234  -9.877   2.2137 -0.2399   2188.437   1473.415   2186.224   1473.655   2185.674   1459.629 N000170
  1666.423   1403.188 -11.195   1671.154   1497.307 -11.195  -0.0768  0.1882   1674.130   1474.446   1674.206   1474.258   1671.232   1497.114 N000171
     0.000      0.000   0.000      0.000      0.000   0.000   0.0000  0.0000      0.000      0.000   3374.263   1474.747   3362.449   1379.743 N000172
  1633.793   1412.359  -9.658   1638.157   1508.863  -9.658  -0.1236 -0.1405   1641.498   1483.617   1641.622   1483.758   1638.281   1508.994 N000173
  1150.493   1422.042 -10.098   1147.389   1554.875 -10.098  -0.0067  0.0418   1158.183   1493.303   1158.189   1493.261   1147.396   1554.833 N000174
     0.000      0.000   0.000      0.000      0.000   0.000   0.0000  0.0000      0.000      0.000   2180.224   1496.380   2179.645   1482.654 N000175
  3240.957   1428.367  -9.307   3239.223   1412.570  -9.308  -0.0434 -0.1329   3248.716   1499.615   3248.759   1499.748   3239.266   1412.698 N000176
  1903.025   1429.173  -9.561   1909.417   1505.992  -9.561  -0.0012  0.1991   1910.740   1500.429   1910.741   1500.230   1909.419   1505.793 N000177
     0.000      0.000   0.000      0.000      0.000   0.000   0.0000  0.0000      0.000      0.000   1405.698   1503.730   1399.256   1546.512 N000178
     0.000      0.000   0.000      0.000      0.000   0.000   0.0000  0.0000      0.000      0.000    617.671   1506.764    592.236   1610.866 N000179
     0.000      0.000   0.000      0.000      0.000   0.000   0.0000  0.0000      0.000      0.000   2595.738   1527.252   2593.856   1484.183 N000180
     0.000      0.000   0.000      0.000      0.000   0.000   0.0000  0.0000      0.000      0.000   2425.732   1530.753   2424.708   1499.510 N000181
     0.000      0.000   0.000      0.000      0.000   0.000   0.0000  0.0000      0.000      0.000   2128.722   1537.755   2128.041   1527.498 N000182
     0.000      0.000   0.000      0.000      0.000   0.000   0.0000  0.0000      0.000      0.000    927.960   1540.873    911.379   1620.518 N000183
  2899.663   1480.433 -10.129   2902.823   1487.006 -10.129   0.1362 -0.0667   2907.411   1551.684   2907.275   1551.750   2902.689   1487.081 N000184
     0.000      0.000   0.000      0.000      0.000   0.000   0.0000  0.0000      0.000      0.000   1217.892   1555.961   1207.816   1613.123 N000185
     0.000      0.000   0.000      0.000      0.000   0.000   0.0000  0.0000      0.000      0.000   1844.213   1558.757   1842.310   1569.003 N000186
  1463.723   1490.455  -9.855   1465.598   1599.599  -9.855   0.1893 -0.0447   1471.423   1561.714   1471.234   1561.759   1465.406   1599.658 N000187
  1754.183   1492.425 -10.058   1759.341   1579.960 -10.058   0.1831 -0.0747   1761.893   1563.683   1761.710   1563.757   1759.156   1580.048 N000188
     0.000      0.000   0.000      0.000      0.000   0.000   0.0000  0.0000      0.000      0.000   1538.203   1567.759   1533.248   1600.637 N000189
     0.000      0.000   0.000      0.000      0.000   0.000   0.0000  0.0000      0.000      0.000   1571.704   1573.258   1567.138   1603.634 N000190
  2124.788   1503.675 -10.576   2131.768   1564.247 -10.576  -0.1846  0.1745   2132.510   1574.930   2132.695   1574.755   2131.953   1564.060 N000191
  1161.215   1507.556  -9.025   1157.658   1639.837  -9.025   0.0789  0.0560   1168.906   1578.817   1168.827   1578.761   1157.578   1639.787 N000192
     0.000      0.000   0.000      0.000      0.000   0.000   0.0000  0.0000      0.000      0.000   2270.811   1583.338   2270.108   1562.741 N000193
  1399.476   1535.279 -11.684   1400.098   1649.352 -11.684  -0.0240 -0.2215   1407.175   1606.538   1407.199   1606.760   1400.121   1649.572 N000194
  2175.724   1535.534 -10.307   2182.706   1592.331 -10.307   0.1405  0.0335   2183.448   1606.788   2183.308   1606.755   2182.565   1592.308 N000195
  2231.966   1536.764 -10.422   2238.968   1589.531 -10.422  -0.0074 -0.1574   2239.693   1608.018   2239.700   1608.175   2238.975   1589.687 N000196
  4004.591   1538.904 -12.305   3987.288   1472.040 -12.305   0.0906 -0.0958   4012.376   1610.148   4012.286   1610.244   3987.201   1472.140 N000197
   921.392   1540.424  -8.678    911.824   1691.670  -8.678   0.0588  0.0072    929.075   1611.686    929.016   1611.679    911.764   1691.667 N000198
     0.000      0.000   0.000      0.000      0.000   0.000   0.0000  0.0000      0.000      0.000   2340.583   1616.254   2339.757   1590.545 N000199
     0.000      0.000   0.000      0.000      0.000   0.000   0.0000  0.0000      0.000      0.000    494.168   1618.265    462.972   1733.466 N000200
     0.000      0.000   0.000      0.000      0.000   0.000   0.0000  0.0000      0.000      0.000   1856.214   1632.328   1854.127   1641.584 N000201
     0.000      0.000   0.000      0.000      0.000   0.000   0.0000  0.0000      0.000      0.000   1681.708   1634.758   1678.087   1656.948 N000202
     0.000      0.000   0.000      0.000      0.000   0.000   0.0000  0.0000      0.000      0.000   1893.215   1635.757   1891.356   1642.287 N000203
  3054.163   1577.846  -9.613   3055.764   1573.016  -9.613   0.1630 -0.1544   3061.917   1649.095   3061.754   1649.250   3055.604   1573.180 N000204
  1830.472   1585.669 -10.428   1835.869   1667.494 -10.428  -0.0276  0.1690   1838.186   1656.926   1838.214   1656.757   1835.898   1667.323 N000205
  2022.135   1585.814 -11.652   2028.629   1653.569 -11.652   0.1349 -0.1864   2029.855   1657.069   2029.720   1657.256   2028.493   1653.765 N000206
   595.671   1597.754  -9.533    575.429   1775.792  -9.533   0.1712 -0.1309    603.344   1669.018    603.173   1669.149    575.250   1775.938 N000207
     0.000      0.000   0.000      0.000      0.000   0.000   0.0000  0.0000      0.000      0.000   1259.194   1669.761   1249.033   1724.163 N000208
  1845.649   1606.314 -10.062   1851.078   1687.006 -10.062   0.1485 -0.1859   1853.363   1677.571   1853.214   1677.757   1850.928   1687.203 N000209
  1677.104   1606.880 -10.562   1681.006   1700.128 -10.562   0.1038 -0.1201   1684.812   1678.138   1684.709   1678.258   1680.901   1700.256 N000210
  1394.958   1608.402  -9.436   1395.008   1723.030  -9.436  -0.0424 -0.0642   1402.657   1679.662   1402.699   1679.726   1395.051   1723.091 N000211
  1714.120   1611.797 -11.224   1718.386   1702.279 -11.224   0.0940 -0.2035   1721.830   1683.054   1721.736   1683.258   1718.290   1702.490 N000212
  2032.914   1627.470 -11.119   2039.333   1694.361 -11.119  -0.0856 -0.0303   2040.635   1698.726   2040.721   1698.756   2039.419   1694.385 N000213
     0.000      0.000   0.000      0.000      0.000   0.000   0.0000  0.0000      0.000      0.000   2218.227   1710.255   2217.337   1692.958 N000214
     0.000      0.000   0.000      0.000      0.000   0.000   0.0000  0.0000      0.000      0.000   2778.781   1722.751   2775.790   1665.622 N000215
  1060.527   1653.118  -9.886   1053.393   1794.097  -9.886   0.0266  0.1176   1068.215   1724.380   1068.189   1724.262   1053.367   1793.981 N000216
  1932.721   1653.020 -11.508   1938.553   1727.254 -11.508   0.2210  0.0199   1940.439   1724.276   1940.218   1724.257   1938.331   1727.250 N000217
     0.000      0.000   0.000      0.000      0.000   0.000   0.0000  0.0000      0.000      0.000   2418.206   1724.726   2417.129   1693.042 N000218
     0.000      0.000   0.000      0.000      0.000   0.000   0.0000  0.0000      0.000      0.000   1206.193   1739.761   1194.357   1798.681 N000219
     0.000      0.000   0.000      0.000      0.000   0.000   0.0000  0.0000      0.000      0.000   1281.696   1739.761   1271.395   1792.764 N000220
     0.000      0.000   0.000      0.000      0.000   0.000   0.0000  0.0000      0.000      0.000   1223.194   1743.761   1211.677   1801.370 N000221
  2390.032   1674.309 -10.382   2396.716   1715.269 -10.382   0.0944  0.5907   2397.765   1745.563   2397.671   1744.973   2396.622   1714.687 N000222
     0.000      0.000   0.000      0.000      0.000   0.000   0.0000  0.0000      0.000      0.000   2118.524   1764.556   2117.318   1754.401 N000223
  2508.463   1695.186  -9.078   2514.786   1727.619  -9.078  -0.0372  0.1447   2516.200   1766.439   2516.237   1766.295   2514.823   1727.472 N000224
   165.611   1695.502 -10.706    126.335   1911.147 -10.706   0.1115 -0.0316    173.271   1766.769    173.159   1766.801    126.218   1911.189 N000225
  3356.283   1697.667 -10.605   3353.910   1671.341 -10.606  -0.2408  0.1435   3364.049   1768.915   3364.290   1768.772   3354.146   1671.182 N000226
     0.000      0.000   0.000      0.000      0.000   0.000   0.0000  0.0000      0.000      0.000   1271.279   1776.261   1260.466   1830.297 N000227
  2072.779   1707.154 -10.028   2079.127   1771.032 -10.028   0.0044  0.1543   2080.502   1778.410   2080.498   1778.256   2079.123   1770.878 N000228
     0.000      0.000   0.000      0.000      0.000   0.000   0.0000  0.0000      0.000      0.000   1686.210   1787.158   1681.837   1809.256 N000229
     0.000      0.000   0.000      0.000      0.000   0.000   0.0000  0.0000      0.000      0.000   1523.705   1799.759   1517.126   1834.315 N000230
     0.000      0.000   0.000      0.000      0.000   0.000   0.0000  0.0000      0.000      0.000   2970.753   1800.250   2966.096   1729.312 N000231
     0.000      0.000   0.000      0.000      0.000   0.000   0.0000  0.0000      0.000      0.000   2328.231   1801.754   2327.209   1776.312 N000232
     0.000      0.000   0.000      0.000      0.000   0.000   0.0000  0.0000      0.000      0.000   3711.278   1816.346   3694.837   1695.215 N000233
  2118.876   1765.164  -9.277   2125.224   1825.635  -9.277  -0.1245 -0.0357   2126.601   1836.420   2126.725   1836.456   2125.349   1825.661 N000234
     0.000      0.000   0.000      0.000      0.000   0.000   0.0000  0.0000      0.000      0.000   1938.719   1838.757   1936.364   1841.923 N000235
     0.000      0.000   0.000      0.000      0.000   0.000   0.0000  0.0000      0.000      0.000   2256.229   1842.255   2255.123   1821.979 N000236
  1415.749   1773.248 -10.307   1414.920   1887.068 -10.307  -0.0153  0.0719   1423.451   1844.508   1423.466   1844.437   1414.936   1886.994 N000237
  1996.200   1773.851 -10.948   2001.951   1843.412 -10.948   0.1752 -0.1488   2003.921   1845.108   2003.746   1845.256   2001.774   1843.574 N000238
  1544.861   1778.017  -9.136   1546.076   1881.844  -9.136  -0.0477 -0.0289   1552.567   1849.276   1552.615   1849.305   1546.124   1881.869 N000239
  1533.008   1785.234 -10.443   1534.003   1890.015 -10.443   0.0085  0.2345   1540.714   1856.494   1540.706   1856.259   1533.996   1889.780 N000240
  1644.623   1786.266  -9.988   1647.146   1882.455  -9.988   0.1234 -0.0007   1652.333   1857.525   1652.209   1857.525   1647.021   1882.465 N000241
  1957.951   1791.816  -9.906   1963.388   1864.260  -9.906  -0.0494 -0.1843   1965.671   1863.072   1965.720   1863.257   1963.437   1864.441 N000242
  1453.277   1795.073  -9.630   1452.928   1906.102  -9.630  -0.1159  0.0729   1460.980   1866.333   1461.096   1866.260   1453.046   1906.019 N000243
     0.000      0.000   0.000      0.000      0.000   0.000   0.0000  0.0000      0.000      0.000   1413.202   1870.760   1404.289   1914.290 N000244
     0.000      0.000   0.000      0.000      0.000   0.000   0.0000  0.0000      0.000      0.000   1186.194   1876.723   1172.637   1938.265 N000245
  2945.038   1806.690 -10.468   2948.475   1807.854 -10.469   0.0377  0.1899   2952.791   1877.941   2952.753   1877.751   2948.437   1807.667 N000246
  2039.687   1808.629 -10.201   2045.543   1874.997 -10.202   0.1875  0.1287   2047.410   1879.885   2047.223   1879.756   2045.355   1874.882 N000247
  1264.268   1808.875  -9.892   1260.240   1934.870  -9.892  -0.0657 -0.1245   1271.965   1880.136   1272.030   1880.261   1260.306   1934.990 N000248
   762.124   1811.724 -10.319    744.713   1978.539 -10.319   0.1243  0.1715    769.805   1882.988    769.680   1882.817    744.587   1978.376 N000249
  2449.627   1813.037  -9.903   2456.045   1849.403  -9.903   0.1270  0.0369   2457.364   1884.291   2457.237   1884.254   2455.918   1849.375 N000250
  2088.832   1816.298  -8.878   2094.896   1879.025  -8.878  -0.1681 -0.0594   2096.556   1887.554   2096.725   1887.613   2095.065   1879.072 N000251
     0.000      0.000   0.000      0.000      0.000   0.000   0.0000  0.0000      0.000      0.000   1867.217   1888.257   1864.084   1896.924 N000252
  1274.949   1822.396  -9.728   1271.016   1947.653  -9.728  -0.0508 -0.1039   1282.647   1893.657   1282.697   1893.761   1271.067   1947.754 N000253
     0.000      0.000   0.000      0.000      0.000   0.000   0.0000  0.0000      0.000      0.000   1985.804   1893.423   1983.526   1893.162 N000254
  1192.995   1823.633 -11.797   1187.282   1955.439 -11.797  -0.0047  0.1331   1200.690   1894.895   1200.695   1894.761   1187.288   1955.304 N000255
  2353.303   1823.625  -9.126   2359.852   1866.951  -9.126  -0.1966  0.2156   2361.037   1894.879   2361.233   1894.664   2360.049   1866.721 N000256
     0.000      0.000   0.000      0.000      0.000   0.000   0.0000  0.0000      0.000      0.000   2776.247   1894.752   2773.452   1837.025 N000257
     0.000      0.000   0.000      0.000      0.000   0.000   0.0000  0.0000      0.000      0.000   2280.731   1896.755   2279.536   1874.674 N000258
  1870.715   1825.955  -9.660   1875.348   1905.056  -9.661  -0.2132 -0.0454   1878.433   1897.212   1878.646   1897.257   1875.563   1905.085 N000259
  2808.415   1832.575 -10.521   2813.088   1843.247 -10.521  -0.0849  0.0750   2816.164   1903.827   2816.249   1903.752   2813.172   1843.166 N000260
     0.000      0.000   0.000      0.000      0.000   0.000   0.0000  0.0000      0.000      0.000   2159.227   1905.256   2157.757   1892.109 N000261
  1152.028   1837.050  -8.854   1145.233   1972.271  -8.855  -0.0554 -0.0334   1159.721   1908.312   1159.777   1908.345   1145.289   1972.300 N000262
     0.000      0.000   0.000      0.000      0.000   0.000   0.0000  0.0000      0.000      0.000   1473.704   1909.322   1465.532   1948.378 N000263
  3810.257   1846.930 -11.140   3799.999   1789.059 -11.140   0.0665 -0.0699   3818.039   1918.176   3817.973   1918.246   3799.934   1789.133 N000264
  1494.412   1847.914  -9.299   1494.337   1956.073  -9.299  -0.0882 -0.0856   1502.117   1919.174   1502.205   1919.260   1494.426   1956.152 N000265
  2993.108   1848.739 -11.039   2996.138   1846.364 -11.039   0.1077  0.1195   3000.863   1919.989   3000.755   1919.870   2996.031   1846.253 N000266
  1041.137   1852.379 -10.459   1031.426   1996.734 -10.459   0.1368 -0.1211   1048.827   1923.641   1048.690   1923.762   1031.284   1996.868 N000267
     0.000      0.000   0.000      0.000      0.000   0.000   0.0000  0.0000      0.000      0.000   1024.189   1926.763   1006.095   2001.898 N000268
  2242.434   1862.645 -11.399   2248.841   1914.080 -11.399  -0.0656  0.1448   2250.165   1933.900   2250.230   1933.755   2248.907   1913.930 N000269
  1761.414   1864.219 -10.948   1764.802   1951.797 -10.948  -0.0855 -0.2426   1769.129   1935.477   1769.214   1935.720   1764.887   1952.034 N000270
     0.000      0.000   0.000      0.000      0.000   0.000   0.0000  0.0000      0.000      0.000    280.164   1944.767     -1.000     -1.000 N000271
  2148.557   1873.104 -14.213   2154.680   1931.492 -14.213   0.0566  0.0818   2156.284   1944.359   2156.227   1944.277   2154.624   1931.414 N000272
     0.000      0.000   0.000      0.000      0.000   0.000   0.0000  0.0000      0.000      0.000   1216.660   1948.119   1203.076   2007.885 N000273
  2280.482   1879.126  -9.295   2286.901   1927.781  -9.295  -0.0184  0.1257   2288.213   1950.381   2288.232   1950.255   2286.920   1927.654 N000274
  2585.666   1882.601 -13.212   2591.601   1909.073 -13.212   0.1662  0.1014   2593.408   1953.854   2593.242   1953.753   2591.435   1908.984 N000275
  1631.279   1887.680  -9.852   1632.960   1985.424  -9.852  -0.1714  0.6301   1638.989   1958.939   1639.160   1958.309   1633.138   1984.777 N000276
     0.000      0.000   0.000      0.000      0.000   0.000   0.0000  0.0000      0.000      0.000   1378.237   1959.261   1367.924   2006.222 N000277
  2720.469   1890.597  -9.561   2725.754   1907.380  -9.561   0.0002  0.0968   2728.215   1961.849   2728.215   1961.752   2725.754   1907.283 N000278
  1071.483   1896.465 -10.012   1062.068   2038.843 -10.012  -0.0171 -0.0353   1079.174   1967.727   1079.191   1967.762   1062.085   2038.877 N000279
     0.000      0.000   0.000      0.000      0.000   0.000   0.0000  0.0000      0.000      0.000    961.116   1970.763     -1.000     -1.000 N000280
  1788.158   1903.131 -10.204   1791.598   1988.851 -10.204   0.1582  0.1314   1795.874   1974.389   1795.715   1974.258   1791.439   1988.731 N000281
  2476.284   1903.909 -11.632   2482.531   1938.284 -11.633  -0.2159 -0.0910   2484.022   1975.163   2484.238   1975.254   2482.746   1938.359 N000282
  1733.294   1907.492 -11.324   1736.111   1997.457 -11.325  -0.2065 -0.0080   1741.007   1978.750   1741.214   1978.758   1736.320   1997.449 N000283
  1281.337   1916.429  -8.864   1276.645   2042.031  -8.865  -0.0633 -0.0712   1289.035   1987.690   1289.099   1987.761   1276.709   2042.098 N000284
     0.000      0.000   0.000      0.000      0.000   0.000   0.0000  0.0000      0.000      0.000    973.188   1996.826     -1.000     -1.000 N000285
   488.675   1928.668 -10.149    463.956   2068.744 -10.149   0.1747  0.1681    496.347   1999.934    496.172   1999.766    463.776   2068.588 N000286
     0.000      0.000   0.000      0.000      0.000   0.000   0.0000  0.0000      0.000      0.000   2669.745   2005.681   2667.587   1955.361 N000287
     0.000      0.000   0.000      0.000      0.000   0.000   0.0000  0.0000      0.000      0.000   2632.827   2008.253   2630.828   1960.596 N000288
     0.000      0.000   0.000      0.000      0.000   0.000   0.0000  0.0000      0.000      0.000   2727.747   2008.752   2725.290   1954.259 N000289
  2285.249   1944.191  -9.046   2291.512   1992.601  -9.046  -0.0009  0.1282   2292.981   2015.446   2292.982   2015.318   2291.513   1992.472 N000290
  2451.753   1954.342 -11.057   2457.969   1990.536 -11.057  -0.2468 -0.1584   2459.491   2025.596   2459.738   2025.754   2458.215   1990.677 N000291
     0.000      0.000   0.000      0.000      0.000   0.000   0.0000  0.0000      0.000      0.000   2655.745   2026.253   2653.638   1976.937 N000292
  3182.568   1956.485 -12.063   3183.674   1940.490 -12.063   0.0681 -0.0154   3190.331   2027.734   3190.262   2027.750   3183.607   1940.510 N000293
     0.000      0.000   0.000      0.000      0.000   0.000   0.0000  0.0000      0.000      0.000   1409.703   2032.761     -1.000     -1.000 N000294
     0.000      0.000   0.000      0.000      0.000   0.000   0.0000  0.0000      0.000      0.000   3869.985   2032.745   3851.624   1899.276 N000295
   523.200   1963.493 -10.363    499.412   2101.095 -10.363   0.2005 -0.0073    530.874   2034.759    530.674   2034.766    499.204   2101.120 N000296
     0.000      0.000   0.000      0.000      0.000   0.000   0.0000  0.0000      0.000      0.000   2111.726   2034.756   2109.590   2025.486 N000297
     0.000      0.000   0.000      0.000      0.000   0.000   0.0000  0.0000      0.000      0.000   1128.194   2037.262   1115.737   2052.986 N000298
  2446.991   1973.357 -10.298   2453.180   2009.925 -10.298  -0.0088 -0.1434   2454.729   2044.611   2454.738   2044.754   2453.188   2010.068 N000299
   583.367   1980.655 -10.140    561.691   2113.289 -10.140  -0.1327  0.1551    591.043   2051.921    591.176   2051.766    561.831   2113.120 N000300
     0.000      0.000   0.000      0.000      0.000   0.000   0.0000  0.0000      0.000      0.000   2882.552   2051.052   2879.076   1985.450 N000301
     0.000      0.000   0.000      0.000      0.000   0.000   0.0000  0.0000      0.000      0.000   2558.342   2070.254   2556.540   2028.033 N000302
     0.000      0.000   0.000      0.000      0.000   0.000   0.0000  0.0000      0.000      0.000   2828.251   2076.252   2825.187   2014.512 N000303
   167.944   2007.866 -13.370    128.065   2177.553 -13.370  -0.0557 -0.1344    175.607   2079.134    175.662   2079.268    128.121   2177.685 N000304
     0.000      0.000   0.000      0.000      0.000   0.000   0.0000  0.0000      0.000      0.000   1400.653   2082.761   1393.708   2076.733 N000305
     0.000      0.000   0.000      0.000      0.000   0.000   0.0000  0.0000      0.000      0.000   2018.224   2085.757     -1.000     -1.000 N000306
  3153.462   2021.473  -8.678   3155.091   2007.340  -8.679  -0.2379  0.0730   3161.224   2092.723   3161.462   2092.650   3155.326   2007.250 N000307
     0.000      0.000   0.000      0.000      0.000   0.000   0.0000  0.0000      0.000      0.000   2469.739   2101.254     -1.000     -1.000 N000308
     0.000      0.000   0.000      0.000      0.000   0.000   0.0000  0.0000      0.000      0.000   2382.736   2102.205     -1.000     -1.000 N000309
     0.000      0.000   0.000      0.000      0.000   0.000   0.0000  0.0000      0.000      0.000   3063.259   2117.251   3058.245   2038.737 N000310
     0.000      0.000   0.000      0.000      0.000   0.000   0.0000  0.0000      0.000      0.000   2165.229   2119.256   2166.369   2053.975 N000311
     0.000      0.000   0.000      0.000      0.000   0.000   0.0000  0.0000      0.000      0.000   2361.736   2127.317     -1.000     -1.000 N000312
     0.000      0.000   0.000      0.000      0.000   0.000   0.0000  0.0000      0.000      0.000   2565.314   2131.611     -1.000     -1.000 N000313
     0.000      0.000   0.000      0.000      0.000   0.000   0.0000  0.0000      0.000      0.000   3127.261   2143.750     -1.000     -1.000 N000314
  2527.616   2092.889 -10.342   2536.632   2071.347 -10.342   0.1163 -0.1111   2535.358   2164.143   2535.242   2164.254   2536.516   2071.467 N000315
  1732.877   2095.083 -11.719   1738.269   2133.964 -11.719  -0.1229  0.0832   1740.592   2166.342   1740.715   2166.259   1738.394   2133.871 N000316
     0.000      0.000   0.000      0.000      0.000   0.000   0.0000  0.0000      0.000      0.000   1612.322   2172.260   1608.295   2150.053 N000317
  1967.778   2121.563 -11.639   1975.326   2142.361 -11.639  -0.2222  0.0631   1975.501   2192.821   1975.723   2192.757   1975.550   2142.281 N000318
  1368.385   2125.835 -10.517   1367.781   2194.187 -10.518  -0.1153 -0.1649   1376.088   2197.096   1376.203   2197.261   1367.897   2194.344 N000319
   811.407   2130.294 -11.923    796.003   2245.495 -11.923  -0.0929 -0.2057    819.092   2201.559    819.185   2201.765    796.096   2245.696 N000320
  1447.222   2138.984  -9.838   1448.039   2201.052  -9.838   0.1063 -0.0160   1454.928   2210.245   1454.822   2210.261   1447.930   2201.077 N000321
     0.000      0.000   0.000      0.000      0.000   0.000   0.0000  0.0000      0.000      0.000   1949.723   2210.695   1949.278   2162.340 N000322
  2323.983   2141.169  -9.476   2333.125   2134.907  -9.476  -0.0168  0.1268   2331.719   2212.424   2331.736   2212.297   2333.142   2134.778 N000323
  1969.458   2154.175  -9.888   1976.896   2175.054  -9.888  -0.0424  0.1749   1977.181   2225.432   1977.224   2225.257   1976.939   2174.875 N000324
  2225.332   2155.921 -11.244   2234.220   2157.184 -11.244  -0.1418 -0.0794   2233.064   2227.177   2233.206   2227.256   2234.362   2157.253 N000325
   509.030   2157.406 -11.720    482.063   2299.582 -11.721   0.0301 -0.0943    516.705   2228.672    516.675   2228.766    482.030   2299.680 N000326
  2086.304   2159.404 -10.314   2094.537   2171.311 -10.314  -0.1960 -0.0961   2094.032   2230.661   2094.228   2230.757   2094.734   2171.393 N000327
  2050.808   2164.479 -12.472   2058.804   2179.148 -12.472  -0.1685 -0.0214   2058.534   2235.736   2058.703   2235.757   2058.974   2179.156 N000328
  2163.627   2166.193 -11.990   2172.250   2172.213 -11.990   0.1270  0.1926   2171.357   2237.449   2171.230   2237.256   2172.123   2172.029 N000329
  1638.294   2175.112 -11.206   1641.987   2222.164 -11.206  -0.2061  0.1123   1646.007   2246.372   1646.213   2246.260   1642.197   2222.034 N000330
  1728.562   2174.969 -10.589   1733.466   2214.845 -10.589   0.0619 -0.0310   1736.278   2246.228   1736.216   2246.259   1733.403   2214.881 N000331
  2448.892   2179.039 -11.521   2458.028   2163.531 -11.521  -0.1085  0.0393   2456.632   2250.294   2456.740   2250.255   2458.136   2163.483 N000332
     0.000      0.000   0.000      0.000      0.000   0.000   0.0000  0.0000      0.000      0.000   2255.733   2253.256   2256.907   2181.666 N000333
  1763.265   2185.196 -11.277   1768.529   2222.421 -11.277  -0.2087  0.1699   1770.982   2256.455   1771.191   2256.285   1768.741   2222.233 N000334
  2502.614   2190.874  -9.806   2511.686   2171.387  -9.806   0.1137 -0.1264   2510.356   2262.128   2510.242   2262.254   2511.572   2171.522 N000335
     0.000      0.000   0.000      0.000      0.000   0.000   0.0000  0.0000      0.000      0.000   1456.707   2263.261   1449.432   2254.516 N000336
  1330.125   2198.801  -9.745   1328.100   2271.171  -9.745   0.1251  0.2339   1337.828   2270.062   1337.703   2269.828   1327.974   2270.944 N000337
  1178.115   2200.319  -9.794   1172.557   2285.364  -9.794   0.1146 -0.1811   1185.812   2271.581   1185.698   2271.762   1172.438   2285.557 N000338
  3153.039   2200.403 -11.253   3158.091   2133.436 -11.253   0.0392 -0.0973   3160.803   2271.653   3160.764   2271.750   3158.053   2133.536 N000339
  3571.109   2200.439 -10.292   3570.232   2104.103 -10.292   0.1089 -0.0608   3578.887   2271.687   3578.778   2271.748   3570.125   2104.171 N000340
  1108.110   2206.072 -11.772   1100.699   2297.091 -11.773   0.1096  0.0718   1115.805   2277.335   1115.696   2277.263   1100.587   2297.027 N000341
  1236.260   2216.740 -11.128   1231.948   2297.149 -11.128   0.0222 -0.0937   1243.960   2288.002   1243.938   2288.095   1231.924   2297.246 N000342
  2552.395   2220.849 -11.200   2561.384   2197.742 -11.200  -0.1048 -0.1513   2560.139   2292.103   2560.244   2292.254   2561.489   2197.886 N000343
  1499.215   2236.998  -9.876   1500.209   2295.953  -9.876   0.1267 -0.0023   1506.924   2308.258   1506.797   2308.261   1500.080   2295.966 N000344
  3033.911   2241.187  -9.253   3040.327   2182.748  -9.253  -0.0893  0.1485   3041.671   2312.438   3041.760   2312.290   3040.415   2182.593 N000345
     0.000      0.000   0.000      0.000      0.000   0.000   0.0000  0.0000      0.000      0.000   2157.731   2319.757   2158.315   2256.072 N000346
     0.000      0.000   0.000      0.000      0.000   0.000   0.0000  0.0000      0.000      0.000    445.174   2322.767    406.124   2401.992 N000347
     0.000      0.000   0.000      0.000      0.000   0.000   0.0000  0.0000      0.000      0.000   3189.015   2329.250   3186.238   2188.952 N000348
     0.000      0.000   0.000      0.000      0.000   0.000   0.0000  0.0000      0.000      0.000   1386.705   2329.761   1377.478   2327.615 N000349
     0.000      0.000   0.000      0.000      0.000   0.000   0.0000  0.0000      0.000      0.000   1313.703   2332.762   1302.869   2336.721 N000350
     0.000      0.000   0.000      0.000      0.000   0.000   0.0000  0.0000      0.000      0.000   2156.231   2343.757   2156.731   2280.356 N000351
  2591.369   2274.430 -11.587   2600.289   2248.606 -11.587  -0.1305 -0.0699   2599.115   2345.684   2599.246   2345.754   2600.419   2248.666 N000352
  1352.320   2277.168 -11.226   1350.059   2348.756 -11.226  -0.1805  0.1442   1360.024   2348.430   1360.204   2348.285   1350.245   2348.595 N000353
  3229.896   2277.447  -9.050   3234.424   2204.900  -9.051  -0.1038 -0.0533   3237.663   2348.697   3237.767   2348.750   3234.527   2204.946 N000354
  2303.265   2278.420  -9.477   2312.111   2274.403  -9.478  -0.1930 -0.0804   2311.001   2349.675   2311.194   2349.756   2312.304   2274.469 N000355
     0.000      0.000   0.000      0.000      0.000   0.000   0.0000  0.0000      0.000      0.000   2751.251   2350.753   2751.948   2242.382 N000356
     0.000      0.000   0.000      0.000      0.000   0.000   0.0000  0.0000      0.000      0.000    993.192   2353.764    973.773   2385.215 N000357
     0.000      0.000   0.000      0.000      0.000   0.000   0.0000  0.0000      0.000      0.000    397.450   2359.073    355.736   2443.421 N000358
  1739.358   2287.876  -9.398   1743.722   2328.014  -9.398  -0.1421 -0.1740   1747.075   2359.135   1747.217   2359.309   1743.865   2328.179 N000359
  1240.053   2292.689  -9.145   1235.084   2373.893  -9.145   0.0526  0.1174   1247.753   2363.951   1247.701   2363.834   1235.031   2373.778 N000360
  2658.190   2295.506 -11.005   2666.954   2264.777 -11.005   0.1625  0.0057   2665.938   2366.759   2665.776   2366.754   2666.792   2264.784 N000361
  1725.991   2301.016  -9.464   1730.093   2342.370  -9.464  -0.0086  0.0158   1733.708   2372.275   1733.717   2372.259   1730.102   2342.353 N000362
     0.000      0.000   0.000      0.000      0.000   0.000   0.0000  0.0000      0.000      0.000   1259.086   2375.262   1246.576   2384.425 N000363
  1716.182   2303.810  -8.986   1720.131   2345.983  -8.986   0.1821 -0.0235   1723.899   2375.069   1723.717   2375.093   1719.946   2346.022 N000364
     0.000      0.000   0.000      0.000      0.000   0.000   0.0000  0.0000      0.000      0.000   1994.476   2377.758   1993.698   2327.235 N000365
     0.000      0.000   0.000      0.000      0.000   0.000   0.0000  0.0000      0.000      0.000   3445.274   2379.749   3439.458   2221.181 N000366
     0.000      0.000   0.000      0.000      0.000   0.000   0.0000  0.0000      0.000      0.000   1404.706   2380.261   1395.401   2377.328 N000367
     0.000      0.000   0.000      0.000      0.000   0.000   0.0000  0.0000      0.000      0.000    572.178   2380.867    537.549   2449.927 N000368
     0.000      0.000   0.000      0.000      0.000   0.000   0.0000  0.0000      0.000      0.000    607.680   2380.909    574.479   2446.787 N000369
     0.000      0.000   0.000      0.000      0.000   0.000   0.0000  0.0000      0.000      0.000    933.190   2380.964    911.586   2418.100 N000370
  2253.329   2312.549 -10.977   2261.931   2312.595 -10.977  -0.1714  0.0488   2261.063   2383.805   2261.235   2383.756   2262.103   2312.533 N000371
     0.000      0.000   0.000      0.000      0.000   0.000   0.0000  0.0000      0.000      0.000   2712.750   2385.753   2713.625   2280.358 N000372
     0.000      0.000   0.000      0.000      0.000   0.000   0.0000  0.0000      0.000      0.000   1677.761   2387.169   1673.249   2361.944 N000373
     0.000      0.000   0.000      0.000      0.000   0.000   0.0000  0.0000      0.000      0.000   1195.735   2395.763   1181.450   2410.604 N000374
     0.000      0.000   0.000      0.000      0.000   0.000   0.0000  0.0000      0.000      0.000   2436.669   2397.184   2437.904   2312.610 N000375
  2105.177   2327.707  -9.162   2112.943   2339.364  -9.162   0.1772  0.2073   2112.907   2398.964   2112.730   2398.757   2112.765   2339.169 N000376
     0.000      0.000   0.000      0.000      0.000   0.000   0.0000  0.0000      0.000      0.000   1683.616   2405.260   1679.065   2379.782 N000377
  2144.101   2336.133 -11.628   2152.085   2344.824 -11.628   0.1014  0.1326   2151.833   2407.389   2151.731   2407.257   2151.983   2344.698 N000378
     0.000      0.000   0.000      0.000      0.000   0.000   0.0000  0.0000      0.000      0.000    567.679   2414.735    532.347   2484.948 N000379
  1097.409   2347.358  -9.824   1088.150   2441.584  -9.824  -0.1207 -0.1422   1105.105   2418.621   1105.226   2418.763   1088.273   2441.718 N000380
     0.000      0.000   0.000      0.000      0.000   0.000   0.0000  0.0000      0.000      0.000   1469.417   2420.719   1461.055   2413.001 N000381
     0.000      0.000   0.000      0.000      0.000   0.000   0.0000  0.0000      0.000      0.000   1665.160   2435.760   1660.107   2412.168 N000382
     0.000      0.000   0.000      0.000      0.000   0.000   0.0000  0.0000      0.000      0.000   2452.742   2438.068   2453.933   2352.530 N000383
     0.000      0.000   0.000      0.000      0.000   0.000   0.0000  0.0000      0.000      0.000   2514.244   2438.255   2515.462   2348.038 N000384
     0.000      0.000   0.000      0.000      0.000   0.000   0.0000  0.0000      0.000      0.000   2023.727   2443.758   2022.894   2391.564 N000385
     0.000      0.000   0.000      0.000      0.000   0.000   0.0000  0.0000      0.000      0.000   1275.152   2445.212   1262.310   2454.141 N000386
  2680.482   2374.018  -9.609   2689.221   2341.975  -9.609  -0.0178  0.0178   2688.232   2445.271   2688.250   2445.254   2689.239   2341.956 N000387
   346.771   2387.068 -10.064    309.094   2549.018 -10.064  -0.2294  0.0682    354.442   2458.336    354.672   2458.268    309.335   2548.927 N000388
     0.000      0.000   0.000      0.000      0.000   0.000   0.0000  0.0000      0.000      0.000   2080.042   2458.257   2079.603   2401.773 N000389
  1688.173   2392.501 -10.400   1691.091   2438.040 -10.400   0.1730  0.0007   1695.890   2463.760   1695.717   2463.760   1690.915   2438.053 N000390
     0.000      0.000   0.000      0.000      0.000   0.000   0.0000  0.0000      0.000      0.000   1187.729   2464.704   1172.480   2481.406 N000391
     0.000      0.000   0.000      0.000      0.000   0.000   0.0000  0.0000      0.000      0.000    679.183   2465.766    647.502   2527.092 N000392
   386.764   2407.850 -10.603    350.572   2566.645 -10.603  -0.1739 -0.1501    394.437   2479.118    394.611   2479.268    350.751   2566.783 N000393
  1635.518   2418.505 -10.327   1637.409   2468.711 -10.327   0.0184  0.0055   1643.234   2489.766   1643.215   2489.760   1637.390   2468.707 N000394
  2762.422   2426.403  -8.996   2770.937   2388.488  -8.996  -0.0776 -0.0965   2770.175   2497.657   2770.253   2497.753   2771.014   2388.579 N000395
  1724.436   2429.616 -11.410   1727.622   2472.707 -11.410  -0.0641  0.1159   1732.154   2500.875   1732.218   2500.760   1727.688   2472.584 N000396
     0.000      0.000   0.000      0.000      0.000   0.000   0.0000  0.0000      0.000      0.000   1610.152   2504.260   1603.655   2486.140 N000397
     0.000      0.000   0.000      0.000      0.000   0.000   0.0000  0.0000      0.000      0.000   1679.746   2505.760   1674.380   2481.942 N000398
     0.000      0.000   0.000      0.000      0.000   0.000   0.0000  0.0000      0.000      0.000   1319.705   2506.262   1307.284   2512.459 N000399
  2477.058   2440.500  -9.150   2485.918   2424.306  -9.150   0.1488  0.0909   2484.802   2511.755   2484.653   2511.664   2485.769   2424.226 N000400
     0.000      0.000   0.000      0.000      0.000   0.000   0.0000  0.0000      0.000      0.000   1985.727   2514.758   1984.195   2466.346 N000401
  2961.064   2447.519 -12.565   2968.612   2394.874 -12.566   0.0644  0.0189   2968.824   2518.771   2968.760   2518.752   2968.548   2394.860 N000402
     0.000      0.000   0.000      0.000      0.000   0.000   0.0000  0.0000      0.000      0.000   3890.291   2523.802   3877.900   2333.961 N000403
     0.000      0.000   0.000      0.000      0.000   0.000   0.0000  0.0000      0.000      0.000   2514.245   2526.727   2515.360   2437.142 N000404
     0.000      0.000   0.000      0.000      0.000   0.000   0.0000  0.0000      0.000      0.000    470.176   2528.767    428.858   2610.597 N000405
  1639.210   2459.253 -12.776   1640.830   2509.758 -12.776   0.2097  0.0943   1646.925   2530.514   1646.716   2530.419   1640.618   2509.679 N000406
     0.000      0.000   0.000      0.000      0.000   0.000   0.0000  0.0000      0.000      0.000   1400.708   2546.262   1389.715   2546.307 N000407
     0.000      0.000   0.000      0.000      0.000   0.000   0.0000  0.0000      0.000      0.000   2283.937   2548.856   2284.395   2477.282 N000408
     0.000      0.000   0.000      0.000      0.000   0.000   0.0000  0.0000      0.000      0.000   1832.222   2561.759   1828.640   2526.304 N000409
     0.000      0.000   0.000      0.000      0.000   0.000   0.0000  0.0000      0.000      0.000   2506.045   2561.655   2507.100   2472.992 N000410
     0.000      0.000   0.000      0.000      0.000   0.000   0.0000  0.0000      0.000      0.000   2386.213   2563.256   2387.019   2483.860 N000411
  1743.797   2492.312 -11.133   1746.798   2534.722 -11.133  -0.2034 -0.1881   1751.516   2563.572   1751.720   2563.760   1747.003   2534.896 N000412
     0.000      0.000   0.000      0.000      0.000   0.000   0.0000  0.0000      0.000      0.000    712.685   2567.266    680.750   2627.932 N000413
     0.000      0.000   0.000      0.000      0.000   0.000   0.0000  0.0000      0.000      0.000   2271.737   2568.756   2272.069   2498.342 N000414
  2120.851   2501.034  -9.264   2127.998   2513.203  -9.264  -0.1102  0.0722   2128.583   2572.291   2128.694   2572.219   2128.109   2513.121 N000415
     0.000      0.000   0.000      0.000      0.000   0.000   0.0000  0.0000      0.000      0.000   3023.262   2573.752   3022.803   2446.075 N000416
     0.000      0.000   0.000      0.000      0.000   0.000   0.0000  0.0000      0.000      0.000   1325.147   2576.262   1312.108   2583.265 N000417
  4083.942   2514.524  -9.633   4075.732   2382.021  -9.633   1.4423  0.5236   4091.740   2585.769   4090.298   2585.245   4074.316   2381.596 N000418
     0.000      0.000   0.000      0.000      0.000   0.000   0.0000  0.0000      0.000      0.000   2296.829   2585.347   2297.221   2513.144 N000419
     0.000      0.000   0.000      0.000      0.000   0.000   0.0000  0.0000      0.000      0.000   2663.750   2587.754   2664.774   2487.240 N000420
  1998.624   2516.766 -10.458   2004.620   2538.874 -10.458   0.1245 -0.2672   2006.353   2588.024   2006.228   2588.292   2004.493   2539.155 N000421
     0.000      0.000   0.000      0.000      0.000   0.000   0.0000  0.0000      0.000      0.000   2275.237   2598.757   2275.482   2528.396 N000422
     0.000      0.000   0.000      0.000      0.000   0.000   0.0000  0.0000      0.000      0.000   2228.236   2599.257   2228.210   2532.603 N000423
  2180.796   2528.812  -8.852   2188.250   2536.562  -8.852  -0.1483 -0.1323   2188.531   2600.069   2188.679   2600.201   2188.399   2536.684 N000424
  2573.142   2533.835  -8.744   2581.936   2511.064  -8.744  -0.0252 -0.1651   2580.889   2605.090   2580.914   2605.255   2581.961   2511.228 N000425
  2793.442   2533.805 -11.074   2801.910   2494.229 -11.074  -0.0582 -0.1947   2801.197   2605.059   2801.255   2605.253   2801.968   2494.420 N000426
     0.000      0.000   0.000      0.000      0.000   0.000   0.0000  0.0000      0.000      0.000   3096.265   2608.752   3095.359   2475.837 N000427
   473.174   2547.869  -9.592    438.442   2702.382  -9.592   0.1358 -0.1306    480.852   2619.137    480.716   2619.268    438.298   2702.529 N000428
   793.146   2568.260  -7.982    771.111   2693.977  -7.982   0.6455  0.1597    800.834   2639.525    800.189   2639.366    770.444   2693.872 N000429
  1399.556   2568.795 -11.571   1395.449   2641.277 -11.571   0.0559 -0.2046   1407.265   2640.057   1407.209   2640.262   1395.390   2641.490 N000430
     0.000      0.000   0.000      0.000      0.000   0.000   0.0000  0.0000      0.000      0.000    809.689   2640.766    780.271   2694.448 N000431
     0.000      0.000   0.000      0.000      0.000   0.000   0.0000  0.0000      0.000      0.000   1494.162   2642.761   1484.188   2636.658 N000432
  2637.161   2573.959 -12.992   2645.908   2546.637 -12.992   0.1614 -0.0415   2644.912   2645.213   2644.750   2645.254   2645.747   2546.692 N000433
     0.000      0.000   0.000      0.000      0.000   0.000   0.0000  0.0000      0.000      0.000   1174.175   2647.763   1156.385   2669.238 N000434
  2097.161   2582.942 -10.556   2103.710   2598.043 -10.556   0.1613 -0.0582   2104.894   2654.199   2104.732   2654.258   2103.547   2598.115 N000435
  2321.001   2583.527  -9.296   2329.056   2580.869  -9.296   0.0008  0.0274   2328.740   2654.784   2328.740   2654.756   2329.056   2580.841 N000436
   944.257   2589.311 -10.683    927.189   2701.966 -10.683  -0.2435 -0.1888    951.950   2660.576    952.194   2660.765    927.438   2702.137 N000437
  1718.741   2590.817 -11.024   1720.568   2636.869 -11.024   0.1362 -0.1831   1726.461   2662.077   1726.325   2662.260   1720.428   2637.066 N000438
  2504.563   2596.035  -9.301   2513.185   2579.180  -9.301   0.0626  0.0350   2512.309   2667.290   2512.246   2667.255   2513.122   2579.149 N000439
  1263.892   2597.871  -9.838   1256.175   2682.593  -9.838  -0.1080 -0.1285   1271.597   2669.134   1271.705   2669.263   1256.285   2682.715 N000440
     0.000      0.000   0.000      0.000      0.000   0.000   0.0000  0.0000      0.000      0.000   2167.335   2670.657   2166.578   2609.732 N000441
  1702.072   2606.175 -10.451   1703.494   2653.881 -10.451   0.0715  0.1754   1709.791   2677.436   1709.719   2677.260   1703.423   2653.709 N000442
     0.000      0.000   0.000      0.000      0.000   0.000   0.0000  0.0000      0.000      0.000   1116.199   2679.711   1096.330   2706.980 N000443
     0.000      0.000   0.000      0.000      0.000   0.000   0.0000  0.0000      0.000      0.000   2862.202   2691.253   2862.747   2576.469 N000444
     0.000      0.000   0.000      0.000      0.000   0.000   0.0000  0.0000      0.000      0.000    679.885   2692.766    644.655   2759.621 N000445
     0.000      0.000   0.000      0.000      0.000   0.000   0.0000  0.0000      0.000      0.000   2579.349   2692.655   2580.271   2599.614 N000446
  1419.979   2627.643 -12.317   1415.698   2699.548 -12.317  -0.0212  0.1433   1427.689   2698.905   1427.710   2698.762   1415.721   2699.400 N000447
  2569.431   2628.698  -9.270   2578.088   2607.160  -9.270  -0.0688  0.1985   2577.180   2699.953   2577.248   2699.755   2578.157   2606.954 N000448
   273.832   2638.500 -10.097    227.922   2814.438 -10.097  -0.1679  0.0001    281.504   2709.769    281.672   2709.769    228.098   2814.422 N000449
  1262.783   2645.517 -11.723   1254.464   2731.365 -11.724  -0.2172  0.0168   1270.488   2716.780   1270.705   2716.763   1254.687   2731.329 N000450
    92.085   2649.593 -10.083     36.297   2843.426 -10.083   0.0851  0.0932     99.751   2720.863     99.666   2720.770     36.209   2843.338 N000451
     0.000      0.000   0.000      0.000      0.000   0.000   0.0000  0.0000      0.000      0.000   3536.281   2729.416   3531.147   2564.865 N000452
  2958.258   2660.821 -10.168   2966.167   2609.759 -10.169  -0.2139 -0.1515   2966.020   2732.073   2966.234   2732.225   2966.380   2609.896 N000453
  3749.260   2660.731  -9.767   3748.628   2551.651  -9.767  -0.2069  0.1646   3757.048   2731.979   3757.255   2731.814   3748.830   2551.471 N000454
  2453.818   2663.099 -11.115   2462.159   2650.989 -11.115  -0.1607  0.0990   2461.562   2734.355   2461.723   2734.256   2462.321   2650.876 N000455
     0.000      0.000   0.000      0.000      0.000   0.000   0.0000  0.0000      0.000      0.000   2247.338   2735.257   2246.865   2668.850 N000456
     0.000      0.000   0.000      0.000      0.000   0.000   0.0000  0.0000      0.000      0.000   1367.208   2735.762   1353.397   2742.376 N000457
     0.000      0.000   0.000      0.000      0.000   0.000   0.0000  0.0000      0.000      0.000   2766.755   2741.254   2767.559   2634.239 N000458
  3616.278   2669.699  -9.459   3617.763   2570.134  -9.459  -0.1281  0.1056   3624.062   2740.948   3624.190   2740.842   3617.889   2570.019 N000459
     0.000      0.000   0.000      0.000      0.000   0.000   0.0000  0.0000      0.000      0.000   1426.544   2755.679   1413.905   2757.607 N000460
  2685.547   2684.494 -13.437   2694.170   2654.562 -13.437   0.0467 -0.0056   2693.300   2755.749   2693.253   2755.754   2694.123   2654.571 N000461
     0.000      0.000   0.000      0.000      0.000   0.000   0.0000  0.0000      0.000      0.000   3189.269   2757.651   3188.007   2618.755 N000462
     0.000      0.000   0.000      0.000      0.000   0.000   0.0000  0.0000      0.000      0.000   2946.261   2759.153   2946.525   2638.576 N000463
     0.000      0.000   0.000      0.000      0.000   0.000   0.0000  0.0000      0.000      0.000   1588.183   2764.761   1578.890   2753.079 N000464
     0.000      0.000   0.000      0.000      0.000   0.000   0.0000  0.0000      0.000      0.000   1952.728   2771.259   1949.223   2729.277 N000465
  3009.175   2715.872  -8.546   3016.896   2661.436  -8.546   0.1750 -0.1284   3016.939   2787.124   3016.764   2787.252   3016.722   2661.579 N000466
     0.000      0.000   0.000      0.000      0.000   0.000   0.0000  0.0000      0.000      0.000    310.174   2788.769    256.430   2893.229 N000467
  2035.974   2723.344 -11.410   2041.106   2745.569 -11.410  -0.0263 -0.1556   2043.705   2794.603   2043.732   2794.758   2041.131   2745.725 N000468
     0.000      0.000   0.000      0.000      0.000   0.000   0.0000  0.0000      0.000      0.000   2768.943   2801.191   2769.713   2694.650 N000469
   483.738   2730.659 -10.654    446.142   2889.525 -10.655   0.0842  0.1586    491.418   2801.927    491.334   2801.768    446.057   2889.369 N000470
  1772.970   2733.794  -9.922   1774.461   2777.968  -9.922  -0.0300 -0.2944   1780.693   2805.054   1780.723   2805.348   1774.489   2778.266 N000471
     0.000      0.000   0.000      0.000      0.000   0.000   0.0000  0.0000      0.000      0.000    946.595   2822.215    919.244   2868.208 N000472
  1733.410   2751.400  -9.351   1734.093   2799.241  -9.352  -0.0896 -0.1001   1741.132   2822.660   1741.222   2822.760   1734.183   2799.335 N000473
  1623.071   2752.016  -9.505   1621.742   2809.192  -9.505   0.0713  0.0159   1630.789   2823.277   1630.718   2823.261   1621.669   2809.182 N000474
     0.000      0.000   0.000      0.000      0.000   0.000   0.0000  0.0000      0.000      0.000   2491.747   2835.756   2492.164   2751.359 N000475
  2039.866   2768.397  -9.497   2044.751   2791.097  -9.497   1.3660 -0.6030   2047.598   2839.656   2046.232   2840.258   2043.365   2791.823 N000476
     0.000      0.000   0.000      0.000      0.000   0.000   0.0000  0.0000      0.000      0.000    815.191   2840.480    782.787   2898.995 N000477
     0.000      0.000   0.000      0.000      0.000   0.000   0.0000  0.0000      0.000      0.000   1171.060   2847.621   1150.551   2874.099 N000478
  3340.733   2779.744 -11.664   3346.086   2700.969 -11.664  -0.0564  0.0864   3348.509   2850.995   3348.565   2850.909   3346.142   2700.878 N000479
     0.000      0.000   0.000      0.000      0.000   0.000   0.0000  0.0000      0.000      0.000   2473.496   2855.756   2473.789   2773.093 N000480
  2231.643   2792.565  -9.890   2238.240   2800.061  -9.890   0.1428  0.0654   2239.382   2863.823   2239.239   2863.757   2238.096   2800.006 N000481
     0.000      0.000   0.000      0.000      0.000   0.000   0.0000  0.0000      0.000      0.000   1093.277   2864.264   1070.145   2898.143 N000482
     0.000      0.000   0.000      0.000      0.000   0.000   0.0000  0.0000      0.000      0.000   2769.256   2864.254   2769.978   2758.436 N000483
  2000.966   2795.837  -9.399   2005.208   2822.246  -9.399  -0.0337 -0.1631   2008.697   2867.096   2008.731   2867.259   2005.241   2822.410 N000484
  1779.054   2796.841 -11.881   1780.096   2841.771 -11.881   0.0538 -0.1591   1786.777   2868.101   1786.724   2868.260   1780.040   2841.938 N000485
     0.000      0.000   0.000      0.000      0.000   0.000   0.0000  0.0000      0.000      0.000   1925.228   2872.259   1920.607   2834.430 N000486
  3779.154   2803.206 -12.446   3778.973   2692.687 -12.446   0.1543  0.2062   3786.945   2874.454   3786.791   2874.248   3778.820   2692.491 N000487
     0.000      0.000   0.000      0.000      0.000   0.000   0.0000  0.0000      0.000      0.000   2464.046   2874.756   2464.240   2793.126 N000488
     0.000      0.000   0.000      0.000      0.000   0.000   0.0000  0.0000      0.000      0.000   2695.254   2884.255   2695.963   2784.478 N000489
     0.000      0.000   0.000      0.000      0.000   0.000   0.0000  0.0000      0.000      0.000   2585.313   2888.255   2585.861   2797.191 N000490
  2312.164   2829.183  -9.420   2319.192   2830.784  -9.420   0.1283  0.1120   2319.906   2900.440   2319.777   2900.328   2319.063   2830.681 N000491
     0.000      0.000   0.000      0.000      0.000   0.000   0.0000  0.0000      0.000      0.000   1957.771   2904.676   1953.345   2864.779 N000492
  2102.226   2841.170 -10.370   2107.324   2860.089 -10.371   0.0595  0.1700   2109.961   2912.428   2109.902   2912.258   2107.265   2859.921 N000493
     0.000      0.000   0.000      0.000      0.000   0.000   0.0000  0.0000      0.000      0.000   2472.247   2913.756   2472.348   2832.070 N000494
     0.000      0.000   0.000      0.000      0.000   0.000   0.0000  0.0000      0.000      0.000   1096.701   2915.674   1072.926   2950.645 N000495
     0.000      0.000   0.000      0.000      0.000   0.000   0.0000  0.0000      0.000      0.000    749.690   2919.981    713.356   2986.962 N000496
  2503.929   2851.219 -13.104   2511.909   2837.774 -13.105  -0.0707  0.1536   2511.678   2922.475   2511.748   2922.321   2511.980   2837.612 N000497
     0.000      0.000   0.000      0.000      0.000   0.000   0.0000  0.0000      0.000      0.000    763.690   2936.267    727.622   3002.450 N000498
     0.000      0.000   0.000      0.000      0.000   0.000   0.0000  0.0000      0.000      0.000   1260.707   2943.264   1241.498   2964.256 N000499
  1217.177   2878.781 -11.274   1204.542   2974.425 -11.274   0.1525 -0.2193   1224.883   2950.044   1224.731   2950.264   1204.382   2974.664 N000500
  1954.562   2883.896  -8.879   1957.531   2915.914  -8.879   0.0623 -0.1040   1962.293   2955.155   1962.230   2955.259   1957.467   2916.026 N000501
  1918.779   2889.716 -11.487   1921.194   2924.856 -11.487  -0.2211  0.2161   1926.508   2960.976   1926.729   2960.759   1921.420   2924.617 N000502
     0.000      0.000   0.000      0.000      0.000   0.000   0.0000  0.0000      0.000      0.000   1773.224   2964.760   1765.421   2941.667 N000503
   519.835   2893.855 -11.089    480.728   3054.624 -11.090  -0.1653 -0.1455    527.517   2965.123    527.683   2965.268    480.898   3054.758 N000504
  1543.328   2897.553  -9.190   1538.834   2964.897  -9.190  -0.1262  0.0534   1551.045   2968.815   1551.171   2968.762   1538.964   2964.831 N000505
     0.000      0.000   0.000      0.000      0.000   0.000   0.0000  0.0000      0.000      0.000   2495.193   2978.700   2495.176   2896.229 N000506
     0.000      0.000   0.000      0.000      0.000   0.000   0.0000  0.0000      0.000      0.000   1052.200   2982.265   1025.955   3023.196 N000507
  1142.271   2912.299 -11.527   1126.885   3015.632 -11.528  -0.2294 -0.2013   1149.974   2983.563   1150.204   2983.764   1127.119   3015.818 N000508
  2043.005   2924.616  -9.317   2046.839   2950.099  -9.317   0.0046  0.1157   2050.738   2995.875   2050.734   2995.759   2046.835   2949.981 N000509
  2538.740   2927.013  -9.492   2546.628   2912.003  -9.492   0.0861  0.0511   2546.490   2998.268   2546.404   2998.217   2546.542   2911.958 N000510
  2792.169   2931.227 -10.367   2800.501   2896.154 -10.367   0.1687  0.0170   2799.927   3002.482   2799.759   3002.465   2800.332   2896.150 N000511
   719.729   2933.901 -10.331    688.625   3076.986 -10.332   0.1537 -0.0994    727.418   3005.167    727.265   3005.267    688.463   3077.103 N000512
  1641.219   2940.471  -8.691   1638.321   3000.395  -8.691   0.2189 -0.0291   1648.939   3011.732   1648.720   3011.761   1638.098   3000.444 N000513
     0.000      0.000   0.000      0.000      0.000   0.000   0.0000  0.0000      0.000      0.000   1415.213   3019.263   1399.177   3028.551 N000514
  1827.727   2948.282  -8.505   1828.203   2992.415  -8.505   0.3938  0.0318   1835.454   3019.542   1835.060   3019.510   1827.803   2992.416 N000515
     0.000      0.000   0.000      0.000      0.000   0.000   0.0000  0.0000      0.000      0.000   2161.238   3019.758   2158.468   2965.296 N000516
  2315.702   2949.824 -11.459   2322.189   2953.293 -11.459   0.1549 -0.1764   2323.446   3021.081   2323.291   3021.257   2322.032   2953.486 N000517
  1658.283   2954.738  -9.981   1655.581   3013.542  -9.981  -0.2168  0.2104   1666.004   3026.000   1666.221   3025.789   1655.804   3013.308 N000518
  2884.596   2958.018 -10.774   2892.826   2916.088 -10.774   0.0960  0.0182   2892.358   3029.272   2892.262   3029.254   2892.730   2916.077 N000519
     0.000      0.000   0.000      0.000      0.000   0.000   0.0000  0.0000      0.000      0.000   1736.224   3059.761   1726.818   3042.088 N000520
     0.000      0.000   0.000      0.000      0.000   0.000   0.0000  0.0000      0.000      0.000   3803.293   3063.248   3796.229   2881.828 N000521
  2429.656   3029.744  -9.487   2436.602   3025.423  -9.487   0.1557 -0.0687   2437.403   3101.000   2437.248   3101.069   2436.445   3025.506 N000522
  1490.585   3031.086 -10.209   1483.288   3106.552 -10.210   0.0846  0.0581   1498.301   3102.348   1498.216   3102.290   1483.202   3106.500 N000523
     0.000      0.000   0.000      0.000      0.000   0.000   0.0000  0.0000      0.000      0.000    778.692   3103.767    740.169   3174.085 N000524
   607.025   3036.038 -10.439    569.057   3193.447 -10.440   0.0248  0.0381    614.712   3107.306    614.687   3107.268    569.032   3193.410 N000525
  3828.461   3039.866 -11.825   3828.992   2927.797 -11.825  -0.0394 -0.1337   3836.255   3111.115   3836.295   3111.248   3829.031   2927.929 N000526
  2170.569   3050.412 -11.247   2175.059   3067.963 -11.247   0.0694 -0.0884   2178.309   3121.670   2178.239   3121.758   2174.988   3068.059 N000527
  3529.328   3055.730 -10.671   3533.719   2965.847 -10.671  -0.1719  0.1347   3537.113   3126.980   3537.285   3126.845   3533.888   2965.698 N000528
     0.000      0.000   0.000      0.000      0.000   0.000   0.0000  0.0000      0.000      0.000   3447.282   3143.751   3444.845   2989.560 N000529
   248.722   3078.226  -9.339    191.818   3272.621  -9.339  -0.0285  0.1190    256.397   3149.496    256.425   3149.377    191.851   3272.494 N000530
  1858.307   3083.851 -11.095   1858.040   3128.694 -11.096  -0.1930 -0.1153   1866.036   3155.112   1866.229   3155.227   1858.235   3128.796 N000531
     0.000      0.000   0.000      0.000      0.000   0.000   0.0000  0.0000      0.000      0.000   3341.079   3163.651   3339.592   3017.762 N000532
     0.000      0.000   0.000      0.000      0.000   0.000   0.0000  0.0000      0.000      0.000   1753.726   3181.261   1743.381   3165.247 N000533
     0.000      0.000   0.000      0.000      0.000   0.000   0.0000  0.0000      0.000      0.000   1930.204   3185.760   1923.001   3154.626 N000534
  1963.752   3115.276 -10.631   1964.932   3151.884 -10.631  -0.2484 -0.1950   1971.484   3186.535   1971.733   3186.730   1965.183   3152.063 N000535
     0.000      0.000   0.000      0.000      0.000   0.000   0.0000  0.0000      0.000      0.000   1856.334   3187.760   1847.848   3163.033 N000536
  1543.855   3119.904  -9.378   1536.734   3193.182  -9.379  -0.1455 -0.0956   1551.573   3191.167   1551.719   3191.262   1536.882   3193.268 N000537
     0.000      0.000   0.000      0.000      0.000   0.000   0.0000  0.0000      0.000      0.000   2350.246   3192.303   2348.327   3125.822 N000538
     0.000      0.000   0.000      0.000      0.000   0.000   0.0000  0.0000      0.000      0.000   2468.500   3203.757   2467.452   3127.736 N000539
     0.000      0.000   0.000      0.000      0.000   0.000   0.0000  0.0000      0.000      0.000   1861.730   3214.260   1853.079   3189.778 N000540
     0.000      0.000   0.000      0.000      0.000   0.000   0.0000  0.0000      0.000      0.000   2273.922   3220.258   2271.091   3160.797 N000541
   443.433   3167.962 -11.001    394.757   3346.569 -11.002  -0.0670 -0.0379    451.116   3239.231    451.183   3239.269    394.827   3346.602 N000542
   918.508   3179.085 -10.948    890.851   3311.892 -10.948   0.0080  0.0851    926.207   3250.351    926.199   3250.266    890.844   3311.805 N000543
  2339.116   3205.977 -10.587   2344.414   3213.005 -10.587   0.1164 -0.0233   2346.863   3277.234   2346.746   3277.258   2344.296   3213.038 N000544
  2133.592   3213.239  -9.589   2136.445   3237.854  -9.589   0.0915 -0.0109   2141.331   3284.498   2141.240   3284.509   2136.352   3237.873 N000545
   538.906   3246.214 -11.121    493.224   3418.581 -11.121  -0.0938  0.1910    546.593   3317.482    546.687   3317.291    493.327   3418.373 N000546
     0.000      0.000   0.000      0.000      0.000   0.000   0.0000  0.0000      0.000      0.000    883.170   3324.267    844.704   3392.706 N000547
  1867.052   3269.877  -8.954   1865.082   3319.113  -8.954   0.0521 -0.1227   1874.783   3341.138   1874.731   3341.261   1865.028   3319.244 N000548
   784.893   3276.142 -10.407    749.877   3425.524 -10.407  -0.1072  0.1416    792.588   3347.409    792.695   3347.267    749.992   3425.366 N000549
  2252.582   3345.349  -8.883   2255.973   3363.337  -8.883   0.0823 -0.1506   2260.327   3416.608   2260.245   3416.758   2255.889   3363.499 N000550
  2506.720   3346.832 -14.262   2512.677   3343.312 -14.262  -0.2326  0.0221   2514.473   3418.089   2514.706   3418.067   2512.912   3343.270 N000551
     0.000      0.000   0.000      0.000      0.000   0.000   0.0000  0.0000      0.000      0.000   2427.250   3425.757   2424.661   3358.521 N000552
  1373.422   3356.553 -10.512   1358.370   3453.058 -10.512  -0.0783  0.0525   1381.137   3427.816   1381.216   3427.764   1358.451   3452.996 N000553
     0.000      0.000   0.000      0.000      0.000   0.000   0.0000  0.0000      0.000      0.000   2454.308   3481.257   2451.629   3413.243 N000554
     0.000      0.000   0.000      0.000      0.000   0.000   0.0000  0.0000      0.000      0.000   1475.219   3481.763   1454.361   3500.281 N000555
     0.000      0.000   0.000      0.000      0.000   0.000   0.0000  0.0000      0.000      0.000   2337.748   3497.758   2333.730   3440.154 N000556
  2849.817   3439.806  -9.240   2857.199   3410.249  -9.240  -0.1827 -0.1938   2857.583   3511.061   2857.766   3511.255   2857.381   3410.433 N000557
     0.000      0.000   0.000      0.000      0.000   0.000   0.0000  0.0000      0.000      0.000   2341.106   3519.758   2336.968   3462.508 N000558
  3227.522   3471.015  -9.632   3234.828   3411.766  -9.632   0.0217  0.0145   3235.300   3542.267   3235.279   3542.253   3234.806   3411.753 N000559
  1980.556   3481.447  -9.530   1978.510   3527.305  -9.530   0.0564 -0.0527   1988.293   3552.708   1988.237   3552.760   1978.452   3527.365 N000560
   607.614   3488.015  -8.904    559.664   3664.314  -8.904   0.1144  0.0148    615.306   3559.284    615.191   3559.269    559.544   3664.310 N000561
  1739.043   3488.934  -9.579   1731.827   3556.726  -9.579   0.0427 -0.0662   1746.772   3560.196   1746.729   3560.262   1731.783   3556.798 N000562
  1844.437   3501.629 -10.127   1839.431   3560.344 -10.127  -0.0628  0.1288   1852.170   3572.890   1852.233   3572.761   1839.497   3560.205 N000563
  1836.742   3514.320  -9.059   1831.417   3574.174  -9.059  -0.0079 -0.1489   1844.475   3585.581   1844.483   3585.730   1831.423   3574.328 N000564
  1019.887   3523.300  -9.050    989.552   3660.146  -9.050  -0.1129 -0.1002   1027.592   3594.566   1027.705   3594.666    989.667   3660.239 N000565
     0.000      0.000   0.000      0.000      0.000   0.000   0.0000  0.0000      0.000      0.000   3334.283   3617.752   3333.485   3481.219 N000566
  2186.191   3552.041  -8.981   2186.951   3582.069  -8.981   0.1907  0.1032   2193.935   3623.300   2193.745   3623.197   2186.758   3581.979 N000567
  2140.865   3557.067  -8.413   2140.864   3591.250  -8.414  -0.1352  0.0667   2148.608   3628.326   2148.743   3628.260   2141.002   3591.169 N000568
     0.000      0.000   0.000      0.000      0.000   0.000   0.0000  0.0000      0.000      0.000   1607.825   3664.963   1587.930   3678.181 N000569
   835.826   3644.110  -9.086    795.040   3804.819  -9.086  -0.1118  0.1096    843.526   3715.377    843.638   3715.268    795.159   3804.693 N000570
   844.646   3644.022  -8.574    804.263   3803.837  -8.574   0.1458  0.0215    852.346   3715.289    852.201   3715.268    804.111   3803.829 N000571
  2581.880   3656.877  -8.546   2586.680   3656.012  -8.546  -0.0579  0.0016   2589.638   3728.134   2589.696   3728.132   2586.739   3656.006 N000572
  4043.745   3666.714  -9.109   4045.272   3548.907  -9.109  -0.1991 -0.0083   4051.553   3737.962   4051.752   3737.970   4045.469   3548.900 N000573
     0.000      0.000   0.000      0.000      0.000   0.000   0.0000  0.0000      0.000      0.000   2873.268   3745.256   2872.160   3649.701 N000574
   808.231   3687.184  -9.058    765.167   3852.828  -9.059   0.0942  0.0476    815.930   3758.452    815.836   3758.405    765.070   3852.788 N000575
  3546.207   3688.983 -10.288   3552.349   3609.971 -10.288   0.0509 -0.0165   3553.999   3760.235   3553.948   3760.251   3552.298   3609.992 N000576
  1981.026   3694.727 -10.487   1976.623   3748.135 -10.487   0.0260  0.1553   1988.765   3765.988   1988.739   3765.832   1976.598   3747.976 N000577
  1457.614   3695.993 -10.136   1439.646   3798.109 -10.136   0.1136 -0.0073   1465.335   3767.257   1465.222   3767.264   1439.529   3798.128 N000578
     0.000      0.000   0.000      0.000      0.000   0.000   0.0000  0.0000      0.000      0.000   2616.260   3775.257   2613.258   3702.402 N000579
  3489.516   3720.234 -10.642   3496.000   3646.530 -10.642   0.0164  0.0338   3497.306   3791.486   3497.290   3791.452   3495.984   3646.497 N000580
     0.000      0.000   0.000      0.000      0.000   0.000   0.0000  0.0000      0.000      0.000    765.976   3793.213    712.000   3894.472 N000581
  3857.734   3732.487 -10.503   3861.664   3630.366 -10.503  -0.2399 -0.0133   3865.536   3803.736   3865.776   3803.750   3861.902   3630.361 N000582
  1977.657   3747.446  -9.878   1972.555   3803.207  -9.878   0.1568 -0.0541   1985.396   3818.707   1985.240   3818.761   1972.394   3803.277 N000583
  1944.969   3779.387 -10.126   1938.772   3839.416 -10.127  -0.0315 -0.1134   1952.707   3850.648   1952.739   3850.761   1938.803   3839.531 N000584
  1512.901   3798.394  -8.565   1494.931   3899.754  -8.566  -0.0989 -0.1056   1520.626   3869.658   1520.724   3869.764   1495.031   3899.855 N000585
     0.000      0.000   0.000      0.000      0.000   0.000   0.0000  0.0000      0.000      0.000   1637.346   3872.763   1615.098   3891.872 N000586
  2627.144   3825.342  -9.273   2631.290   3826.344  -9.273   0.1440 -0.1577   2634.906   3896.600   2634.762   3896.757   2631.144   3826.520 N000587
     0.000      0.000   0.000      0.000      0.000   0.000   0.0000  0.0000      0.000      0.000    925.105   3912.768    875.685   4003.983 N000588
     0.000      0.000   0.000      0.000      0.000   0.000   0.0000  0.0000      0.000      0.000   2042.743   3938.797   2029.635   3922.944 N000589
  3376.334   3871.488 -10.299   3383.252   3811.293 -10.299  -0.1659 -0.0121   3384.122   3942.741   3384.287   3942.753   3383.418   3811.292 N000590
     0.000      0.000   0.000      0.000      0.000   0.000   0.0000  0.0000      0.000      0.000   3853.903   3943.550   3850.684   3774.832 N000591
  1310.821   3904.936 -11.523   1283.983   4031.053 -11.523  -0.1788 -0.0644   1318.540   3976.201   1318.719   3976.266   1284.167   4031.103 N000592
   961.404   3908.465  -9.879    920.073   4070.048  -9.879  -0.0679 -0.0345    969.111   3979.733    969.179   3979.768    920.143   4070.077 N000593
     0.000      0.000   0.000      0.000      0.000   0.000   0.0000  0.0000      0.000      0.000   1794.207   3979.929   1774.623   3988.996 N000594
  1002.699   3915.078  -9.806    963.064   4072.785  -9.806   0.1459  0.0780   1010.407   3986.345   1010.261   3986.267    962.913   4072.718 N000595
     0.000      0.000   0.000      0.000      0.000   0.000   0.0000  0.0000      0.000      0.000   3273.284   3990.754   3272.446   3869.910 N000596
  1338.236   3948.543 -12.539   1311.532   4074.155 -12.539   0.0625  0.0426   1345.957   4019.808   1345.894   4019.765   1311.468   4074.116 N000597
     0.000      0.000   0.000      0.000      0.000   0.000   0.0000  0.0000      0.000      0.000   1298.219   4028.266   1261.831   4087.804 N000598
  1938.445   3984.634 -11.550   1929.339   4054.145 -11.550  -0.0548  0.1339   1946.186   4055.896   1946.241   4055.762   1929.397   4054.000 N000599
     0.000      0.000   0.000      0.000      0.000   0.000   0.0000  0.0000      0.000      0.000   3650.798   4061.285   3649.182   3912.179 N000600
     0.000      0.000   0.000      0.000      0.000   0.000   0.0000  0.0000      0.000      0.000   1785.736   4096.263     -1.000     -1.000 N000601
     0.000      0.000   0.000      0.000      0.000   0.000   0.0000  0.0000      0.000      0.000   2740.768   4108.257   2736.746   4036.879 N000602
     0.000      0.000   0.000      0.000      0.000   0.000   0.0000  0.0000      0.000      0.000   2377.156   4184.260     -1.000     -1.000 N000603
