   269.807   -151.735 -11.673    260.574     42.871 -11.675  -0.1934 -0.0682    285.139    -90.161    285.332    -90.093    260.774     42.925 N000001
     0.000      0.000   0.000      0.000      0.000   0.000   0.0000  0.0000      0.000      0.000    475.335    -66.428    456.439     53.488 N000002
   864.933   -124.423  -8.752    870.672     30.214  -8.754  -0.0670  0.0771    880.275    -62.853    880.342    -62.930    870.740     30.134 N000003
   332.316    -48.855 -11.515    324.742    140.309 -11.517  -0.1565  0.1451    347.649     12.718    347.806     12.573    324.904    140.155 N000004
  2316.624    -26.258 -10.320   2327.666     35.318 -10.323   0.1239  0.0924   2331.990     35.304   2331.866     35.211   2327.543     35.236 N000005
   724.987     -9.075  -9.898    727.792    153.025  -9.901  -0.0127 -0.0753    740.327     52.495    740.340     52.570    727.805    153.098 N000006
  1272.487     -5.967 -10.370   1283.906    120.222 -10.373  -0.0128  0.0334   1287.836     55.601   1287.849     55.567   1283.919    120.188 N000007
  2819.467     28.767  -8.753   2824.057     58.680  -8.756  -0.0332 -0.2325   2834.842     90.326   2834.875     90.558   2824.091     58.904 N000008
     0.000      0.000   0.000      0.000      0.000   0.000   0.0000  0.0000      0.000      0.000    780.068    132.615    768.255    229.370 N000009
  2272.985     90.630 -11.132   2284.989    151.929 -11.134  -0.0151  0.1297   2288.351    152.191   2288.366    152.061   2285.003    151.802 N000010
  3387.684     96.244 -13.521   3380.796     90.673 -13.524   0.1841 -0.0474   3403.068    157.799   3402.884    157.846   3380.617     90.730 N000011
     0.000      0.000   0.000      0.000      0.000   0.000   0.0000  0.0000      0.000      0.000    148.330    164.487    117.923    304.534 N000012
   538.739    110.427 -11.048    536.685    283.648 -11.051   0.7053 -0.0728    554.075    171.998    553.370    172.071    535.960    283.769 N000013
   441.574    138.829 -10.328    436.658    318.480 -10.330   0.0743 -0.1707    456.910    200.401    456.835    200.572    436.581    318.654 N000014
  2368.357    183.358 -12.062   2379.924    236.555 -12.065  -0.1432 -0.1421   2383.724    244.918   2383.867    245.060   2380.066    236.685 N000015
     0.000      0.000   0.000      0.000      0.000   0.000   0.0000  0.0000      0.000      0.000   1849.358    249.063   1848.276    274.055 N000016
  1619.955    221.186  -9.672   1633.924    320.799  -9.675  -0.0445  0.1628   1635.310    282.750   1635.355    282.587   1633.969    320.636 N000017
  2881.784    221.456 -10.946   2886.638    242.336 -10.949  -0.1870 -0.0442   2897.160    283.013   2897.347    283.057   2886.822    242.368 N000018
     0.000      0.000   0.000      0.000      0.000   0.000   0.0000  0.0000      0.000      0.000   1954.360    352.562   1953.404    368.808 N000019
     0.000      0.000   0.000      0.000      0.000   0.000   0.0000  0.0000      0.000      0.000    703.277    363.944    689.027    463.273 N000020
     0.000      0.000   0.000      0.000      0.000   0.000   0.0000  0.0000      0.000      0.000   1885.359    383.562   1884.547    403.637 N000021
     0.000      0.000   0.000      0.000      0.000   0.000   0.0000  0.0000      0.000      0.000   1481.852    384.065   1479.673    430.398 N000022
  2178.151    350.856 -11.760   2191.832    412.245 -11.762   0.1511 -0.1442   2193.515    412.416   2193.364    412.561   2191.682    412.396 N000023
  1247.416    353.528 -10.407   1258.474    475.546 -10.410  -0.0838  0.0277   1262.765    415.094   1262.849    415.066   1258.559    475.513 N000024
     0.000      0.000   0.000      0.000      0.000   0.000   0.0000  0.0000      0.000      0.000   3715.390    445.766   3687.594    351.683 N000025
     0.000      0.000   0.000      0.000      0.000   0.000   0.0000  0.0000      0.000      0.000   1513.353    453.064   1511.394    496.245 N000026
   997.367    398.994 -10.747   1004.612    537.461 -10.750  -0.1329 -0.0057   1012.712    460.561   1012.845    460.567   1004.747    537.458 N000027
     0.000      0.000   0.000      0.000      0.000   0.000   0.0000  0.0000      0.000      0.000   1097.846    470.067   1091.149    541.012 N000028
     0.000      0.000   0.000      0.000      0.000   0.000   0.0000  0.0000      0.000      0.000   1135.847    476.066   1129.725    544.341 N000029
     0.000      0.000   0.000      0.000      0.000   0.000   0.0000  0.0000      0.000      0.000   1109.946    482.067   1103.411    552.043 N000030
     0.000      0.000   0.000      0.000      0.000   0.000   0.0000  0.0000      0.000      0.000   3146.880    483.088   3133.106    422.027 N000031
  3177.509    447.706 -13.307   3178.378    444.728 -13.310   0.0086  0.1603   3192.890    509.260   3192.881    509.100   3178.368    444.572 N000032
  2468.008    458.849  -8.899   2479.824    499.634  -8.901   0.0082 -0.1510   2483.377    520.407   2483.369    520.558   2479.817    499.782 N000033
     0.000      0.000   0.000      0.000      0.000   0.000   0.0000  0.0000      0.000      0.000    210.998    539.988    180.493    673.521 N000034
  2063.276    484.551  -9.269   2077.820    550.712  -9.271  -0.2243  0.0510   2078.638    546.112   2078.862    546.061   2078.044    550.647 N000035
   166.792    499.570 -12.823    150.362    696.756 -12.826  -0.2077  0.0704    182.123    561.142    182.331    561.072    150.578    696.670 N000036
  2317.769    522.355  -9.090   2331.106    571.413  -9.092  -0.0311 -0.1454   2333.136    583.914   2333.167    584.059   2331.137    571.554 N000037
     0.000      0.000   0.000      0.000      0.000   0.000   0.0000  0.0000      0.000      0.000   1596.855    592.063   1595.387    627.643 N000038
  1791.310    555.943 -13.053   1806.058    638.724 -13.056  -0.1903 -0.0573   1806.668    617.505   1806.858    617.562   1806.249    638.768 N000039
     0.000      0.000   0.000      0.000      0.000   0.000   0.0000  0.0000      0.000      0.000   1450.352    622.064   1447.746    667.130 N000040
     0.000      0.000   0.000      0.000      0.000   0.000   0.0000  0.0000      0.000      0.000   2807.875    630.556   2800.880    586.970 N000041
     0.000      0.000   0.000      0.000      0.000   0.000   0.0000  0.0000      0.000      0.000   2421.952    632.058   2419.389    612.930 N000042
     0.000      0.000   0.000      0.000      0.000   0.000   0.0000  0.0000      0.000      0.000   3270.716    641.053   3255.563    568.469 N000043
     0.000      0.000   0.000      0.000      0.000   0.000   0.0000  0.0000      0.000      0.000   1830.158    641.562   1829.603    660.857 N000044
     0.000      0.000   0.000      0.000      0.000   0.000   0.0000  0.0000      0.000      0.000   2747.874    661.056   2741.869    620.599 N000045
     0.000      0.000   0.000      0.000      0.000   0.000   0.0000  0.0000      0.000      0.000     84.829    670.072     48.224    812.853 N000046
     0.000      0.000   0.000      0.000      0.000   0.000   0.0000  0.0000      0.000      0.000   2034.362    676.060   2033.868    681.311 N000047
  2900.101    616.008  -9.015   2907.117    626.194  -9.018  -0.0062  0.0083   2915.478    677.564   2915.484    677.555   2907.123    626.186 N000048
  1143.941    617.044  -9.259   1152.959    743.095  -9.262  -0.0592  0.0443   1159.288    678.610   1159.347    678.565   1153.019    743.047 N000049
     0.000      0.000   0.000      0.000      0.000   0.000   0.0000  0.0000      0.000      0.000   2376.368    689.058   2374.346    671.788 N000050
     0.000      0.000   0.000      0.000      0.000   0.000   0.0000  0.0000      0.000      0.000   2157.364    712.560   2156.616    709.128 N000051
  1650.052    666.836 -11.454   1664.250    757.521 -11.456   0.0523 -0.1641   1665.408    728.398   1665.356    728.562   1664.197    757.686 N000052
     0.000      0.000   0.000      0.000      0.000   0.000   0.0000  0.0000      0.000      0.000   1474.353    729.763   1471.792    771.906 N000053
   396.821    670.198  -8.827    387.349    849.846  -8.829  -0.2416  0.2609    412.156    731.768    412.397    731.507    387.601    849.568 N000054
  2584.560    677.288 -11.019   2596.054    706.247 -11.021   0.0598 -0.2124   2599.931    738.844   2599.871    739.057   2595.996    706.459 N000055
  3247.594    678.559 -12.391   3248.711    665.655 -12.393   0.0937  0.0593   3262.976    740.112   3262.882    740.053   3248.619    665.603 N000056
  1468.116    695.615 -10.134   1480.934    798.389 -10.136   0.1155  0.1152   1483.468    757.178   1483.353    757.063   1480.818    798.283 N000057
     0.000      0.000   0.000      0.000      0.000   0.000   0.0000  0.0000      0.000      0.000   4085.396    775.048   4050.072    649.871 N000058
     0.000      0.000   0.000      0.000      0.000   0.000   0.0000  0.0000      0.000      0.000    600.838    790.568    581.510    894.469 N000059
     0.000      0.000   0.000      0.000      0.000   0.000   0.0000  0.0000      0.000      0.000   1787.758    792.461   1787.098    812.484 N000060
     0.000      0.000   0.000      0.000      0.000   0.000   0.0000  0.0000      0.000      0.000   2847.875    797.555   2841.163    747.958 N000061
     0.000      0.000   0.000      0.000      0.000   0.000   0.0000  0.0000      0.000      0.000   1319.950    804.364   1315.508    856.454 N000062
     0.000      0.000   0.000      0.000      0.000   0.000   0.0000  0.0000      0.000      0.000   3806.391    805.050   3779.560    695.786 N000063
     0.000      0.000   0.000      0.000      0.000   0.000   0.0000  0.0000      0.000      0.000   2535.683    805.994   2532.702    776.295 N000064
  3816.884    751.830  -9.400   3804.802    702.344  -9.403  -0.1155 -0.1697   3832.276    813.380   3832.392    813.549   3804.916    702.502 N000065
     0.000      0.000   0.000      0.000      0.000   0.000   0.0000  0.0000      0.000      0.000   1743.857    819.062   1743.008    841.729 N000066
     0.000      0.000   0.000      0.000      0.000   0.000   0.0000  0.0000      0.000      0.000   3297.383    841.552   3283.121    762.681 N000067
     0.000      0.000   0.000      0.000      0.000   0.000   0.0000  0.0000      0.000      0.000   1342.350    844.064   1338.066    894.232 N000068
   498.553    783.989 -10.641    491.511    955.803 -10.644   0.0532 -0.0111    513.890    845.557    513.837    845.569    491.456    955.818 N000069
  1513.514    788.647  -9.364   1526.554    887.299  -9.366   0.0143  0.1470   1528.868    850.210   1528.854    850.063   1526.540    887.155 N000070
  1617.321    788.882  -8.611   1631.165    880.358  -8.614  -0.1790 -0.1179   1632.676    850.444   1632.855    850.562   1631.345    880.462 N000071
   937.643    793.554 -10.408    942.110    932.966 -10.410   0.1429  0.0539    952.987    855.120    952.844    855.066    941.964    932.923 N000072
  2845.159    800.696  -9.121   2853.956    810.584  -9.124  -0.2578  0.5294   2860.535    862.251   2860.792    861.721   2854.208    810.048 N000073
     0.000      0.000   0.000      0.000      0.000   0.000   0.0000  0.0000      0.000      0.000   1219.848    868.064   1213.772    926.688 N000074
     0.000      0.000   0.000      0.000      0.000   0.000   0.0000  0.0000      0.000      0.000   2090.863    875.059   2090.500    873.553 N000075
     0.000      0.000   0.000      0.000      0.000   0.000   0.0000  0.0000      0.000      0.000   2219.365    878.558   2218.661    868.426 N000076
     0.000      0.000   0.000      0.000      0.000   0.000   0.0000  0.0000      0.000      0.000   3024.354    880.479   3015.372    818.005 N000077
  2107.407    841.000 -10.325   2122.375    898.535 -10.328  -0.0930  0.0000   2122.771    902.559   2122.863    902.559   2122.468    898.529 N000078
   144.202    843.044 -11.826    123.740   1041.948 -11.829   0.2024  0.0439    159.533    904.614    159.331    904.570    123.530   1041.920 N000079
  1604.610    846.796 -10.973   1618.261    938.548 -10.976   0.1097 -0.2038   1619.965    908.358   1619.855    908.562   1618.150    938.757 N000080
  1555.809    847.340 -10.374   1569.080    942.476 -10.376  -0.1663 -0.1597   1571.163    908.902   1571.329    909.062   1569.247    942.623 N000081
     0.000      0.000   0.000      0.000      0.000   0.000   0.0000  0.0000      0.000      0.000   2197.865    929.527   2197.302    920.102 N000082
     0.000      0.000   0.000      0.000      0.000   0.000   0.0000  0.0000      0.000      0.000   2879.876    933.697   2873.364    879.455 N000083
  2768.826    873.203 -10.651   2778.961    886.675 -10.654  -0.1741  0.2031   2784.200    934.758   2784.375    934.555   2779.132    886.464 N000084
     0.000      0.000   0.000      0.000      0.000   0.000   0.0000  0.0000      0.000      0.000   2568.621    955.140   2565.805    920.763 N000085
     0.000      0.000   0.000      0.000      0.000   0.000   0.0000  0.0000      0.000      0.000   2346.867    964.557   2345.707    944.694 N000086
     0.000      0.000   0.000      0.000      0.000   0.000   0.0000  0.0000      0.000      0.000    406.835    978.944    379.746   1097.283 N000087
  1290.772    919.508  -8.956   1300.868   1032.756  -8.958  -0.1615  0.0083   1306.122    981.072   1306.283    981.063   1301.032   1032.736 N000088
  2812.100    934.337 -10.110   2821.944    943.940 -10.113   0.1001 -0.1625   2827.475    995.892   2827.375    996.054   2821.846    944.106 N000089
  2391.540    936.924 -13.217   2405.463    974.134 -13.219   0.0404 -0.0763   2406.909    998.481   2406.868    998.557   2405.423    974.212 N000090
     0.000      0.000   0.000      0.000      0.000   0.000   0.0000  0.0000      0.000      0.000    553.837    999.068    531.453   1106.176 N000091
  2149.694    943.963  -9.008   2164.647    997.300  -9.011   0.0686 -0.0371   2165.058   1005.521   2164.989   1005.558   2164.579    997.341 N000092
     0.000      0.000   0.000      0.000      0.000   0.000   0.0000  0.0000      0.000      0.000   2895.876   1009.054   2889.483    952.439 N000093
     0.000      0.000   0.000      0.000      0.000   0.000   0.0000  0.0000      0.000      0.000   1567.354   1012.062   1564.988   1044.989 N000094
  1807.604    953.084  -9.880   1822.246   1029.704  -9.883   0.0687  0.0843   1822.963   1014.645   1822.894   1014.560   1822.177   1029.625 N000095
  2325.111    956.540 -11.051   2339.446    997.910 -11.053   0.1111  0.0401   2340.478   1018.097   2340.367   1018.057   2339.335    997.878 N000096
     0.000      0.000   0.000      0.000      0.000   0.000   0.0000  0.0000      0.000      0.000   2184.865   1020.058   2184.421   1010.315 N000097
  1059.276    965.080 -10.728   1065.280   1094.835 -10.730  -0.1946  0.0798   1074.622   1026.644   1074.817   1026.565   1065.478   1094.741 N000098
     0.000      0.000   0.000      0.000      0.000   0.000   0.0000  0.0000      0.000      0.000   2416.368   1030.682   2414.928   1005.249 N000099
  1086.798    974.161  -9.799   1093.276   1101.866  -9.801  -0.2015  0.1611   1102.145   1035.725   1102.347   1035.564   1093.482   1101.691 N000100
     0.000      0.000   0.000      0.000      0.000   0.000   0.0000  0.0000      0.000      0.000   2056.362   1035.359   2056.090   1034.164 N000101
     0.000      0.000   0.000      0.000      0.000   0.000   0.0000  0.0000      0.000      0.000   1969.861   1051.109   1969.519   1055.662 N000102
     0.000      0.000   0.000      0.000      0.000   0.000   0.0000  0.0000      0.000      0.000   1425.352   1069.536   1421.309   1112.126 N000103
     0.000      0.000   0.000      0.000      0.000   0.000   0.0000  0.0000      0.000      0.000   2145.364   1078.558   2145.030   1070.796 N000104
  1972.604   1023.108 -10.474   1987.635   1087.623 -10.476   0.1043  0.1080   1987.966   1084.667   1987.861   1084.559   1987.531   1087.523 N000105
     0.000      0.000   0.000      0.000      0.000   0.000   0.0000  0.0000      0.000      0.000    548.337   1085.067    525.014   1192.671 N000106
  1799.312   1028.657  -8.708   1813.815   1105.136  -8.711  -0.1884  0.2123   1814.670   1090.217   1814.858   1090.004   1814.005   1104.912 N000107
  3751.046   1029.655 -10.562   3743.241    977.789 -10.565   0.0460  0.1079   3766.437   1091.204   3766.391   1091.096   3743.195    977.686 N000108
     0.000      0.000   0.000      0.000      0.000   0.000   0.0000  0.0000      0.000      0.000   2375.368   1106.557   2374.284   1082.865 N000109
     0.000      0.000   0.000      0.000      0.000   0.000   0.0000  0.0000      0.000      0.000   1749.857   1113.560   1748.610   1132.826 N000110
  1826.075   1056.951  -8.997   1840.649   1131.311  -8.999   0.0749 -0.0487   1841.434   1118.511   1841.359   1118.560   1840.574   1131.364 N000111
  3739.593   1057.347 -10.472   3732.316   1005.616 -10.474   0.0682 -0.1529   3754.984   1118.896   3754.916   1119.049   3732.251   1005.770 N000112
  3082.908   1059.377 -10.213   3089.381   1049.286 -10.215  -0.0918 -0.1229   3098.288   1120.929   3098.380   1121.052   3089.472   1049.401 N000113
  1396.361   1068.053 -11.369   1407.266   1172.841 -11.371  -0.1390  0.0529   1411.713   1129.615   1411.852   1129.562   1407.406   1172.778 N000114
  2833.826   1072.059 -10.377   2843.942   1078.009 -10.380  -0.1736  0.0591   2849.202   1133.613   2849.376   1133.554   2844.113   1077.939 N000115
     0.000      0.000   0.000      0.000      0.000   0.000   0.0000  0.0000      0.000      0.000   1855.859   1138.560   1855.105   1150.178 N000116
   950.152   1091.278 -11.877    953.052   1228.794 -11.879   0.1517 -0.2223    965.496   1152.842    965.344   1153.065    952.895   1229.027 N000117
     0.000      0.000   0.000      0.000      0.000   0.000   0.0000  0.0000      0.000      0.000   2750.874   1153.054   2746.843   1103.649 N000118
  1511.481   1095.076 -10.607   1523.630   1191.437 -10.609  -0.0188  0.0759   1526.835   1156.637   1526.854   1156.561   1523.649   1191.360 N000119
  1721.823   1099.427 -10.716   1735.749   1180.782 -10.718  -0.1769 -0.0729   1737.180   1160.987   1737.357   1161.060   1735.927   1180.842 N000120
     0.000      0.000   0.000      0.000      0.000   0.000   0.0000  0.0000      0.000      0.000   1228.849   1174.501   1221.476   1230.854 N000121
  2263.846   1113.160 -12.377   2278.605   1156.739 -12.379  -0.1536  0.1603   2279.213   1174.717   2279.366   1174.557   2278.758   1156.570 N000122
  1165.682   1119.712 -10.390   1172.785   1241.136 -10.392   0.1823  0.1374   1181.030   1181.276   1180.848   1181.138   1172.600   1241.012 N000123
     0.000      0.000   0.000      0.000      0.000   0.000   0.0000  0.0000      0.000      0.000   2229.466   1183.957   2228.996   1169.279 N000124
     0.000      0.000   0.000      0.000      0.000   0.000   0.0000  0.0000      0.000      0.000    470.836   1191.567    443.878   1305.478 N000125
     0.000      0.000   0.000      0.000      0.000   0.000   0.0000  0.0000      0.000      0.000   1393.852   1210.062   1388.818   1254.217 N000126
  2630.450   1168.127 -12.869   2643.046   1186.244 -12.871  -0.0497  0.1267   2645.823   1229.681   2645.872   1229.555   2643.095   1186.116 N000127
   187.619   1181.153 -11.171    165.115   1378.274 -11.173  -1.8809 -0.8468    202.951   1242.722    204.832   1243.569    167.064   1378.975 N000128
  1485.486   1197.714 -10.262   1496.941   1295.452 -10.264  -0.0136  0.1879   1500.840   1259.275   1500.853   1259.088   1496.955   1295.264 N000129
  1014.415   1211.780 -10.853   1017.880   1344.404 -10.856  -0.0626 -0.1977   1029.760   1273.343   1029.823   1273.541   1017.943   1344.597 N000130
     0.000      0.000   0.000      0.000      0.000   0.000   0.0000  0.0000      0.000      0.000    787.770   1273.637    769.906   1363.176 N000131
     0.000      0.000   0.000      0.000      0.000   0.000   0.0000  0.0000      0.000      0.000   2044.362   1274.058   2043.936   1271.369 N000132
  3112.967   1219.808 -14.123   3119.754   1205.202 -14.126  -0.0328 -0.0048   3128.348   1281.359   3128.380   1281.364   3119.786   1205.204 N000133
  1083.730   1226.654 -11.202   1088.565   1354.047 -11.204   0.2070  0.1540   1099.076   1288.217   1098.869   1288.063   1088.355   1353.909 N000134
     0.000      0.000   0.000      0.000      0.000   0.000   0.0000  0.0000      0.000      0.000   1376.685   1290.062   1371.019   1335.217 N000135
     0.000      0.000   0.000      0.000      0.000   0.000   0.0000  0.0000      0.000      0.000   1452.353   1290.561   1447.720   1330.162 N000136
  2253.779   1233.810  -9.128   2268.604   1276.857  -9.130  -0.2927 -0.1186   2269.145   1295.366   2269.438   1295.485   2268.896   1276.954 N000137
  2133.142   1238.143 -12.760   2148.123   1289.525 -12.763   0.1422  0.1426   2148.506   1299.700   2148.364   1299.557   2147.981   1289.393 N000138
     0.000      0.000   0.000      0.000      0.000   0.000   0.0000  0.0000      0.000      0.000   1487.853   1306.061   1483.590   1343.015 N000139
  1563.678   1253.064 -10.220   1575.770   1344.898 -10.222   0.1778  0.0642   1579.032   1314.625   1578.855   1314.560   1575.591   1344.847 N000140
     0.000      0.000   0.000      0.000      0.000   0.000   0.0000  0.0000      0.000      0.000   1896.460   1315.059   1895.535   1322.514 N000141
     0.000      0.000   0.000      0.000      0.000   0.000   0.0000  0.0000      0.000      0.000   1798.558   1316.059   1797.119   1330.491 N000142
  2117.727   1260.099  -9.381   2132.692   1312.384  -9.383   0.2274 -0.3681   2133.091   1321.656   2132.864   1322.024   2132.464   1312.765 N000143
  1503.990   1268.126  -9.029   1515.356   1364.263  -9.032  -0.1460  0.2173   1519.344   1329.687   1519.490   1329.470   1515.505   1364.036 N000144
     0.000      0.000   0.000      0.000      0.000   0.000   0.0000  0.0000      0.000      0.000   2451.869   1331.555   2450.639   1300.129 N000145
  1932.044   1271.611  -9.457   1946.644   1336.896  -9.460   0.0441  0.1110   1947.405   1333.169   1947.361   1333.058   1946.600   1336.789 N000146
     0.000      0.000   0.000      0.000      0.000   0.000   0.0000  0.0000      0.000      0.000   1298.406   1338.062   1291.263   1388.929 N000147
  3627.299   1281.729 -10.959   3624.495   1232.885 -10.962  -0.2006  0.0711   3642.688   1343.277   3642.889   1343.206   3624.691   1232.802 N000148
     0.000      0.000   0.000      0.000      0.000   0.000   0.0000  0.0000      0.000      0.000   1363.851   1350.062   1357.673   1396.045 N000149
  1995.586   1294.217 -11.050   2010.340   1354.859 -11.053   0.6574 -1.2117   2010.948   1355.775   2010.290   1356.986   2009.679   1356.110 N000150
  2789.746   1307.631 -10.974   2801.143   1313.352 -10.976   0.1407  0.1309   2805.121   1369.184   2804.980   1369.053   2801.004   1313.232 N000151
  1347.552   1308.831  -9.824   1356.597   1416.419  -9.826   0.0519 -0.1694   1362.903   1370.392   1362.851   1370.561   1356.543   1416.592 N000152
  1259.041   1313.893 -11.066   1266.619   1428.090 -11.068   0.0406 -0.1067   1274.390   1375.455   1274.350   1375.562   1266.577   1428.200 N000153
  1455.873   1344.609 -12.710   1466.269   1444.109 -12.712  -0.1265  0.1095   1471.226   1406.170   1471.353   1406.061   1466.398   1443.990 N000154
  3638.808   1344.338 -14.308   3636.193   1293.742 -14.310   0.0907 -0.1835   3654.197   1405.886   3654.107   1406.070   3636.106   1293.928 N000155
  1954.345   1350.001 -11.035   1968.859   1413.257 -11.038  -0.1552  0.0006   1969.706   1411.558   1969.861   1411.558   1969.015   1413.246 N000156
     0.000      0.000   0.000      0.000      0.000   0.000   0.0000  0.0000      0.000      0.000   2603.872   1413.304   2601.798   1370.666 N000157
     0.000      0.000   0.000      0.000      0.000   0.000   0.0000  0.0000      0.000      0.000   1477.953   1416.861   1473.030   1454.286 N000158
  1728.929   1356.871  -9.318   1742.140   1436.321  -9.320  -0.0709 -0.1289   1744.287   1418.430   1744.358   1418.559   1742.211   1436.445 N000159
     0.000      0.000   0.000      0.000      0.000   0.000   0.0000  0.0000      0.000      0.000   1385.977   1419.561   1379.742   1463.823 N000160
     0.000      0.000   0.000      0.000      0.000   0.000   0.0000  0.0000      0.000      0.000   3987.895   1422.546   3961.779   1288.982 N000161
  1747.057   1367.981 -11.102   1760.367   1446.078 -11.104   0.0567 -0.0194   1762.415   1429.540   1762.358   1429.559   1760.310   1446.102 N000162
  2201.893   1369.221  -9.227   2216.743   1414.825  -9.230   1.3934  1.2208   2217.259   1430.777   2215.865   1429.556   2215.353   1413.710 N000163
  2509.050   1369.552  -8.928   2522.884   1393.762  -8.930   0.0496  0.1768   2524.420   1431.106   2524.371   1430.929   2522.834   1393.590 N000164
  2192.678   1374.682 -10.950   2207.529   1420.899 -10.953   0.1777  0.1820   2208.043   1436.238   2207.865   1436.056   2207.351   1420.731 N000165
     0.000      0.000   0.000      0.000      0.000   0.000   0.0000  0.0000      0.000      0.000   2958.378   1440.441   2952.850   1373.475 N000166
     0.000      0.000   0.000      0.000      0.000   0.000   0.0000  0.0000      0.000      0.000   1419.352   1449.061   1413.437   1490.815 N000167
  1002.090   1388.051 -10.424   1003.889   1521.901 -10.426   0.1216  0.0511   1017.436   1449.614   1017.314   1449.563   1003.765   1521.859 N000168
     0.000      0.000   0.000      0.000      0.000   0.000   0.0000  0.0000      0.000      0.000   3383.313   1453.049   3371.208   1357.746 N000169
     0.000      0.000   0.000      0.000      0.000   0.000   0.0000  0.0000      0.000      0.000   2193.865   1463.956   2193.328   1449.447 N000170
  1666.385   1403.154 -11.229   1678.880   1487.036 -11.231  -0.1152  0.1541   1681.741   1464.713   1681.857   1464.559   1678.997   1486.874 N000171
     0.000      0.000   0.000      0.000      0.000   0.000   0.0000  0.0000      0.000      0.000   3381.885   1465.049   3369.874   1369.676 N000172
  1633.775   1412.326  -9.615   1645.912   1498.585  -9.618  -0.1419 -0.1737   1649.131   1473.886   1649.273   1474.059   1646.055   1498.748 N000173
  1150.416   1422.012 -10.040   1155.201   1544.542 -10.043  -0.0841  0.0124   1165.764   1483.575   1165.848   1483.562   1155.287   1544.523 N000174
     0.000      0.000   0.000      0.000      0.000   0.000   0.0000  0.0000      0.000      0.000   2187.865   1486.681   2187.301   1472.467 N000175
     0.000      0.000   0.000      0.000      0.000   0.000   0.0000  0.0000      0.000      0.000   3256.383   1490.050   3246.716   1402.615 N000176
     0.000      0.000   0.000      0.000      0.000   0.000   0.0000  0.0000      0.000      0.000   1918.387   1490.531   1917.132   1495.575 N000177
  1397.991   1432.469  -9.330   1407.077   1536.233  -9.332  -0.0090 -0.0016   1413.343   1494.030   1413.352   1494.031   1407.086   1536.234 N000178
     0.000      0.000   0.000      0.000      0.000   0.000   0.0000  0.0000      0.000      0.000    625.339   1497.065    600.271   1600.476 N000179
  2587.945   1456.065  -9.822   2601.378   1474.101  -9.825  -0.0548  0.0655   2603.317   1517.619   2603.372   1517.554   2601.432   1474.032 N000180
     0.000      0.000   0.000      0.000      0.000   0.000   0.0000  0.0000      0.000      0.000   2433.369   1521.055   2432.314   1489.340 N000181
     0.000      0.000   0.000      0.000      0.000   0.000   0.0000  0.0000      0.000      0.000   2136.364   1528.056   2135.711   1517.296 N000182
     0.000      0.000   0.000      0.000      0.000   0.000   0.0000  0.0000      0.000      0.000    935.622   1531.174    919.334   1610.166 N000183
  2899.661   1480.394 -10.115   2910.335   1476.842 -10.118   0.1346 -0.1057   2915.038   1541.946   2914.903   1542.052   2910.202   1476.956 N000184
  1210.388   1485.556  -8.673   1215.882   1603.651  -8.675   0.1876  0.8560   1225.737   1547.118   1225.549   1546.262   1215.697   1602.807 N000185
  1836.356   1487.303 -12.720   1849.898   1558.580 -12.722  -0.1444 -0.1967   1851.715   1548.861   1851.859   1549.058   1850.043   1558.766 N000186
  1463.725   1490.465  -9.809   1473.419   1589.326  -9.812   0.1912 -0.0349   1479.078   1552.025   1478.887   1552.060   1473.225   1589.375 N000187
     0.000      0.000   0.000      0.000      0.000   0.000   0.0000  0.0000      0.000      0.000   1769.358   1554.058   1766.907   1569.799 N000188
     0.000      0.000   0.000      0.000      0.000   0.000   0.0000  0.0000      0.000      0.000   1545.854   1558.060   1541.051   1590.361 N000189
     0.000      0.000   0.000      0.000      0.000   0.000   0.0000  0.0000      0.000      0.000   1579.355   1563.559   1574.934   1593.361 N000190
  2124.795   1503.696 -10.534   2139.445   1554.060 -10.536  -0.1775  0.1961   2140.159   1565.252   2140.336   1565.056   2139.623   1553.852 N000191
     0.000      0.000   0.000      0.000      0.000   0.000   0.0000  0.0000      0.000      0.000   1176.485   1569.062   1165.475   1629.459 N000192
     0.000      0.000   0.000      0.000      0.000   0.000   0.0000  0.0000      0.000      0.000   2278.450   1573.639   2277.750   1552.546 N000193
  1399.506   1535.299 -11.669   1407.964   1639.069 -11.672   0.0062 -0.2007   1414.858   1596.860   1414.852   1597.060   1407.956   1639.271 N000194
  2175.733   1535.554 -10.295   2190.380   1582.141 -10.298   0.1498  0.0535   2191.098   1597.109   2190.948   1597.056   2190.230   1582.098 N000195
  2231.977   1536.759 -10.420   2246.630   1579.322 -10.423   0.0029 -0.1621   2247.343   1598.314   2247.340   1598.476   2246.627   1579.484 N000196
  4004.620   1538.874 -12.295   3994.640   1461.969 -12.297   0.1198 -0.1255   4020.015   1600.420   4019.896   1600.545   3994.524   1462.100 N000197
     0.000      0.000   0.000      0.000      0.000   0.000   0.0000  0.0000      0.000      0.000    936.678   1601.980    919.725   1681.297 N000198
  2332.779   1544.843 -10.935   2347.314   1580.199 -10.937  -0.0740 -0.1567   2348.147   1606.398   2348.221   1606.555   2347.388   1580.350 N000199
   486.692   1546.927  -9.573    471.256   1722.941  -9.575   0.1918 -0.0727    502.029   1608.493    501.837   1608.566    471.056   1723.030 N000200
     0.000      0.000   0.000      0.000      0.000   0.000   0.0000  0.0000      0.000      0.000   1863.860   1622.629   1861.863   1631.333 N000201
  1673.889   1563.597 -10.406   1685.743   1646.780 -10.409  -0.1111  0.0970   1689.246   1625.156   1689.357   1625.059   1685.856   1646.675 N000202
     0.000      0.000   0.000      0.000      0.000   0.000   0.0000  0.0000      0.000      0.000   1900.860   1626.057   1899.083   1632.040 N000203
  3054.203   1577.809  -9.579   3063.299   1562.847  -9.581   0.2033 -0.1911   3069.583   1639.359   3069.380   1639.550   3063.099   1563.050 N000204
  1830.481   1585.658 -10.446   1843.620   1657.224 -10.449  -0.0190  0.1581   1845.840   1647.216   1845.859   1647.058   1843.640   1657.065 N000205
     0.000      0.000   0.000      0.000      0.000   0.000   0.0000  0.0000      0.000      0.000   2037.363   1647.556   2036.193   1643.529 N000206
   595.670   1597.764  -9.518    583.483   1765.370  -9.521   0.1695 -0.1202    611.008   1659.329    610.839   1659.449    583.306   1765.505 N000207
     0.000      0.000   0.000      0.000      0.000   0.000   0.0000  0.0000      0.000      0.000   1266.850   1660.061   1256.915   1713.827 N000208
  1845.650   1606.388  -9.801   1858.819   1676.819  -9.804   0.1498 -0.1123   1861.009   1667.945   1860.860   1668.057   1858.668   1676.942 N000209
     0.000      0.000   0.000      0.000      0.000   0.000   0.0000  0.0000      0.000      0.000   1692.357   1668.558   1688.677   1689.974 N000210
  1394.949   1608.432  -9.473   1402.844   1712.741  -9.476  -0.0507 -0.0345   1410.301   1669.992   1410.352   1670.027   1402.895   1712.772 N000211
  1714.149   1611.821 -11.206   1726.185   1692.023 -11.209   0.1223 -0.1795   1729.506   1673.379   1729.384   1673.558   1726.061   1692.212 N000212
     0.000      0.000   0.000      0.000      0.000   0.000   0.0000  0.0000      0.000      0.000   2048.363   1689.056   2047.120   1684.143 N000213
  2210.627   1639.057  -9.525   2225.127   1682.782  -9.527   0.1269  0.0574   2225.993   1700.613   2225.866   1700.555   2225.000   1682.734 N000214
     0.000      0.000   0.000      0.000      0.000   0.000   0.0000  0.0000      0.000      0.000   2786.411   1713.052   2783.343   1655.449 N000215
     0.000      0.000   0.000      0.000      0.000   0.000   0.0000  0.0000      0.000      0.000   1075.847   1714.562   1061.301   1783.604 N000216
  1932.734   1653.038 -11.519   1946.287   1717.011 -11.522   0.2338  0.0379   1948.095   1714.595   1947.861   1714.557   1946.052   1716.991 N000217
  2410.286   1653.345 -10.222   2424.562   1682.721 -10.225  -0.1865 -0.1268   2425.655   1714.899   2425.841   1715.026   2424.748   1682.834 N000218
  1198.515   1668.478  -8.943   1202.277   1788.297  -8.946   0.0152 -0.0221   1213.864   1730.039   1213.849   1730.061   1202.261   1788.320 N000219
     0.000      0.000   0.000      0.000      0.000   0.000   0.0000  0.0000      0.000      0.000   1289.350   1730.060   1279.277   1782.414 N000220
  1215.622   1672.502 -12.454   1219.701   1791.003 -12.456   0.1222  0.0017   1230.971   1734.062   1230.849   1734.061   1219.576   1791.011 N000221
  2390.009   1673.716 -10.139   2404.322   1704.465 -10.141   0.0712 -0.0029   2405.377   1735.270   2405.306   1735.273   2404.251   1704.473 N000222
     0.000      0.000   0.000      0.000      0.000   0.000   0.0000  0.0000      0.000      0.000   2126.164   1754.856   2125.008   1744.155 N000223
     0.000      0.000   0.000      0.000      0.000   0.000   0.0000  0.0000      0.000      0.000   2523.871   1756.595   2522.431   1717.264 N000224
     0.000      0.000   0.000      0.000      0.000   0.000   0.0000  0.0000      0.000      0.000    180.832   1757.100    134.413   1900.662 N000225
  3356.294   1697.700 -10.731   3361.369   1661.245 -10.734  -0.2296  0.1758   3371.679   1759.248   3371.909   1759.072   3361.594   1661.055 N000226
     0.000      0.000   0.000      0.000      0.000   0.000   0.0000  0.0000      0.000      0.000   1278.933   1766.560   1268.356   1819.936 N000227
     0.000      0.000   0.000      0.000      0.000   0.000   0.0000  0.0000      0.000      0.000   2088.138   1768.556   2086.821   1760.624 N000228
     0.000      0.000   0.000      0.000      0.000   0.000   0.0000  0.0000      0.000      0.000   1693.857   1777.458   1689.624   1798.949 N000229
  1516.191   1728.429  -9.223   1525.148   1823.898  -9.225   0.1907 -0.0710   1531.545   1789.988   1531.354   1790.059   1524.954   1823.984 N000230
  2963.141   1728.997 -10.008   2973.756   1719.129 -10.010   0.1414 -0.0029   2978.520   1790.547   2978.378   1790.550   2973.616   1719.142 N000231
     0.000      0.000   0.000      0.000      0.000   0.000   0.0000  0.0000      0.000      0.000   2335.868   1792.054   2334.854   1766.080 N000232
  3703.682   1745.205  -8.915   3702.405   1685.202  -8.917   0.1816  0.1051   3719.072   1806.751   3718.891   1806.646   3702.227   1685.110 N000233
     0.000      0.000   0.000      0.000      0.000   0.000   0.0000  0.0000      0.000      0.000   2134.364   1826.755   2133.042   1815.399 N000234
  1931.123   1767.351 -10.554   1944.222   1831.479 -10.557   0.1227 -0.1486   1946.484   1828.908   1946.361   1829.056   1944.098   1831.637 N000235
     0.000      0.000   0.000      0.000      0.000   0.000   0.0000  0.0000      0.000      0.000   2263.866   1832.554   2262.787   1811.730 N000236
     0.000      0.000   0.000      0.000      0.000   0.000   0.0000  0.0000      0.000      0.000   1431.117   1834.736   1422.795   1876.639 N000237
  1996.212   1773.850 -10.956   2009.685   1833.131 -10.959   0.1872 -0.1498   2011.574   1835.406   2011.387   1835.556   2009.496   1833.295 N000238
     0.000      0.000   0.000      0.000      0.000   0.000   0.0000  0.0000      0.000      0.000   1560.264   1839.604   1553.950   1871.531 N000239
     0.000      0.000   0.000      0.000      0.000   0.000   0.0000  0.0000      0.000      0.000   1548.355   1846.558   1541.825   1879.438 N000240
     0.000      0.000   0.000      0.000      0.000   0.000   0.0000  0.0000      0.000      0.000   1659.856   1847.825   1654.823   1872.139 N000241
  1957.954   1791.829  -9.960   1971.123   1853.984  -9.962  -0.0465 -0.1707   1973.315   1853.385   1973.362   1853.556   1971.169   1854.152 N000242
  1453.277   1795.088  -9.607   1460.779   1895.761  -9.609  -0.1154  0.0876   1468.631   1856.646   1468.746   1856.559   1460.897   1895.664 N000243
  1405.586   1799.431  -9.243   1412.234   1903.850  -9.246   0.0858 -0.0693   1420.938   1860.990   1420.852   1861.059   1412.146   1903.926 N000244
  1178.288   1805.380  -9.508   1180.344   1927.801  -9.510  -0.2123 -0.0818   1193.636   1866.940   1193.849   1867.022   1180.560   1927.867 N000245
  2945.050   1806.685 -10.469   2956.019   1797.658 -10.472   0.0499  0.1847   2960.428   1868.235   2960.378   1868.050   2955.969   1797.478 N000246
     0.000      0.000   0.000      0.000      0.000   0.000   0.0000  0.0000      0.000      0.000   2054.863   1870.055   2053.072   1864.599 N000247
     0.000      0.000   0.000      0.000      0.000   0.000   0.0000  0.0000      0.000      0.000   1279.683   1870.560   1268.207   1924.604 N000248
   762.149   1811.717 -10.349    752.776   1968.069 -10.352   0.1492  0.1642    777.491   1873.280    777.342   1873.116    752.624   1967.915 N000249
     0.000      0.000   0.000      0.000      0.000   0.000   0.0000  0.0000      0.000      0.000   2464.870   1874.553   2463.545   1839.138 N000250
  2088.883   1816.255  -8.944   2102.653   1868.700  -8.947  -0.1170 -0.1017   2104.247   1877.811   2104.364   1877.912   2102.770   1868.793 N000251
     0.000      0.000   0.000      0.000      0.000   0.000   0.0000  0.0000      0.000      0.000   1874.860   1878.556   1871.841   1886.617 N000252
     0.000      0.000   0.000      0.000      0.000   0.000   0.0000  0.0000      0.000      0.000   1290.350   1884.060   1278.964   1937.365 N000253
     0.000      0.000   0.000      0.000      0.000   0.000   0.0000  0.0000      0.000      0.000   1993.445   1883.722   1991.257   1882.869 N000254
  1193.025   1823.644 -11.786   1195.230   1945.047 -11.788   0.0253  0.1438   1208.374   1885.204   1208.349   1885.060   1195.205   1944.904 N000255
  2353.329   1823.634  -9.143   2367.517   1856.710  -9.146  -0.1715  0.2249   2368.697   1885.188   2368.868   1884.963   2367.689   1856.473 N000256
     0.000      0.000   0.000      0.000      0.000   0.000   0.0000  0.0000      0.000      0.000   2783.875   1885.051   2781.018   1826.815 N000257
  2273.106   1825.369  -9.371   2287.302   1864.277  -9.373   0.1055 -0.1314   2288.472   1886.923   2288.367   1887.054   2287.196   1864.416 N000258
  1870.810   1825.924  -9.665   1883.198   1894.710  -9.667  -0.1185 -0.0761   1886.170   1887.480   1886.289   1887.556   1883.317   1894.777 N000259
  2808.436   1832.575 -10.540   2820.668   1833.038 -10.542  -0.0643  0.0752   2823.812   1894.126   2823.876   1894.051   2820.731   1832.959 N000260
     0.000      0.000   0.000      0.000      0.000   0.000   0.0000  0.0000      0.000      0.000   2166.865   1895.555   2165.443   1881.833 N000261
  1152.045   1837.034  -8.960   1153.183   1961.844  -8.962  -0.0388 -0.0493   1167.393   1898.594   1167.432   1898.644   1153.222   1961.890 N000262
  1465.814   1838.034  -9.321   1473.197   1937.999  -9.324  -0.1857 -0.0290   1481.168   1899.592   1481.353   1899.621   1473.386   1938.014 N000263
  3810.275   1846.883 -11.108   3807.394   1778.894 -11.111   0.0845 -0.1170   3825.667   1908.428   3825.583   1908.545   3807.313   1779.015 N000264
     0.000      0.000   0.000      0.000      0.000   0.000   0.0000  0.0000      0.000      0.000   1509.854   1909.558   1502.275   1945.789 N000265
  2993.136   1848.738 -11.048   3003.693   1836.167 -11.050   0.1365  0.1186   3008.515   1910.287   3008.379   1910.169   3003.558   1836.058 N000266
  1041.113   1852.361 -10.484   1039.367   1986.288 -10.486   0.1132 -0.1394   1056.460   1913.922   1056.346   1914.061   1039.249   1986.438 N000267
  1016.393   1855.446 -10.951   1013.958   1991.418 -10.954  -0.1075 -0.0540   1031.739   1917.007   1031.846   1917.061   1014.068   1991.464 N000268
  2242.443   1862.648 -11.550   2256.523   1903.812 -11.552  -0.0569  0.1480   2257.810   1924.202   2257.866   1924.054   2256.580   1903.660 N000269
  1761.497   1864.313 -10.846   1772.668   1941.554 -10.848  -0.0029 -0.1486   1776.855   1925.870   1776.858   1926.018   1772.670   1941.703 N000270
     0.000      0.000   0.000      0.000      0.000   0.000   0.0000  0.0000      0.000      0.000    287.834   1935.065     -1.000     -1.000 N000271
  2148.646   1873.147 -14.199   2162.461   1921.243 -14.201   0.1456  0.1255   2164.010   1934.702   2163.865   1934.576   2162.316   1921.128 N000272
     0.000      0.000   0.000      0.000      0.000   0.000   0.0000  0.0000      0.000      0.000   1224.313   1938.417   1210.997   1997.474 N000273
     0.000      0.000   0.000      0.000      0.000   0.000   0.0000  0.0000      0.000      0.000   2295.867   1940.554   2294.586   1917.383 N000274
  2585.700   1882.603 -13.206   2599.243   1898.832 -13.208   0.1999  0.1026   2601.072   1944.155   2600.872   1944.052   2599.044   1898.744 N000275
     0.000      0.000   0.000      0.000      0.000   0.000   0.0000  0.0000      0.000      0.000   1646.806   1948.608   1640.954   1974.424 N000276
  1370.728   1888.121 -10.099   1376.004   1995.938 -10.101   0.1925  0.1208   1386.080   1949.680   1385.888   1949.559   1375.809   1995.831 N000277
  2720.496   1890.614  -9.543   2733.364   1897.166  -9.545   0.0272  0.1139   2735.870   1952.165   2735.843   1952.051   2733.337   1897.054 N000278
  1071.500   1896.443 -10.053   1070.042   2028.384 -10.055  -0.0000 -0.0568   1086.847   1958.004   1086.847   1958.061   1070.041   2028.442 N000279
     0.000      0.000   0.000      0.000      0.000   0.000   0.0000  0.0000      0.000      0.000    968.774   1961.061    948.747   2041.144 N000280
     0.000      0.000   0.000      0.000      0.000   0.000   0.0000  0.0000      0.000      0.000   1803.359   1964.557   1799.217   1978.394 N000281
  2476.306   1903.913 -11.635   2490.179   1928.031 -11.637  -0.1938 -0.0873   2491.677   1965.465   2491.870   1965.553   2490.372   1928.104 N000282
  1733.312   1907.487 -11.313   1743.919   1987.106 -11.315  -0.1881 -0.0129   1748.670   1969.044   1748.858   1969.057   1744.109   1987.104 N000283
     0.000      0.000   0.000      0.000      0.000   0.000   0.0000  0.0000      0.000      0.000   1296.750   1978.059   1284.617   2031.688 N000284
     0.000      0.000   0.000      0.000      0.000   0.000   0.0000  0.0000      0.000      0.000    980.845   1987.124     -1.000     -1.000 N000285
   488.683   1928.635 -10.110    472.057   2058.199 -10.113   0.1829  0.1347    504.020   1990.199    503.837   1990.064    471.869   2058.078 N000286
     0.000      0.000   0.000      0.000      0.000   0.000   0.0000  0.0000      0.000      0.000   2677.373   1995.980   2675.183   1945.117 N000287
  2625.228   1936.804  -9.003   2638.572   1950.141  -9.005   0.1445 -0.1958   2640.601   1998.356   2640.456   1998.552   2638.428   1950.347 N000288
  2720.003   1937.537 -10.129   2732.878   1944.056 -10.131   0.0025  0.0372   2735.377   1999.088   2735.374   1999.051   2732.875   1944.019 N000289
     0.000      0.000   0.000      0.000      0.000   0.000   0.0000  0.0000      0.000      0.000   2300.617   2005.616   2299.178   1982.187 N000290
     0.000      0.000   0.000      0.000      0.000   0.000   0.0000  0.0000      0.000      0.000   2467.370   2016.052   2465.852   1980.407 N000291
  2648.131   1955.003 -10.441   2661.369   1966.680 -10.443   0.1307  0.0030   2663.504   2016.554   2663.373   2016.551   2661.239   1966.686 N000292
  3182.590   1956.474 -12.043   3191.193   1930.280 -12.046   0.0903 -0.0256   3197.972   2018.023   3197.882   2018.048   3191.104   1930.312 N000293
     0.000      0.000   0.000      0.000      0.000   0.000   0.0000  0.0000      0.000      0.000   1417.352   2023.059     -1.000     -1.000 N000294
     0.000      0.000   0.000      0.000      0.000   0.000   0.0000  0.0000      0.000      0.000   3877.594   2023.044   3858.996   1889.141 N000295
     0.000      0.000   0.000      0.000      0.000   0.000   0.0000  0.0000      0.000      0.000    538.338   2025.064    507.290   2090.605 N000296
  2103.854   1963.599 -11.541   2117.159   2015.283 -11.543  -0.1459  0.0986   2119.218   2025.153   2119.364   2025.054   2117.306   2015.173 N000297
     0.000      0.000   0.000      0.000      0.000   0.000   0.0000  0.0000      0.000      0.000   1135.848   2027.560     -1.000     -1.000 N000298
     0.000      0.000   0.000      0.000      0.000   0.000   0.0000  0.0000      0.000      0.000   2462.370   2035.052   2460.827   1999.794 N000299
     0.000      0.000   0.000      0.000      0.000   0.000   0.0000  0.0000      0.000      0.000    598.839   2042.063    569.903   2102.608 N000300
     0.000      0.000   0.000      0.000      0.000   0.000   0.0000  0.0000      0.000      0.000   2890.177   2041.350   2886.635   1975.216 N000301
     0.000      0.000   0.000      0.000      0.000   0.000   0.0000  0.0000      0.000      0.000   2565.972   2060.552   2564.160   2017.763 N000302
     0.000      0.000   0.000      0.000      0.000   0.000   0.0000  0.0000      0.000      0.000   2835.876   2066.550   2832.754   2004.268 N000303
   167.950   2007.868 -13.359    136.260   2166.977 -13.362  -0.0504 -0.1317    183.282   2069.434    183.332   2069.566    136.311   2167.107 N000304
  1392.760   2011.360 -10.617   1401.373   2066.206 -10.620  -0.1901 -0.1402   1408.112   2072.918   1408.302   2073.058   1401.566   2066.332 N000305
     0.000      0.000   0.000      0.000      0.000   0.000   0.0000  0.0000      0.000      0.000   2025.863   2076.055     -1.000     -1.000 N000306
     0.000      0.000   0.000      0.000      0.000   0.000   0.0000  0.0000      0.000      0.000   3169.082   2082.948   3162.833   1997.034 N000307
     0.000      0.000   0.000      0.000      0.000   0.000   0.0000  0.0000      0.000      0.000   2477.370   2091.552     -1.000     -1.000 N000308
     0.000      0.000   0.000      0.000      0.000   0.000   0.0000  0.0000      0.000      0.000   2390.369   2092.503     -1.000     -1.000 N000309
     0.000      0.000   0.000      0.000      0.000   0.000   0.0000  0.0000      0.000      0.000   3070.880   2107.549   3065.773   2028.505 N000310
     0.000      0.000   0.000      0.000      0.000   0.000   0.0000  0.0000      0.000      0.000   2172.865   2109.554     -1.000     -1.000 N000311
     0.000      0.000   0.000      0.000      0.000   0.000   0.0000  0.0000      0.000      0.000   2369.368   2117.615     -1.000     -1.000 N000312
     0.000      0.000   0.000      0.000      0.000   0.000   0.0000  0.0000      0.000      0.000   2572.943   2121.909     -1.000     -1.000 N000313
     0.000      0.000   0.000      0.000      0.000   0.000   0.0000  0.0000      0.000      0.000   3134.881   2134.048     -1.000     -1.000 N000314
  2527.614   2092.891 -10.338   2544.235   2061.076 -10.340   0.1138 -0.1093   2542.985   2154.442   2542.871   2154.551   2544.122   2061.194 N000315
     0.000      0.000   0.000      0.000      0.000   0.000   0.0000  0.0000      0.000      0.000   1748.358   2156.556   1746.176   2123.498 N000316
     0.000      0.000   0.000      0.000      0.000   0.000   0.0000  0.0000      0.000      0.000   1619.967   2162.557   1616.104   2139.661 N000317
  1967.799   2121.560 -11.399   1983.080   2132.007 -11.402  -0.2014  0.0597   1983.161   2183.114   1983.362   2183.055   1983.283   2131.931 N000318
  1368.417   2125.799 -10.524   1375.697   2183.714 -10.526  -0.0828 -0.2006   1383.769   2187.357   1383.852   2187.558   1375.780   2183.910 N000319
   811.432   2130.291 -11.907    804.057   2234.972 -11.910  -0.0681 -0.2090    826.775   2191.852    826.843   2192.061    804.125   2235.178 N000320
     0.000      0.000   0.000      0.000      0.000   0.000   0.0000  0.0000      0.000      0.000   1462.469   2200.558   1455.793   2190.651 N000321
  1941.947   2139.161  -9.530   1956.960   2151.709  -9.533  -0.0525 -0.2763   1957.309   2200.716   1957.362   2200.992   1957.012   2151.983 N000322
  2323.975   2141.194  -9.536   2340.772   2124.622  -9.539  -0.0247  0.1519   2339.343   2202.746   2339.368   2202.594   2340.797   2124.468 N000323
     0.000      0.000   0.000      0.000      0.000   0.000   0.0000  0.0000      0.000      0.000   1984.862   2215.554   1984.675   2164.518 N000324
  2225.346   2155.896 -11.225   2241.913   2146.831 -11.228  -0.1278 -0.1037   2240.712   2217.449   2240.840   2217.553   2242.041   2146.926 N000325
   509.026   2157.404 -11.724    490.172   2289.013 -11.727   0.0259 -0.0964    524.364   2218.967    524.338   2219.063    490.144   2289.113 N000326
     0.000      0.000   0.000      0.000      0.000   0.000   0.0000  0.0000      0.000      0.000   2101.864   2221.054   2102.445   2161.047 N000327
  2050.822   2164.491 -12.463   2066.539   2168.809 -12.466  -0.1542 -0.0085   2066.185   2226.045   2066.340   2226.054   2066.694   2168.806 N000328
  2163.645   2166.204 -11.972   2179.963   2161.885 -11.975   0.1452  0.2038   2179.010   2227.757   2178.865   2227.553   2179.818   2161.691 N000329
     0.000      0.000   0.000      0.000      0.000   0.000   0.0000  0.0000      0.000      0.000   1653.857   2236.556   1650.013   2211.627 N000330
     0.000      0.000   0.000      0.000      0.000   0.000   0.0000  0.0000      0.000      0.000   1743.858   2236.556   1741.191   2204.488 N000331
  2448.908   2179.019 -11.488   2465.675   2153.205 -11.491  -0.0922  0.0190   2464.278   2240.571   2464.370   2240.552   2465.767   2153.179 N000332
     0.000      0.000   0.000      0.000      0.000   0.000   0.0000  0.0000      0.000      0.000   2263.367   2243.553   2264.584   2171.335 N000333
     0.000      0.000   0.000      0.000      0.000   0.000   0.0000  0.0000      0.000      0.000   1778.832   2246.582   1776.526   2211.842 N000334
  2502.637   2190.858  -9.844   2519.330   2161.069  -9.846   0.1373 -0.1420   2518.008   2252.409   2517.871   2252.551   2519.192   2161.222 N000335
     0.000      0.000   0.000      0.000      0.000   0.000   0.0000  0.0000      0.000      0.000   1464.353   2253.557   1457.298   2244.075 N000336
     0.000      0.000   0.000      0.000      0.000   0.000   0.0000  0.0000      0.000      0.000   1345.351   2260.125   1335.872   2260.486 N000337
     0.000      0.000   0.000      0.000      0.000   0.000   0.0000  0.0000      0.000      0.000   1193.349   2262.059   1180.375   2275.077 N000338
  3153.056   2200.409 -11.231   3165.596   2123.210 -11.234   0.0562 -0.0913   3168.438   2261.956   3168.382   2262.047   3165.541   2123.305 N000339
  3571.146   2200.400 -10.316   3577.677   2093.876 -10.318   0.1461 -0.0996   3586.535   2261.945   3586.389   2262.045   3577.534   2093.985 N000340
     0.000      0.000   0.000      0.000      0.000   0.000   0.0000  0.0000      0.000      0.000   1123.348   2267.559   1108.543   2286.535 N000341
  1236.251   2216.755 -11.132   1239.862   2286.689 -11.134   0.0126 -0.0785   1251.601   2278.313   1251.588   2278.392   1239.848   2286.769 N000342
  2552.414   2220.826 -11.150   2569.011   2187.417 -11.152  -0.0864 -0.1736   2567.785   2282.377   2567.872   2282.551   2569.098   2187.585 N000343
  1499.238   2236.975  -9.867   1508.093   2285.484  -9.869   0.1500 -0.0254   1514.593   2298.531   1514.443   2298.557   1507.940   2285.522 N000344
  3033.955   2241.230  -9.279   3047.883   2172.535  -9.282  -0.0449  0.1919   3049.335   2302.778   3049.380   2302.586   3047.927   2172.340 N000345
  2149.882   2248.590 -10.072   2165.897   2245.814 -10.074  -0.1183  0.0898   2165.247   2310.143   2165.365   2310.053   2166.016   2245.715 N000346
     0.000      0.000   0.000      0.000      0.000   0.000   0.0000  0.0000      0.000      0.000    452.837   2313.063    414.269   2391.389 N000347
     0.000      0.000   0.000      0.000      0.000   0.000   0.0000  0.0000      0.000      0.000   3196.632   2319.547   3193.726   2178.712 N000348
  1379.206   2258.430 -10.457   1385.582   2317.060 -10.459   0.2062 -0.0704   1394.558   2319.987   1394.352   2320.057   1385.371   2317.149 N000349
  1305.809   2261.577 -12.379   1310.583   2326.337 -12.381  -0.1914  0.0766   1321.160   2323.135   1321.351   2323.058   1310.779   2326.244 N000350
  2148.709   2272.361 -10.295   2164.643   2269.837 -10.298   0.2086 -0.1391   2164.074   2333.914   2163.865   2334.053   2164.433   2269.993 N000351
  2591.400   2274.428 -11.501   2607.929   2238.292 -11.503  -0.0998 -0.0718   2606.773   2335.979   2606.873   2336.050   2608.029   2238.357 N000352
  1352.316   2277.167 -11.224   1357.956   2338.280 -11.227  -0.1838  0.1434   1367.668   2338.725   1367.852   2338.581   1358.145   2338.119 N000353
  3231.701   2277.220  -9.856   3243.683   2194.305  -9.859   1.7008 -0.2800   3247.084   2338.767   3245.383   2339.047   3242.004   2194.706 N000354
     0.000      0.000   0.000      0.000      0.000   0.000   0.0000  0.0000      0.000      0.000   2318.826   2340.052   2319.978   2264.123 N000355
     0.000      0.000   0.000      0.000      0.000   0.000   0.0000  0.0000      0.000      0.000   2758.875   2341.049   2759.529   2232.087 N000356
   985.356   2282.696  -9.744    981.619   2374.895  -9.747  -0.1439  0.1957   1000.702   2344.255   1000.846   2344.060    981.770   2374.684 N000357
   389.792   2287.769 -10.493    363.912   2432.762 -10.495   0.0137 -0.0367    405.127   2349.332    405.114   2349.369    363.897   2432.801 N000358
  1739.092   2288.241  -9.718   1751.248   2317.985  -9.720  -0.4078  0.1906   1754.451   2349.796   1754.858   2349.605   1751.662   2317.760 N000359
     0.000      0.000   0.000      0.000      0.000   0.000   0.0000  0.0000      0.000      0.000   1255.350   2354.130   1242.962   2363.284 N000360
     0.000      0.000   0.000      0.000      0.000   0.000   0.0000  0.0000      0.000      0.000   2673.401   2357.050   2674.391   2254.476 N000361
  1725.935   2300.985  -9.545   1737.843   2331.919  -9.547  -0.0653 -0.0150   1741.293   2362.540   1741.358   2362.555   1737.909   2331.929 N000362
     0.000      0.000   0.000      0.000      0.000   0.000   0.0000  0.0000      0.000      0.000   1266.735   2365.558   1254.504   2373.929 N000363
     0.000      0.000   0.000      0.000      0.000   0.000   0.0000  0.0000      0.000      0.000   1731.358   2365.389   1727.756   2335.595 N000364
     0.000      0.000   0.000      0.000      0.000   0.000   0.0000  0.0000      0.000      0.000   2002.112   2368.054   2001.444   2316.846 N000365
  3437.380   2308.551  -8.820   3446.780   2211.016  -8.822  -0.1200  0.0509   3452.767   2370.096   3452.887   2370.045   3446.898   2210.957 N000366
     0.000      0.000   0.000      0.000      0.000   0.000   0.0000  0.0000      0.000      0.000   1412.353   2370.557   1403.292   2366.851 N000367
   563.748   2308.347  -9.940    544.904   2438.114  -9.943  -0.7520 -1.2527    579.087   2369.909    579.839   2371.162    545.668   2439.326 N000368
   600.134   2309.749  -8.995    582.721   2436.288  -8.997   0.1340  0.1064    615.473   2371.311    615.339   2371.205    582.583   2436.191 N000369
     0.000      0.000   0.000      0.000      0.000   0.000   0.0000  0.0000      0.000      0.000    940.845   2371.260    919.603   2407.552 N000370
     0.000      0.000   0.000      0.000      0.000   0.000   0.0000  0.0000      0.000      0.000   2268.867   2374.052   2269.791   2302.173 N000371
  2705.032   2314.561  -9.287   2721.248   2270.110  -9.289   0.0321  0.0611   2720.406   2376.111   2720.374   2376.050   2721.216   2270.051 N000372
     0.000      0.000   0.000      0.000      0.000   0.000   0.0000  0.0000      0.000      0.000   1685.403   2377.465   1681.068   2351.507 N000373
     0.000      0.000   0.000      0.000      0.000   0.000   0.0000  0.0000      0.000      0.000   1203.385   2386.058   1189.397   2400.093 N000374
     0.000      0.000   0.000      0.000      0.000   0.000   0.0000  0.0000      0.000      0.000   2444.298   2387.480   2445.554   2302.268 N000375
     0.000      0.000   0.000      0.000      0.000   0.000   0.0000  0.0000      0.000      0.000   2120.364   2389.053   2120.488   2328.788 N000376
  1675.765   2333.912  -9.501   1686.746   2369.263  -9.503  -0.1349 -0.0879   1691.122   2395.468   1691.257   2395.555   1686.882   2369.341 N000377
  2144.123   2336.127 -11.586   2159.817   2334.439 -11.588   0.1227  0.1270   2159.488   2397.680   2159.365   2397.553   2159.694   2334.321 N000378
   560.063   2343.303 -10.211    540.538   2474.161 -10.214   0.0629 -0.1661    575.402   2404.865    575.339   2405.031    540.470   2474.337 N000379
  1097.392   2347.320  -9.830   1096.109   2431.017  -9.833  -0.1375 -0.1796   1112.740   2408.879   1112.877   2409.059   1096.248   2431.188 N000380
  1461.724   2349.567  -9.305   1468.947   2402.632  -9.308   0.0155  0.1092   1477.078   2411.124   1477.062   2411.015   1468.932   2402.523 N000381
  1657.273   2364.594 -10.935   1667.764   2401.825 -10.937  -0.1710  0.0935   1672.630   2426.149   1672.801   2426.055   1667.938   2401.717 N000382
     0.000      0.000   0.000      0.000      0.000   0.000   0.0000  0.0000      0.000      0.000   2460.370   2428.363   2461.584   2342.181 N000383
  2506.561   2367.085 -10.239   2523.160   2337.777 -10.242   0.0612  0.0853   2521.932   2428.636   2521.871   2428.550   2523.099   2337.696 N000384
  2015.956   2372.611 -11.768   2030.594   2381.278 -11.770  -0.0440  0.1105   2031.319   2434.164   2031.363   2434.053   2030.639   2381.163 N000385
     0.000      0.000   0.000      0.000      0.000   0.000   0.0000  0.0000      0.000      0.000   1282.800   2435.508   1270.244   2443.630 N000386
     0.000      0.000   0.000      0.000      0.000   0.000   0.0000  0.0000      0.000      0.000   2695.874   2435.549   2696.836   2331.631 N000387
     0.000      0.000   0.000      0.000      0.000   0.000   0.0000  0.0000      0.000      0.000    362.335   2448.563    317.519   2538.271 N000388
  2072.277   2386.848  -9.158   2087.302   2391.224  -9.161  -0.0356 -0.1518   2087.641   2448.401   2087.676   2448.553   2087.337   2391.374 N000389
     0.000      0.000   0.000      0.000      0.000   0.000   0.0000  0.0000      0.000      0.000   1703.358   2454.055   1698.742   2427.598 N000390
  1180.149   2393.424  -9.698   1180.561   2470.848  -9.700   0.1192 -0.0173   1195.498   2454.982   1195.379   2454.999   1180.439   2470.876 N000391
     0.000      0.000   0.000      0.000      0.000   0.000   0.0000  0.0000      0.000      0.000    686.841   2456.061    655.599   2516.484 N000392
     0.000      0.000   0.000      0.000      0.000   0.000   0.0000  0.0000      0.000      0.000    402.273   2469.563    358.931   2556.127 N000393
     0.000      0.000   0.000      0.000      0.000   0.000   0.0000  0.0000      0.000      0.000   1650.857   2480.055   1645.235   2458.237 N000394
     0.000      0.000   0.000      0.000      0.000   0.000   0.0000  0.0000      0.000      0.000   2777.875   2488.049   2778.596   2378.251 N000395
     0.000      0.000   0.000      0.000      0.000   0.000   0.0000  0.0000      0.000      0.000   1739.858   2491.055   1735.510   2462.126 N000396
  1602.295   2433.128 -10.219   1611.364   2475.803 -10.221  -0.1424  0.1281   1617.651   2494.684   1617.794   2494.555   1611.510   2475.661 N000397
  1672.241   2434.329 -11.056   1682.429   2471.282 -11.059   0.2120 -0.1713   1687.599   2495.884   1687.387   2496.055   1682.212   2471.473 N000398
     0.000      0.000   0.000      0.000      0.000   0.000   0.0000  0.0000      0.000      0.000   1327.351   2496.557   1315.211   2501.938 N000399
     0.000      0.000   0.000      0.000      0.000   0.000   0.0000  0.0000      0.000      0.000   2492.280   2501.960   2493.415   2413.861 N000400
  1978.159   2443.380 -10.573   1992.118   2455.787 -10.576   0.1592 -0.1196   1993.522   2504.934   1993.362   2505.053   1991.957   2455.921 N000401
     0.000      0.000   0.000      0.000      0.000   0.000   0.0000  0.0000      0.000      0.000   2976.379   2509.047   2976.099   2384.548 N000402
  3882.478   2452.626  -9.230   3885.253   2323.819  -9.233  -0.0223  0.0707   3897.872   2514.168   3897.894   2514.098   3885.274   2323.747 N000403
     0.000      0.000   0.000      0.000      0.000   0.000   0.0000  0.0000      0.000      0.000   2521.871   2517.022   2523.006   2426.777 N000404
     0.000      0.000   0.000      0.000      0.000   0.000   0.0000  0.0000      0.000      0.000    477.837   2519.062    437.020   2599.939 N000405
  1639.216   2459.249 -12.781   1648.685   2499.273 -12.784   0.2161  0.0901   1654.573   2520.804   1654.357   2520.714   1648.466   2499.200 N000406
     0.000      0.000   0.000      0.000      0.000   0.000   0.0000  0.0000      0.000      0.000   1408.353   2536.557   1397.625   2535.788 N000407
     0.000      0.000   0.000      0.000      0.000   0.000   0.0000  0.0000      0.000      0.000   2291.567   2539.151   2292.092   2466.884 N000408
     0.000      0.000   0.000      0.000      0.000   0.000   0.0000  0.0000      0.000      0.000   1839.860   2552.054   1836.445   2515.843 N000409
     0.000      0.000   0.000      0.000      0.000   0.000   0.0000  0.0000      0.000      0.000   2513.671   2551.950   2514.750   2462.618 N000410
  2378.347   2491.894  -9.380   2394.570   2473.374  -9.383  -0.1255 -0.1059   2393.716   2553.445   2393.841   2553.551   2394.696   2473.471 N000411
  1743.811   2492.285 -11.139   1754.632   2524.221 -11.142  -0.1889 -0.2148   1759.170   2553.840   1759.359   2554.054   1754.822   2524.424 N000412
     0.000      0.000   0.000      0.000      0.000   0.000   0.0000  0.0000      0.000      0.000    720.341   2557.560    688.850   2617.302 N000413
     0.000      0.000   0.000      0.000      0.000   0.000   0.0000  0.0000      0.000      0.000   2279.367   2559.051   2279.770   2487.938 N000414
  2120.894   2501.071  -9.297   2135.776   2502.814  -9.300  -0.0675  0.1095   2136.259   2562.623   2136.326   2562.514   2135.844   2502.698 N000415
  3015.546   2502.636  -9.970   3030.391   2435.890  -9.973   0.0460  0.1359   3030.926   2564.183   3030.880   2564.047   3030.345   2435.757 N000416
     0.000      0.000   0.000      0.000      0.000   0.000   0.0000  0.0000      0.000      0.000   1332.793   2566.557   1320.040   2572.727 N000417
     0.000      0.000   0.000      0.000      0.000   0.000   0.0000  0.0000      0.000      0.000   4097.898   2575.541   4081.659   2371.385 N000418
  2289.251   2514.142  -9.171   2305.078   2502.777  -9.174   0.1602  0.0514   2304.619   2575.693   2304.458   2575.642   2304.917   2502.738 N000419
  2656.172   2516.483  -9.001   2672.565   2476.848  -9.004   0.1721 -0.0165   2671.546   2578.032   2671.374   2578.049   2672.393   2476.878 N000420
  1998.547   2517.569 -10.726   2012.301   2529.250 -10.729   0.0472  0.5353   2013.910   2579.122   2013.863   2578.586   2012.257   2528.712 N000421
     0.000      0.000   0.000      0.000      0.000   0.000   0.0000  0.0000      0.000      0.000   2282.867   2589.051   2283.186   2517.983 N000422
     0.000      0.000   0.000      0.000      0.000   0.000   0.0000  0.0000      0.000      0.000   2235.867   2589.551   2235.924   2522.185 N000423
  2180.763   2528.804  -8.953   2195.941   2526.134  -8.955  -0.1813 -0.1401   2196.129   2590.356   2196.310   2590.496   2196.123   2526.261 N000424
     0.000      0.000   0.000      0.000      0.000   0.000   0.0000  0.0000      0.000      0.000   2588.539   2595.549   2589.599   2500.851 N000425
     0.000      0.000   0.000      0.000      0.000   0.000   0.0000  0.0000      0.000      0.000   2808.876   2595.548   2809.560   2484.070 N000426
     0.000      0.000   0.000      0.000      0.000   0.000   0.0000  0.0000      0.000      0.000   3103.881   2599.046   3102.890   2465.518 N000427
   473.172   2547.865  -9.507    446.608   2691.696  -9.509   0.1339 -0.1353    488.510   2609.426    488.376   2609.562    446.466   2691.848 N000428
     0.000      0.000   0.000      0.000      0.000   0.000   0.0000  0.0000      0.000      0.000    807.843   2629.660    778.526   2683.237 N000429
  1399.577   2568.820 -11.582   1403.387   2630.757 -11.584   0.0773 -0.1804   1414.930   2630.376   1414.853   2630.556   1403.306   2630.947 N000430
     0.000      0.000   0.000      0.000      0.000   0.000   0.0000  0.0000      0.000      0.000    817.343   2631.060    788.348   2683.814 N000431
  1486.278   2571.600  -9.832   1491.908   2626.243  -9.835  -0.1723  0.0997   1501.632   2633.155   1501.804   2633.056   1492.085   2626.127 N000432
  2637.177   2573.962 -12.968   2653.551   2536.260 -12.970   0.1768 -0.0376   2652.550   2635.511   2652.373   2635.549   2653.374   2536.312 N000433
  1166.320   2576.561 -10.180   1164.209   2658.733 -10.182  -0.1537  0.0612   1181.669   2638.119   1181.823   2638.057   1164.368   2658.657 N000434
     0.000      0.000   0.000      0.000      0.000   0.000   0.0000  0.0000      0.000      0.000   2112.364   2644.552   2111.296   2587.667 N000435
  2321.020   2583.505  -9.357   2336.773   2570.424  -9.360   0.0204  0.0048   2336.389   2645.055   2336.368   2645.051   2336.753   2570.421 N000436
   944.277   2589.312 -10.714    935.248   2691.347 -10.716  -0.2230 -0.1876    959.622   2650.871    959.845   2651.059    935.476   2691.519 N000437
     0.000      0.000   0.000      0.000      0.000   0.000   0.0000  0.0000      0.000      0.000   1733.963   2652.554   1728.270   2626.561 N000438
     0.000      0.000   0.000      0.000      0.000   0.000   0.0000  0.0000      0.000      0.000   2519.871   2657.550   2520.781   2568.748 N000439
  1263.907   2597.880  -9.831   1264.145   2672.029  -9.834  -0.0928 -0.1195   1279.258   2659.437   1279.351   2659.557   1264.239   2672.143 N000440
     0.000      0.000   0.000      0.000      0.000   0.000   0.0000  0.0000      0.000      0.000   2174.966   2660.951   2174.313   2599.288 N000441
  1702.073   2606.153 -10.457   1711.344   2643.346 -10.459   0.0735  0.1526   1717.431   2667.707   1717.358   2667.554   1711.271   2643.197 N000442
     0.000      0.000   0.000      0.000      0.000   0.000   0.0000  0.0000      0.000      0.000   1123.848   2670.005   1104.333   2696.381 N000443
     0.000      0.000   0.000      0.000      0.000   0.000   0.0000  0.0000      0.000      0.000   2869.821   2681.547   2870.333   2566.103 N000444
     0.000      0.000   0.000      0.000      0.000   0.000   0.0000  0.0000      0.000      0.000    687.541   2683.060    652.778   2748.951 N000445
     0.000      0.000   0.000      0.000      0.000   0.000   0.0000  0.0000      0.000      0.000   2586.973   2682.949   2587.917   2589.214 N000446
  1419.989   2627.618 -12.293   1423.628   2688.966 -12.295  -0.0107  0.1181   1435.343   2689.174   1435.353   2689.056   1423.640   2688.844 N000447
     0.000      0.000   0.000      0.000      0.000   0.000   0.0000  0.0000      0.000      0.000   2584.872   2690.049   2585.804   2596.553 N000448
   273.851   2638.524 -10.075    236.183   2803.720 -10.078  -0.1486  0.0236    289.186   2700.086    289.334   2700.062    236.339   2803.682 N000449
  1262.817   2645.539 -11.721   1262.461   2720.799 -11.724  -0.1826  0.0386   1278.168   2707.095   1278.351   2707.057   1262.649   2720.744 N000450
    92.145   2649.602 -10.038     44.658   2832.650 -10.040   0.1446  0.1017    107.476   2711.165    107.331   2711.063     44.508   2832.559 N000451
  3528.516   2658.256 -10.467   3538.617   2554.656 -10.469   0.0159  0.0897   3543.904   2719.800   3543.888   2719.710   3538.601   2554.567 N000452
  2958.302   2660.789 -10.136   2973.778   2599.360 -10.138  -0.1704 -0.1836   2973.681   2722.335   2973.851   2722.519   2973.948   2599.532 N000453
  3749.272   2660.693  -9.724   3756.053   2541.336  -9.726  -0.1943  0.1259   3764.664   2722.235   3764.859   2722.109   3756.243   2541.196 N000454
  2453.754   2662.989 -11.240   2469.771   2640.458 -11.242  -0.2243 -0.0112   2469.125   2724.538   2469.349   2724.550   2469.996   2640.452 N000455
     0.000      0.000   0.000      0.000      0.000   0.000   0.0000  0.0000      0.000      0.000   2254.967   2725.551   2254.589   2658.398 N000456
  1359.604   2664.543  -9.557   1361.442   2731.836  -9.560   0.1038  0.0429   1374.956   2726.099   1374.852   2726.056   1361.336   2731.801 N000457
     0.000      0.000   0.000      0.000      0.000   0.000   0.0000  0.0000      0.000      0.000   2774.376   2731.548   2775.166   2623.849 N000458
  3616.299   2669.725  -9.433   3625.224   2559.866  -9.435  -0.1074  0.1316   3631.689   2731.268   3631.796   2731.137   3625.329   2559.726 N000459
     0.000      0.000   0.000      0.000      0.000   0.000   0.0000  0.0000      0.000      0.000   1434.187   2745.972   1421.830   2747.035 N000460
  2685.575   2684.495 -13.434   2701.826   2644.158 -13.436   0.0751 -0.0054   2700.949   2746.043   2700.874   2746.048   2701.751   2644.169 N000461
  3181.670   2686.325  -8.648   3195.701   2608.322  -8.650   0.1699 -0.0750   3197.052   2747.870   3196.883   2747.945   3195.533   2608.410 N000462
     0.000      0.000   0.000      0.000      0.000   0.000   0.0000  0.0000      0.000      0.000   2953.879   2749.447   2954.101   2628.204 N000463
  1580.290   2693.646 -10.444   1586.593   2742.693 -10.446  -0.1770  0.1462   1595.646   2755.201   1595.823   2755.055   1586.775   2742.529 N000464
  1944.865   2699.830 -11.384   1956.879   2718.613 -11.386  -0.1352 -0.1698   1960.227   2761.383   1960.362   2761.552   1957.015   2718.775 N000465
     0.000      0.000   0.000      0.000      0.000   0.000   0.0000  0.0000      0.000      0.000   3024.380   2777.546   3024.285   2651.208 N000466
     0.000      0.000   0.000      0.000      0.000   0.000   0.0000  0.0000      0.000      0.000    317.835   2779.062    264.675   2882.468 N000467
  2035.989   2723.350 -11.244   2048.899   2735.078 -11.246  -0.0110 -0.1499   2051.353   2784.902   2051.364   2785.052   2048.909   2735.229 N000468
  2761.282   2729.933  -8.812   2777.417   2684.234  -8.815   0.0948 -0.0043   2776.658   2791.481   2776.563   2791.485   2777.323   2684.246 N000469
   483.748   2730.693 -10.666    454.340   2878.827 -10.669   0.0943  0.1931    499.086   2792.254    498.992   2792.061    454.245   2878.637 N000470
  1773.040   2734.239  -9.817   1782.372   2767.883  -9.819   0.0400  0.1506   1788.399   2795.792   1788.359   2795.641   1782.333   2767.733 N000471
     0.000      0.000   0.000      0.000      0.000   0.000   0.0000  0.0000      0.000      0.000    954.245   2812.508    927.307   2857.545 N000472
  1733.459   2751.623  -8.575   1741.990   2788.922  -8.577  -0.0413  0.1234   1748.817   2813.177   1748.859   2813.053   1742.033   2788.793 N000473
     0.000      0.000   0.000      0.000      0.000   0.000   0.0000  0.0000      0.000      0.000   1638.357   2813.554   1629.549   2798.623 N000474
     0.000      0.000   0.000      0.000      0.000   0.000   0.0000  0.0000      0.000      0.000   2499.371   2826.049   2499.839   2740.912 N000475
     0.000      0.000   0.000      0.000      0.000   0.000   0.0000  0.0000      0.000      0.000   2053.864   2830.552   2051.147   2781.316 N000476
     0.000      0.000   0.000      0.000      0.000   0.000   0.0000  0.0000      0.000      0.000    822.843   2830.773    790.890   2888.305 N000477
     0.000      0.000   0.000      0.000      0.000   0.000   0.0000  0.0000      0.000      0.000   1178.706   2837.914   1158.557   2863.463 N000478
     0.000      0.000   0.000      0.000      0.000   0.000   0.0000  0.0000      0.000      0.000   3356.175   2841.202   3353.644   2690.528 N000479
     0.000      0.000   0.000      0.000      0.000   0.000   0.0000  0.0000      0.000      0.000   2481.121   2846.049   2481.471   2762.640 N000480
     0.000      0.000   0.000      0.000      0.000   0.000   0.0000  0.0000      0.000      0.000   2246.867   2854.050   2245.834   2789.519 N000481
  1085.742   2793.226  -9.289   1078.341   2887.707  -9.292   0.1653  0.2262   1101.090   2854.783   1100.925   2854.557   1078.174   2887.490 N000482
     0.000      0.000   0.000      0.000      0.000   0.000   0.0000  0.0000      0.000      0.000   2776.876   2854.547   2777.593   2748.016 N000483
     0.000      0.000   0.000      0.000      0.000   0.000   0.0000  0.0000      0.000      0.000   2016.363   2857.552   2013.032   2811.891 N000484
  1779.049   2796.826 -11.890   1787.938   2831.208 -11.893   0.0486 -0.1740   1794.408   2858.379   1794.359   2858.553   1787.887   2831.390 N000485
     0.000      0.000   0.000      0.000      0.000   0.000   0.0000  0.0000      0.000      0.000   1932.862   2862.552   1928.422   2823.899 N000486
  3779.203   2803.190 -12.416   3786.439   2682.359 -12.418   0.2028  0.1899   3794.595   2864.731   3794.393   2864.541   3786.239   2682.183 N000487
     0.000      0.000   0.000      0.000      0.000   0.000   0.0000  0.0000      0.000      0.000   2471.671   2865.049   2471.927   2782.667 N000488
  2687.630   2812.843  -9.851   2703.732   2773.876  -9.854   0.1299 -0.1575   2703.004   2874.390   2702.874   2874.548   2703.602   2774.046 N000489
  2577.322   2817.007  -8.931   2593.282   2786.770  -8.934  -0.2408  0.0070   2592.694   2878.555   2592.935   2878.548   2593.523   2786.744 N000490
     0.000      0.000   0.000      0.000      0.000   0.000   0.0000  0.0000      0.000      0.000   2327.404   2890.621   2326.787   2820.196 N000491
  1950.230   2833.290  -9.372   1961.342   2854.099  -9.374   0.1878 -0.1268   1965.592   2894.842   1965.404   2894.969   1961.151   2854.244 N000492
  2102.237   2841.137 -10.354   2115.109   2849.539 -10.356   0.0701  0.1373   2117.602   2902.688   2117.532   2902.551   2115.040   2849.405 N000493
  2464.581   2842.688  -9.933   2480.118   2821.787  -9.936   0.0811  0.1876   2479.952   2904.236   2479.871   2904.049   2480.037   2821.603 N000494
  1089.175   2844.268  -9.197   1081.143   2939.818  -9.199   0.1753 -0.1408   1104.523   2905.825   1104.348   2905.966   1080.960   2939.978 N000495
     0.000      0.000   0.000      0.000      0.000   0.000   0.0000  0.0000      0.000      0.000    757.342   2910.273    721.487   2976.237 N000496
  2503.947   2851.230 -13.097   2519.608   2827.319 -13.100  -0.0531  0.1651   2519.318   2912.779   2519.371   2912.614   2519.662   2827.147 N000497
     0.000      0.000   0.000      0.000      0.000   0.000   0.0000  0.0000      0.000      0.000    771.342   2926.559    735.752   2991.723 N000498
     0.000      0.000   0.000      0.000      0.000   0.000   0.0000  0.0000      0.000      0.000   1268.351   2933.556   1249.490   2953.607 N000499
  1217.215   2878.803 -11.280   1212.583   2963.789 -11.283   0.1904 -0.1970   1232.565   2940.359   1232.375   2940.556   1212.384   2964.008 N000500
     0.000      0.000   0.000      0.000      0.000   0.000   0.0000  0.0000      0.000      0.000   1969.862   2945.552   1965.281   2905.478 N000501
     0.000      0.000   0.000      0.000      0.000   0.000   0.0000  0.0000      0.000      0.000   1934.362   2951.052   1929.244   2914.063 N000502
  1765.520   2893.330  -9.071   1773.304   2930.916  -9.074   0.0202 -0.1703   1780.879   2954.882   1780.859   2955.053   1773.282   2931.092 N000503
   519.853   2893.876 -11.105    488.950   3043.870 -11.107  -0.1475 -0.1241    535.191   2955.436    535.338   2955.560    489.102   3043.984 N000504
  1543.271   2897.376  -9.325   1546.687   2954.113  -9.328  -0.1839 -0.1235   1558.626   2958.930   1558.810   2959.054   1546.873   2954.223 N000505
     0.000      0.000   0.000      0.000      0.000   0.000   0.0000  0.0000      0.000      0.000   2502.816   2968.993   2502.861   2885.748 N000506
  1044.351   2910.894 -10.573   1033.858   3012.407 -10.575  -0.1491 -0.1056   1059.698   2972.451   1059.847   2972.557   1034.010   3012.502 N000507
     0.000      0.000   0.000      0.000      0.000   0.000   0.0000  0.0000      0.000      0.000   1157.849   2974.056   1135.142   3005.141 N000508
  2043.004   2924.614  -9.283   2054.636   2939.552  -9.285   0.0038  0.1141   2058.368   2986.165   2058.364   2986.051   2054.633   2939.436 N000509
  2538.651   2926.587  -9.966   2554.220   2901.098  -9.968  -0.0025 -0.3747   2554.023   2988.135   2554.026   2988.509   2554.221   2901.478 N000510
  2792.204   2931.234 -10.354   2808.163   2885.708 -10.357   0.2038  0.0231   2807.580   2992.780   2807.376   2992.757   2807.959   2885.701 N000511
   719.739   2933.901 -10.376    696.784   3066.234 -10.378   0.1641 -0.0986    735.081   2995.460    734.917   2995.559    696.611   3066.351 N000512
     0.000      0.000   0.000      0.000      0.000   0.000   0.0000  0.0000      0.000      0.000   1656.357   3002.053   1645.993   2989.839 N000513
  1407.314   2948.162 -10.339   1406.944   3018.090 -10.341  -0.1857  0.1618   1422.668   3009.716   1422.853   3009.555   1407.136   3017.907 N000514
     0.000      0.000   0.000      0.000      0.000   0.000   0.0000  0.0000      0.000      0.000   1842.694   3009.802   1835.652   2981.836 N000515
  2153.402   2948.448  -8.269   2166.139   2954.715  -8.271  -0.0976 -0.0519   2168.768   3009.998   2168.866   3010.050   2166.237   2954.760 N000516
     0.000      0.000   0.000      0.000      0.000   0.000   0.0000  0.0000      0.000      0.000   2330.916   3011.549   2329.766   2942.971 N000517
  1658.284   2954.737  -9.912   1663.472   3002.934  -9.914  -0.2160  0.2089   1673.641   3016.290   1673.857   3016.081   1663.695   3002.701 N000518
  2884.627   2958.021 -10.794   2900.463   2905.643 -10.796   0.1268  0.0208   2900.005   3019.567   2899.878   3019.546   2900.337   2905.632 N000519
  1728.545   2988.532  -9.200   1734.741   3031.511  -9.203   0.0447  0.0315   1743.903   3050.084   1743.859   3050.052   1734.696   3031.483 N000520
     0.000      0.000   0.000      0.000      0.000   0.000   0.0000  0.0000      0.000      0.000   3810.893   3053.540   3803.653   2871.474 N000521
  2429.701   3029.756  -9.461   2444.361   3014.913  -9.463   0.2012 -0.0560   2445.072   3091.305   2444.870   3091.361   2444.158   3014.986 N000522
  1490.764   3031.100 -10.380   1491.415   3095.898 -10.383   0.2641  0.0725   1506.119   3092.654   1505.855   3092.582   1491.146   3095.847 N000523
   770.992   3032.522 -12.338    748.306   3163.338 -12.340  -0.0083  0.0224    786.334   3094.080    786.343   3094.058    748.315   3163.314 N000524
     0.000      0.000   0.000      0.000      0.000   0.000   0.0000  0.0000      0.000      0.000    622.340   3097.559    577.228   3182.609 N000525
  3828.506   3039.833 -11.795   3836.464   2917.398 -11.797   0.0058 -0.1670   3843.899   3101.373   3843.894   3101.540   3836.459   2917.567 N000526
     0.000      0.000   0.000      0.000      0.000   0.000   0.0000  0.0000      0.000      0.000   2185.866   3112.050   2182.768   3057.498 N000527
  3529.384   3055.705 -10.632   3541.259   2955.421 -10.634  -0.1165  0.1097   3544.772   3117.247   3544.889   3117.137   3541.374   2955.301 N000528
  3439.577   3072.654  -9.539   3452.425   2979.300  -9.541   0.0772  0.1539   3454.964   3134.196   3454.887   3134.042   3452.348   2979.150 N000529
   248.728   3078.227  -9.390    200.140   3261.741  -9.393  -0.0219  0.1199    264.062   3139.788    264.084   3139.668    200.166   3261.614 N000530
     0.000      0.000   0.000      0.000      0.000   0.000   0.0000  0.0000      0.000      0.000   1873.861   3145.518   1866.091   3118.182 N000531
     0.000      0.000   0.000      0.000      0.000   0.000   0.0000  0.0000      0.000      0.000   3348.685   3153.943   3347.118   3007.337 N000532
  1746.027   3109.859 -10.534   1751.293   3154.463 -10.536   0.0273 -0.1415   1761.386   3171.410   1761.359   3171.552   1751.264   3154.610 N000533
  1922.547   3114.426 -11.264   1930.923   3143.930 -11.267   0.0751 -0.0738   1937.909   3175.977   1937.834   3176.051   1930.846   3144.012 N000534
  1963.777   3115.254 -10.651   1972.792   3141.251 -10.654  -0.2229 -0.2166   1979.140   3176.805   1979.363   3177.021   1973.016   3141.454 N000535
  1848.765   3116.424  -9.682   1855.875   3152.318  -9.684   0.1600 -0.0759   1864.126   3177.975   1863.966   3178.051   1855.711   3152.410 N000536
     0.000      0.000   0.000      0.000      0.000   0.000   0.0000  0.0000      0.000      0.000   1559.356   3181.553   1544.817   3182.599 N000537
  2342.702   3121.189  -9.023   2356.271   3115.395  -9.025   0.2016  0.1438   2358.071   3182.738   2357.869   3182.594   2356.068   3115.265 N000538
  2460.737   3132.641  -8.897   2475.156   3117.338  -8.899  -0.0133  0.1411   2476.108   3194.189   2476.121   3194.048   2475.170   3117.192 N000539
     0.000      0.000   0.000      0.000      0.000   0.000   0.0000  0.0000      0.000      0.000   1869.361   3204.551   1860.944   3179.148 N000540
  2266.244   3148.906  -9.654   2278.922   3150.120  -9.657   0.0652 -0.0936   2281.611   3210.455   2281.546   3210.549   2278.856   3150.221 N000541
   443.452   3167.973 -11.009    403.042   3335.705 -11.012  -0.0484 -0.0270    458.789   3229.532    458.837   3229.559    403.092   3335.728 N000542
   918.530   3179.085 -10.968    898.997   3301.100 -10.970   0.0305  0.0852    933.876   3240.642    933.845   3240.556    898.967   3301.015 N000543
  2339.137   3205.993 -10.596   2352.190   3202.438 -10.598   0.1371 -0.0073   2354.506   3267.541   2354.369   3267.548   2352.052   3202.457 N000544
     0.000      0.000   0.000      0.000      0.000   0.000   0.0000  0.0000      0.000      0.000   2148.866   3274.799   2144.157   3227.261 N000545
   538.956   3246.246 -11.121    501.522   3407.729 -11.123  -0.0437  0.2231    554.295   3307.804    554.339   3307.581    501.573   3407.492 N000546
   875.347   3253.105 -10.105    852.715   3382.007 -10.107  -0.1253  0.1052    890.692   3314.662    890.817   3314.556    852.847   3381.886 N000547
     0.000      0.000   0.000      0.000      0.000   0.000   0.0000  0.0000      0.000      0.000   1882.361   3331.551   1872.902   3308.580 N000548
   784.907   3276.206 -10.314    758.066   3414.747 -10.317  -0.0928  0.2061    800.250   3337.763    800.343   3337.557    758.167   3414.524 N000549
  2252.592   3345.357  -8.865   2263.773   3352.711  -8.867   0.0919 -0.1432   2267.959   3406.905   2267.868   3407.048   2263.679   3352.866 N000550
  2506.824   3346.699 -14.224   2520.513   3332.569 -14.227  -0.1280 -0.1105   2522.196   3408.246   2522.324   3408.356   2520.642   3332.672 N000551
     0.000      0.000   0.000      0.000      0.000   0.000   0.0000  0.0000      0.000      0.000   2434.870   3416.047   2432.409   3347.908 N000552
     0.000      0.000   0.000      0.000      0.000   0.000   0.0000  0.0000      0.000      0.000   1388.853   3418.053   1366.469   3442.227 N000553
  2446.517   3410.104  -8.963   2459.340   3402.728  -8.966  -0.0389  0.1036   2461.888   3471.650   2461.927   3471.547   2459.379   3402.618 N000554
     0.000      0.000   0.000      0.000      0.000   0.000   0.0000  0.0000      0.000      0.000   1482.855   3472.052   1462.358   3489.511 N000555
  2330.137   3426.559 -11.408   2341.649   3429.558 -11.410   0.1374  0.0595   2345.506   3488.107   2345.369   3488.047   2341.511   3429.509 N000556
     0.000      0.000   0.000      0.000      0.000   0.000   0.0000  0.0000      0.000      0.000   2865.378   3501.544   2865.043   3399.853 N000557
     0.000      0.000   0.000      0.000      0.000   0.000   0.0000  0.0000      0.000      0.000   2348.726   3510.047   2344.747   3451.857 N000558
     0.000      0.000   0.000      0.000      0.000   0.000   0.0000  0.0000      0.000      0.000   3242.884   3532.542   3242.384   3401.213 N000559
  1980.606   3481.471  -9.556   1986.431   3516.616  -9.558   0.1063 -0.0292   1995.969   3543.020   1995.863   3543.049   1986.323   3516.656 N000560
     0.000      0.000   0.000      0.000      0.000   0.000   0.0000  0.0000      0.000      0.000    622.840   3549.557    567.809   3653.361 N000561
  1739.085   3488.929  -9.598   1739.801   3545.969  -9.600   0.0854 -0.0709   1754.445   3550.479   1754.359   3550.550   1739.713   3546.050 N000562
     0.000      0.000   0.000      0.000      0.000   0.000   0.0000  0.0000      0.000      0.000   1859.861   3563.050   1847.403   3549.470 N000563
  1836.752   3514.281  -9.071   1839.338   3563.392  -9.074   0.0022 -0.1879   1852.113   3575.831   1852.111   3576.018   1839.333   3563.587 N000564
     0.000      0.000   0.000      0.000      0.000   0.000   0.0000  0.0000      0.000      0.000   1035.347   3584.954    997.807   3649.358 N000565
  3326.586   3546.575  -8.512   3341.140   3470.741  -8.514   0.0863  0.0746   3341.972   3608.115   3341.886   3608.041   3341.054   3470.672 N000566
  2186.205   3552.053  -8.930   2194.793   3571.381  -8.933   0.2051  0.1156   2201.572   3613.601   2201.367   3613.485   2194.586   3571.280 N000567
     0.000      0.000   0.000      0.000      0.000   0.000   0.0000  0.0000      0.000      0.000   2156.366   3618.548   2148.839   3580.462 N000568
     0.000      0.000   0.000      0.000      0.000   0.000   0.0000  0.0000      0.000      0.000   1615.457   3655.251   1595.911   3667.380 N000569
   835.824   3644.118  -9.125    803.253   3793.871  -9.127  -0.1132  0.1181    851.169   3705.673    851.282   3705.555    803.374   3793.736 N000570
     0.000      0.000   0.000      0.000      0.000   0.000   0.0000  0.0000      0.000      0.000    859.844   3705.555    812.323   3792.874 N000571
     0.000      0.000   0.000      0.000      0.000   0.000   0.0000  0.0000      0.000      0.000   2597.311   3718.420   2594.483   3645.329 N000572
  4043.846   3666.736  -8.990   4052.805   3538.423  -8.992  -0.0983  0.0136   4059.244   3728.272   4059.342   3728.258   4052.902   3538.402 N000573
     0.000      0.000   0.000      0.000      0.000   0.000   0.0000  0.0000      0.000      0.000   2880.878   3735.543   2879.841   3639.059 N000574
     0.000      0.000   0.000      0.000      0.000   0.000   0.0000  0.0000      0.000      0.000    823.480   3748.691    773.299   3841.811 N000575
  3546.257   3688.982 -10.267   3559.935   3599.404 -10.270   0.1008 -0.0183   3561.646   3750.521   3561.546   3750.539   3559.835   3599.431 N000576
  1981.075   3694.730 -10.474   1984.567   3737.361 -10.476   0.0747  0.1582   1996.438   3756.278   1996.363   3756.120   1984.493   3737.203 N000577
     0.000      0.000   0.000      0.000      0.000   0.000   0.0000  0.0000      0.000      0.000   1472.855   3757.551   1447.563   3787.269 N000578
  2608.406   3703.798  -8.659   2620.906   3691.514  -8.661  -0.0940 -0.2022   2623.780   3765.342   2623.874   3765.544   2621.000   3691.715 N000579
  3489.557   3720.214 -10.624   3503.590   3635.930 -10.627   0.0568  0.0142   3504.945   3781.753   3504.888   3781.739   3503.533   3635.920 N000580
     0.000      0.000   0.000      0.000      0.000   0.000   0.0000  0.0000      0.000      0.000    773.621   3783.499    720.250   3883.472 N000581
     0.000      0.000   0.000      0.000      0.000   0.000   0.0000  0.0000      0.000      0.000   3873.368   3794.037   3869.373   3619.824 N000582
     0.000      0.000   0.000      0.000      0.000   0.000   0.0000  0.0000      0.000      0.000   1992.863   3809.048   1980.296   3792.488 N000583
  1945.000   3779.406 -10.117   1946.714   3828.628 -10.119   0.0004 -0.0944   1960.363   3840.954   1960.363   3841.048   1946.712   3828.727 N000584
     0.000      0.000   0.000      0.000      0.000   0.000   0.0000  0.0000      0.000      0.000   1528.356   3860.050   1503.066   3888.974 N000585
  1629.746   3801.652  -9.428   1623.229   3881.156  -9.430   0.1283  0.1517   1645.104   3863.201   1644.975   3863.050   1623.100   3881.010 N000586
  2627.181   3825.364  -9.215   2639.075   3815.643  -9.218   0.1810 -0.1359   2642.555   3886.908   2642.374   3887.044   2638.891   3815.799 N000587
     0.000      0.000   0.000      0.000      0.000   0.000   0.0000  0.0000      0.000      0.000    932.746   3903.054    883.908   3992.972 N000588
  2034.929   3867.729 -10.356   2037.464   3912.332 -10.359  -0.0709  0.1929   2050.293   3929.276   2050.364   3929.083   2037.538   3912.124 N000589
     0.000      0.000   0.000      0.000      0.000   0.000   0.0000  0.0000      0.000      0.000   3391.887   3933.039   3390.999   3800.659 N000590
     0.000      0.000   0.000      0.000      0.000   0.000   0.0000  0.0000      0.000      0.000   3861.495   3933.836   3858.174   3764.253 N000591
  1310.840   3904.944 -11.539   1292.114   4020.103 -11.542  -0.1598 -0.0561   1326.193   3966.495   1326.352   3966.551   1292.278   4020.146 N000592
   961.403   3908.508  -9.856    928.292   4059.066  -9.859  -0.0695  0.0083    976.749   3970.062    976.819   3970.053    928.365   4059.050 N000593
  1786.501   3908.721 -10.916   1782.628   3978.178 -10.919   0.0293  0.0546   1801.862   3970.270   1801.832   3970.215   1782.599   3978.123 N000594
  1002.703   3915.076  -9.815    971.279   4061.761  -9.818   0.1506  0.0762   1018.050   3976.629   1017.900   3976.553    971.124   4061.695 N000595
  3266.287   3921.031  -9.039   3280.849   3860.765  -9.042   0.7870  1.5313   3281.672   3982.571   3280.885   3981.040   3280.064   3859.247 N000596
  1338.254   3948.563 -12.538   1319.659   4063.207 -12.540   0.0799  0.0629   1353.607   4010.114   1353.527   4010.051   1319.577   4063.149 N000597
  1290.623   3957.108 -11.244   1270.084   4076.925 -11.247   0.1232  0.1078   1305.975   4018.659   1305.852   4018.551   1269.959   4076.824 N000598
  1938.477   3984.650 -11.571   1937.313   4043.285 -11.574  -0.0235  0.1496   1953.839   4046.197   1953.863   4046.047   1937.339   4043.126 N000599
     0.000      0.000   0.000      0.000      0.000   0.000   0.0000  0.0000      0.000      0.000   3658.391   4051.570   3656.726   3901.541 N000600
     0.000      0.000   0.000      0.000      0.000   0.000   0.0000  0.0000      0.000      0.000   1793.360   4086.548     -1.000     -1.000 N000601
  2733.064   4037.039  -9.616   2744.562   4026.143  -9.618   0.0639  0.0392   2748.440   4098.582   2748.376   4098.542   2744.498   4026.108 N000602
     0.000      0.000   0.000      0.000      0.000   0.000   0.0000  0.0000      0.000      0.000   2384.770   4174.544     -1.000     -1.000 N000603
