  269.8223  -151.7445   -11.6709     0.0304     0.0237     0.0118    9   8   9   6 N000001 1039  196
  459.9100  -127.8476   -11.2311     0.0346     0.0339     0.2210   11  11  11   8 N000002 1419  243
  864.9162  -124.4259    -8.7280     0.0202     0.0464     0.0134    5   5   5   5 N000003 2229  250
  332.2918   -48.8601   -11.5150     0.0250     0.0257     0.0072   18  18  17  13 N000004 1164  401
 2316.6092   -26.2546   -10.3316     0.0122     0.0087     0.0126   10   7  10   7 N000005 5132  447
  724.9635    -9.0817    -9.9273     0.0226     0.0229     0.0174   19  18  18  14 N000006 1949  481
 1272.4426    -5.9596   -10.3560     0.0291     0.0303     0.0148   18  18  17  13 N000007 3044  487
 2819.4752    28.8319    -8.7285     0.0469     0.0355     0.0279    7   7   7   5 N000008 6138  557
  764.7469    70.9263    -8.8110     0.0432     0.0404     0.0502   11  10  10   8 N000009 2030  642
 2272.9877    90.6319   -11.1318     0.0228     0.0147     0.0147   22  20  20  16 N000010 5045  680
 3387.6759    96.2581   -13.5063     0.0122     0.0193     0.0084   24  22  23  18 N000011 7274  692
  132.9162   102.7811   -12.9424     0.0240     0.0258     0.0104   23  22  22  17 N000012  765  705
  537.9756   110.4120    -9.5650     0.0215     0.0214     0.0255   15  14  14  11 N000013 1576  720
  441.5636   138.8283   -10.3137     0.0163     0.0190     0.0137   18  15  17  13 N000014 1382  777
 2368.3431   183.3710   -12.0488     0.0134     0.0174     0.0086   23  20  22  17 N000015 5236  866
 1833.9314   187.4057   -10.7774     0.0118     0.0125     0.0108   18  14  17  13 N000016 4167  874
 1619.9429   221.1959    -9.6682     0.0250     0.0202     0.0178   22  20  21  16 N000017 3739  942
 2881.7718   221.4647   -10.9381     0.0140     0.0141     0.0133   17  16  17  12 N000018 6263  942
 1939.1812   290.8881   -10.8735     0.0136     0.0150     0.0150   14  12  14  10 N000019 4377 1081
  687.8730   302.6383    -8.9760     0.0172     0.0197     0.0468    8   6   7   6 N000020 1875 1104
 1869.8565   322.1628    -8.7896     0.0208     0.0152     0.0403    5   5   5   5 N000021 4239 1143
 1466.4214   322.3476    -8.7847     0.0214     0.0200     0.0392    9   8   9   6 N000022 3432 1144
 2178.1413   350.8622   -11.7590     0.0140     0.0175     0.0080   23  20  21  17 N000023 4855 1201
 1247.4161   353.5259   -10.4106     0.0125     0.0156     0.0130   18  14  18  13 N000024 2994 1206
 3699.8755   384.2180    -8.7530     0.0329     0.0417     0.1146    7   5   7   5 N000025 7899 1268
 1498.0366   391.4808    -8.9603     0.0254     0.0229     0.3265    7   5   7   5 N000026 3495 1282
  997.3640   398.9855   -10.7462     0.0211     0.0155     0.0098   19  15  18  14 N000027 2494 1297
 1082.4295   408.7124    -8.8258     0.0199     0.0081     0.0194    6   5   6   5 N000028 2664 1316
 1120.6442   414.3087    -8.8435     0.0354     0.0341     0.0262    8   7   8   6 N000029 2740 1328
 1094.7125   420.2994    -8.5298     0.0294     0.0358     0.0477    5   5   5   5 N000030 2689 1340
 3131.6570   421.7014   -10.3714     0.0197     0.0210     0.0179   15  14  14  11 N000031 6762 1343
 3177.5020   447.7213   -13.3059     0.0143     0.0149     0.0063   22  21  22  16 N000032 6854 1395
 2468.0457   458.8149    -8.8704     0.0241     0.0238     0.0306   11  11  11   8 N000033 5435 1417
  195.7367   478.4568    -9.1611     0.0401     0.0448     0.5796    6   5   6   5 N000034  891 1456
 2063.2751   484.5649    -9.2802     0.0153     0.0197     0.0241   12  11  12   9 N000035 4626 1468
  166.8042   499.5694   -12.8199     0.0153     0.0218     0.0051   23  23  20  17 N000036  833 1498
 2317.7579   522.3488    -9.0541     0.0222     0.0213     0.0294   11   9  10   8 N000037 5135 1544
 1581.3093   530.5989    -8.8156     0.0252     0.0278     0.0385   12  11  12   9 N000038 3662 1560
 1791.3035   555.9512   -13.0428     0.0092     0.0151     0.0063   23  21  20  17 N000039 4082 1611
 1434.8156   560.6676    -8.5799     0.0458     0.0340     0.0299    7   7   7   5 N000040 3369 1620
 2792.4532   569.1566    -8.7092     0.0307     0.0419     0.0557    8   6   7   6 N000041 6084 1637
 2406.4469   570.6260    -8.6011     0.0158     0.0522     0.1432    6   5   6   5 N000042 5313 1640
 3255.2083   579.5936    -8.8522     0.1593     0.1114     0.2465    8   6   8   6 N000043 7010 1658
 1814.7670   579.9272    -8.4073     0.0229     0.0426     0.1165    6   5   6   5 N000044 4129 1659
 2732.6567   599.4008   -10.2619     0.0108     0.0153     0.0118   16  12  15  12 N000045 5964 1698
   69.4230   608.6879   -10.0865     0.0157     0.0246     0.0131   18  15  17  13 N000046  638 1716
 2019.1834   614.6252    -8.7717     0.0282     0.0441     0.0405    5   5   5   5 N000047 4537 1728
 2900.2320   615.9785    -8.8596     0.0316     0.0394     0.0350   14  12  12  10 N000048 6300 1731
 1143.9571   617.0487    -9.2603     0.0243     0.0169     0.0184   17  13  15  12 N000049 2787 1733
 2361.1575   627.4608   -11.9006     0.0143     0.0140     0.0081   21  21  19  15 N000050 5221 1754
 2141.8163   650.8902    -8.6760     0.0233     0.0133     0.0410    8   6   7   6 N000051 4783 1801
 1650.0441   666.8296   -11.3672     0.0082     0.0108     0.2147   22  18  22  16 N000052 3799 1833
 1458.8156   668.2346    -8.5454     0.0363     0.0350     0.0298    5   5   5   5 N000053 3417 1836
  396.8320   670.1776    -8.8883     0.0208     0.0345     0.1386    9   6   9   6 N000054 1294 1839
 2584.5557   677.2814   -10.9979     0.0158     0.0128     0.0109   19  19  18  14 N000055 5668 1854
 3247.5884   678.5766   -12.3869     0.0130     0.0122     0.0063   24  22  22  18 N000056 6994 1856
 1468.1008   695.6387   -10.1374     0.0202     0.0145     0.0169   13  13  13   9 N000057 3435 1890
 4070.2137   713.5745   -11.4887     0.0192     0.0174     0.0071   16  14  15  12 N000058 8639 1926
  585.6359   729.1397    -9.4329     0.0230     0.0293     0.0234   17  16  16  12 N000059 1670 1957
 1772.3046   731.0206    -8.7603     0.0577     0.2304     0.2022    5   5   5   5 N000060 4044 1961
 2832.6934   735.9392   -10.4257     0.0154     0.0164     0.0148   20  17  16  15 N000061 6164 1971
 1304.4691   742.8317    -8.6513     0.2931     0.1333     0.4759    5   5   5   5 N000062 3109 1985
 3791.1197   743.6552    -9.4019     0.0211     0.0222     0.0127   13  10  11   9 N000063 8081 1986
 2520.5310   744.4113    -9.0924     0.0227     0.0343     0.0552    8   6   7   6 N000064 5540 1988
 3816.8475   751.9167    -9.3912     0.0326     0.0163     0.0176   17  16  16  12 N000065 8133 2003
 1728.6770   757.6249    -9.2025     0.0277     0.0234     0.0184   16  16  16  12 N000066 3956 2014
 3282.1538   779.9396    -9.6121     0.0237     0.0194     0.0108   16  14  15  12 N000067 7063 2059
 1326.7890   782.4704    -9.3909     0.0238     0.0224     0.0152   13  13  13   9 N000068 3153 2064
  498.5387   783.9792   -10.6368     0.0206     0.0173     0.0116   17  16  15  12 N000069 1496 2067
 1513.5184   788.6398    -9.3831     0.0165     0.0200     0.0254   14  13  14  10 N000070 3526 2076
 1617.3016   788.8614    -8.6470     0.0225     0.0244     0.0422   10  10  10   7 N000071 3734 2077
  937.5984   793.5441   -10.4043     0.0104     0.0123     0.0130   19  15  18  14 N000072 2374 2086
 2845.6139   800.2098    -8.7222     0.0587     0.0465     0.1597    6   5   6   5 N000073 6190 2100
 1204.5706   806.5975   -12.0215     0.0129     0.0103     0.0080   21  19  21  15 N000074 2908 2112
 2075.5926   813.6597    -8.5029     0.0259     0.0281     0.0276   10   9   9   7 N000075 4650 2126
 2203.9602   816.9114    -9.0553     0.0201     0.0368     0.3141   10   7  10   7 N000076 4907 2133
 3008.9333   818.7709   -10.5872     0.0173     0.0203     0.0093   20  18  19  15 N000077 6517 2137
 2107.4122   841.0142   -10.3115     0.0091     0.0128     0.0153   18  13  17  13 N000078 4714 2181
  144.1967   843.0462   -11.4374     0.0126     0.0106     0.2623   17  12  17  12 N000079  787 2185
 1604.6184   846.7988   -10.9800     0.0103     0.0139     0.0112   19  15  18  14 N000080 3708 2193
 1555.8103   847.3484   -10.3937     0.0087     0.0120     0.0104   20  18  20  15 N000081 3611 2194
 2182.7030   867.7967   -10.3435     0.0169     0.0196     0.0190   16  15  16  12 N000082 4864 2235
 2864.6729   872.2249    -8.7582     0.0173     0.0617     0.0372    8   6   6   6 N000083 6228 2244
 2768.8251   873.2095   -10.3412     0.0124     0.0128     0.1862   18  16  18  13 N000084 6037 2245
 2553.1683   893.5510    -9.0679     0.1917     0.0980     0.5856    6   5   6   5 N000085 5606 2287
 2331.4756   902.9317    -8.4933     0.0755     0.0318     0.0252    5   5   5   5 N000086 5162 2305
  391.5906   917.2730    -8.9396     0.0236     0.0426     0.0323    8   7   8   6 N000087 1282 2334
 1290.7672   919.4956    -8.9701     0.0226     0.0263     0.0296   15  14  15  11 N000088 3081 2338
 2812.1087   934.3628   -10.0889     0.0138     0.0206     0.0212   19  17  19  14 N000089 6123 2368
 2391.5367   936.9296   -13.2216     0.0082     0.0110     0.0040   24  23  22  18 N000090 5282 2373
  538.6599   937.3799   -10.0421     0.0105     0.0134     0.0147   15  11  15  11 N000091 1576 2374
 2149.7023   943.9643    -8.9741     0.0264     0.0325     0.0184   10   7   7   7 N000092 4799 2387
 2880.6596   947.3499    -8.8064     0.0373     0.0608     0.2021    5   5   5   5 N000093 6260 2394
 1552.1124   950.3500    -8.7598     0.0216     0.0298     0.0237    8   7   8   6 N000094 3603 2400
 1807.6980   952.7895    -9.4099     0.0168     0.0182     0.0220   14  10  13  10 N000095 4115 2405
 2325.1044   956.5501   -11.1708     0.0106     0.0152     0.3499   22  21  22  16 N000096 5149 2412
 2169.6080   958.5485    -9.4477     0.0393     0.0374     0.3111    6   5   6   5 N000097 4838 2416
 1059.2740   965.0581   -10.7274     0.0093     0.0130     0.0124   17  14  15  12 N000098 2618 2429
 2401.1325   969.2266    -8.8972     0.0305     0.0211     0.0323    9   6   8   6 N000099 5303 2438
 1086.8486   974.1999    -9.7918     0.0111     0.0114     0.0171   18  13  18  13 N000100 2673 2447
 2041.1068   973.8038    -9.3708     0.0237     0.0836     1.7227    6   5   6   5 N000101 4581 2447
 1954.2876   989.5700    -8.8466     0.0151     0.0262     0.0328   10   8   9   7 N000102 4408 2479
 1409.9740  1007.8150    -9.8751     0.0108     0.0122     0.0168   19  14  17  14 N000103 3319 2515
 2129.8994  1017.1912   -10.6482     0.0103     0.0088     0.0103   20  17  20  15 N000104 4759 2533
 1972.5934  1023.0998   -10.4951     0.0149     0.0170     0.0139   19  17  18  14 N000105 4444 2545
  533.1469  1023.6143   -10.6495     0.0125     0.0243     0.0105   17  16  16  12 N000106 1565 2546
 1799.3505  1028.6321    -8.7214     0.0281     0.0244     0.0383    9   8   8   6 N000107 4098 2556
 3751.0603  1029.7086   -10.5251     0.0270     0.0264     0.0131   21  20  18  15 N000108 8001 2559
 2360.1862  1044.8398   -10.9523     0.0097     0.0115     0.0092   19  15  18  14 N000109 5219 2589
 1734.4081  1052.0438    -9.1585     0.0293     0.0256     0.0339   13  12  12   9 N000110 3968 2603
 1826.1080  1056.9677    -8.9497     0.0210     0.0248     0.0234   10   9  10   7 N000111 4151 2613
 3739.5891  1057.3582   -10.4697     0.0186     0.0169     0.0094   20  16  17  15 N000112 7979 2614
 3082.8998  1059.4009   -10.2155     0.0126     0.0215     0.0286   16  14  13  12 N000113 6665 2618
 1396.3650  1068.0579   -11.5452     0.0106     0.0121     0.1392   21  20  21  15 N000114 3292 2635
 2833.8198  1072.0733   -10.5362     0.0108     0.0120     0.1812   18  15  18  13 N000115 6167 2643
 1840.4681  1076.9419    -8.7085     0.4107     0.0691     0.1710    5   5   5   5 N000116 4181 2653
  950.1478  1091.2741   -11.8739     0.0109     0.0126     0.0065   20  19  20  15 N000117 2399 2682
 2735.6815  1091.5443    -8.7332     0.0161     0.0191     0.0386    8   6   8   6 N000118 5970 2682
 1511.4804  1095.0816   -10.5761     0.0161     0.0143     0.0113   20  18  19  15 N000119 3522 2689
 1721.8333  1099.4326   -10.7039     0.0105     0.0147     0.0115   24  20  23  18 N000120 3943 2698
 1213.7128  1112.8009    -8.9325     0.0215     0.0342     0.0446    9   8   8   6 N000121 2926 2725
 2263.8333  1113.1655   -12.3897     0.0070     0.0117     0.0069   22  19  21  16 N000122 5027 2725
 1165.6646  1119.7302   -10.3709     0.0190     0.0136     0.0118   20  15  16  15 N000123 2830 2739
 2214.1881  1122.2252    -9.4034     0.0419     0.2237     0.9501    7   5   7   5 N000124 4928 2744
  455.3753  1130.2038   -10.9153     0.0114     0.0137     0.0076   19  15  18  14 N000125 1410 2759
 1378.4182  1148.6963    -9.7616     0.0214     0.0193     0.0223   14  14  14  10 N000126 3256 2796
 2630.4400  1168.1419   -12.8684     0.0099     0.0104     0.0063   20  19  20  15 N000127 5760 2835
  189.4325  1182.0663    -9.6351     0.0215     0.0222     0.0121   16  14  14  12 N000128  878 2863
 1485.4806  1197.6860   -10.2806     0.0165     0.0213     0.0127   19  15  16  14 N000129 3470 2895
 1014.4034  1211.7755   -10.8612     0.0119     0.0115     0.0092   22  19  20  16 N000130 2528 2923
  772.3401  1211.9238    -8.5393     0.0207     0.0399     0.0256    7   5   6   5 N000131 2044 2924
 2029.2209  1212.4770    -9.8544     0.0156     0.0209     0.0153   17  16  17  12 N000132 4557 2924
 3113.0245  1219.7640   -14.1279     0.0437     0.0378     0.0083   24  21  20  18 N000133 6725 2939
 1083.7284  1226.6603   -11.2035     0.0096     0.0147     0.0112   22  20  22  16 N000134 2667 2952
 1361.2541  1228.6310    -8.9402     0.0261     0.0363     0.0268    6   5   6   5 N000135 3222 2956
 1437.0463  1229.0955    -9.2284     0.0332     0.0402     0.7331    6   5   6   5 N000136 3373 2957
 2254.1155  1233.9045    -8.7712     0.0285     0.0369     0.1655    7   5   7   5 N000137 5008 2967
 2133.1321  1238.1572   -12.7700     0.0069     0.0128     0.0075   20  19  19  15 N000138 4765 2975
 1472.5243  1244.4503    -8.8750     0.0425     0.0270     0.0334   10  10  10   7 N000139 3444 2988
 1563.6572  1253.0367   -10.2338     0.0121     0.0194     0.0128   17  16  16  12 N000140 3626 3005
 1881.0755  1253.4388    -8.8726     0.1968     0.1473     0.1691    6   5   6   5 N000141 4262 3006
 1783.2450  1254.6237    -8.8182     0.0242     0.0394     0.0400    5   5   5   5 N000142 4066 3008
 2117.4619  1260.3928    -9.1611     0.0256     0.0320     0.0289   15  14  14  11 N000143 4734 3020
 1503.9911  1268.1019    -9.0002     0.0212     0.0283     0.0271   11   9   9   8 N000144 3509 3035
 2436.5707  1269.9941   -10.3734     0.0109     0.0123     0.0172   18  14  18  13 N000145 5372 3039
 1932.0457  1271.6204    -9.4718     0.0264     0.0193     0.0196   17  16  17  12 N000146 4363 3042
 1282.8561  1276.4002    -9.2780     0.0299     0.0233     0.0337   10   8   8   7 N000147 3066 3052
 3627.2885  1281.7453   -10.9717     0.0162     0.0156     0.0132   19  16  17  14 N000148 7754 3063
 1348.5685  1288.3514    -8.9845     0.0210     0.0123     0.0534    8   7   7   6 N000149 3198 3076
 1994.8470  1295.5351    -8.5725     0.0359     0.0431     0.1330    8   6   7   6 N000150 4489 3090
 2789.7419  1307.6468   -10.9879     0.0136     0.0155     0.0146   19  17  17  14 N000151 6079 3114
 1347.5649  1308.8676    -9.7383     0.0183     0.0203     0.0191   20  18  19  15 N000152 3194 3117
 1259.0428  1313.8811   -11.0797     0.0190     0.0165     0.0131   17  15  16  12 N000153 3017 3127
 1455.8675  1344.6055   -12.7195     0.0064     0.0088     0.0091   22  20  22  16 N000154 3411 3188
 3638.7176  1344.4588   -14.3201     0.0700     0.0734     0.0108   23  18  23  17 N000155 7777 3189
 1954.4028  1350.0149   -10.9689     0.0117     0.0106     0.0124   20  18  19  15 N000156 4408 3199
 2588.5926  1351.7250    -8.5161     0.0524     0.0597     0.0421    7   6   6   5 N000157 5678 3203
 1462.6886  1355.3024    -8.9555     0.0535     0.1504     0.2076    6   5   6   5 N000158 3425 3210
 1728.9346  1356.9081    -9.2936     0.0329     0.0242     0.0292   11  11  11   8 N000159 3957 3213
 1370.7402  1357.8562   -11.8558     0.0092     0.0079     0.0076   20  15  19  15 N000160 3241 3215
 3972.4476  1361.1108    -9.3100     0.0263     0.0204     0.0210   15  13  15  11 N000161 8444 3221
 1747.0462  1367.9871   -11.1116     0.0085     0.0105     0.0102   22  17  21  16 N000162 3993 3235
 2200.7168  1367.8786    -8.8018     0.0254     0.0319     0.1705    6   5   6   5 N000163 4900 3235
 2509.0266  1369.5470    -8.8865     0.0460     0.0308     0.0498    8   7   7   6 N000164 5517 3238
 2192.6735  1374.6881   -10.9541     0.0143     0.0169     0.0138   18  17  17  13 N000165 4884 3248
 2942.8280  1378.8025    -9.2330     0.0157     0.0356     0.0273   10   7   8   7 N000166 6385 3257
 1403.8005  1387.4515    -9.0751     0.0153     0.0130     0.0157    7   5   7   5 N000167 3307 3274
 1002.0941  1388.0631   -10.4317     0.0080     0.0114     0.0106   16  12  13  12 N000168 2503 3275
 3367.9550  1391.4854    -9.1845     0.0320     0.0318     0.5804    9   6   9   6 N000169 7235 3282
 2178.3356  1402.3590    -9.0123     0.0792     0.1420     0.3851    6   5   6   5 N000170 4856 3304
 1666.4276  1403.1822   -11.1991     0.0106     0.0124     0.0112   20  15  18  15 N000171 3832 3305
 3366.4103  1403.4269    -8.8999     0.0250     0.0395     0.0286    7   7   7   5 N000172 7232 3306
 1633.7662  1412.3479    -9.6357     0.0196     0.0177     0.0159   18  17  18  13 N000173 3767 3324
 1150.4092  1422.0045   -10.0375     0.0149     0.0166     0.0209   15  12  15  11 N000174 2800 3343
 2172.5621  1425.2358   -10.9819     0.0137     0.0179     0.0120   16  15  15  12 N000175 4844 3350
 3240.9489  1428.3844    -9.2948     0.0224     0.0172     0.0206   12  11  12   9 N000176 6981 3356
 1903.0054  1429.1500    -9.5451     0.0194     0.0236     0.0222   19  15  18  14 N000177 4306 3357
 1397.9628  1432.4294    -9.3668     0.0196     0.0246     0.0227   17  15  16  12 N000178 3295 3364
  610.0529  1435.4383    -9.0463     0.0188     0.0381     0.0227    7   7   7   5 N000179 1719 3370
 2587.9440  1456.1033    -9.7928     0.0182     0.0263     0.0222   20  20  20  15 N000180 5675 3411
 2418.0019  1459.6238    -8.7751     0.0120     0.0157     0.0468    9   7   9   6 N000181 5335 3418
 2121.0599  1466.5059    -9.2202     0.0272     0.0218     0.0237   11  11  11   8 N000182 4741 3432
  920.2657  1469.6616    -8.9969     0.0304     0.0281     0.2410    9   6   9   6 N000183 2340 3439
 2899.6740  1480.3909   -10.1263     0.0120     0.0134     0.0088   19  14  16  14 N000184 6299 3460
 1210.1785  1484.7148    -8.6325     0.1840     0.4721     0.2874    5   5   5   5 N000185 2920 3470
 1836.3508  1487.3043   -12.7282     0.0064     0.0071     0.0067   21  17  21  15 N000186 4172 3474
 1463.7179  1490.4409    -9.8457     0.0158     0.0181     0.0196   15  13  14  11 N000187 3427 3480
 1754.1922  1492.4354   -10.2753     0.0108     0.0173     0.3009   18  17  18  13 N000188 4007 3484
 1530.6216  1496.4587    -8.8814     0.0311     0.0331     0.0493    6   5   6   5 N000189 3560 3492
 1563.9376  1501.9937    -9.2801     0.0283     0.0225     0.0194    9   8   9   6 N000190 3627 3503
 2124.7879  1503.6897   -10.5658     0.0114     0.0108     0.0135   18  15  17  13 N000191 4749 3506
 1161.2388  1507.4694    -9.0650     0.0153     0.0162     0.0287   11   8  11   8 N000192 2822 3514
 2263.0546  1512.1480    -8.9522     0.0303     0.0422     0.3136    7   5   7   5 N000193 5026 3524
 1399.4988  1535.2905   -11.6906     0.0102     0.0072     0.0085   22  20  22  16 N000194 3298 3570
 2175.7320  1535.5477   -10.3057     0.0149     0.0135     0.0164   18  16  17  13 N000195 4851 3570
 2231.9464  1536.7687   -10.4494     0.0192     0.0136     0.0145   19  17  18  14 N000196 4963 3573
 4004.6158  1538.8823   -12.3007     0.0170     0.0214     0.0074   23  23  21  17 N000197 8508 3577
  921.4131  1540.4230    -8.8898     0.0237     0.0418     0.3575    6   5   6   5 N000198 2342 3580
 2332.7579  1544.8480   -10.9365     0.0124     0.0136     0.0103   17  15  16  12 N000199 5165 3589
  486.6781  1546.9350    -9.5817     0.0184     0.0137     0.0163   10   7  10   7 N000200 1472 3593
 1848.4775  1561.2070    -8.7982     0.0368     0.0152     0.0440    7   5   7   5 N000201 4196 3622
 1673.8835  1563.5838   -10.4174     0.0186     0.0173     0.0188   20  16  17  15 N000202 3847 3626
 1885.5151  1564.6104    -8.6697     0.0221     0.0669     0.0637    5   5   5   5 N000203 4270 3628
 3054.1725  1577.8332    -9.5934     0.0207     0.0162     0.0155   16  14  16  12 N000204 6607 3655
 1830.4872  1585.6604   -10.4466     0.0144     0.0152     0.0145   17  17  16  12 N000205 4160 3670
 2022.1636  1585.8672   -11.5498     0.0086     0.0132     0.0080   18  15  16  13 N000206 4543 3671
  595.6745  1597.7565    -9.5402     0.0184     0.0121     0.0131   13  11  12   9 N000207 1690 3695
 1251.6608  1598.5447    -9.4573     0.0142     0.0115     0.0116   10   8  10   7 N000208 3002 3696
 1845.6143  1606.4135    -9.8144     0.0152     0.0226     0.0157   19  17  18  14 N000209 4190 3712
 1677.1053  1606.8675   -10.5851     0.0140     0.0127     0.0122   16  13  15  12 N000210 3853 3713
 1394.9469  1608.4224    -9.4537     0.0163     0.0239     0.0189   15  14  14  11 N000211 3289 3716
 1714.1401  1611.8235   -11.2043     0.0155     0.0142     0.0119   19  18  19  14 N000212 3928 3723
 2032.9197  1627.4766   -11.1139     0.0166     0.0172     0.0098   18  18  18  13 N000213 4565 3754
 2210.6123  1639.0631    -9.5713     0.0176     0.0130     0.0222   16  13  15  12 N000214 4920 3777
 2771.1830  1651.4824   -10.8552     0.0125     0.0139     0.0133   14  11  13  10 N000215 6042 3802
 1060.5441  1653.1318    -9.8925     0.0128     0.0124     0.0217   14  10  14  10 N000216 2620 3805
 1932.7278  1653.0385   -11.5192     0.0092     0.0124     0.0097   21  18  19  15 N000217 4364 3805
 2410.2848  1653.3366   -10.2347     0.0155     0.0191     0.0162   18  16  18  13 N000218 5320 3806
 1198.4985  1668.4467    -8.9747     0.0217     0.0347     0.0273    9   7   8   6 N000219 2896 3836
 1273.8751  1668.5300    -9.3939     0.0163     0.0105     0.0205   12   9  12   9 N000220 3047 3836
 1215.6222  1672.5054   -12.4604     0.0101     0.0117     0.0092   17  15  16  12 N000221 2930 3844
 2390.0053  1673.7439   -10.1450     0.0136     0.0230     0.0113   16  13  14  12 N000222 5279 3848
 2110.6667  1693.3755    -9.0076     0.3156     0.3793     0.2198    5   5   5   5 N000223 4721 3886
 2508.4683  1695.1820    -9.0840     0.0220     0.0250     0.0393   12   9  11   9 N000224 5516 3890
  165.6316  1695.5164   -10.7301     0.0200     0.0187     0.0302   15  12  14  11 N000225  830 3891
 3356.2886  1697.6744   -10.6023     0.0172     0.0131     0.0112   21  17  19  15 N000226 7213 3895
 1263.6697  1704.8609    -9.1813     0.0257     0.0641     0.1697    6   5   6   5 N000227 3027 3909
 2072.7556  1707.1534   -10.0586     0.0151     0.0195     0.0211   20  20  20  15 N000228 4645 3913
 1678.5500  1715.8506    -9.0058     0.0457     0.0930     0.1317    5   5   5   5 N000229 3856 3931
 1516.1846  1728.4609    -9.1962     0.0220     0.0241     0.0310   10   9   9   7 N000230 3531 3956
 2963.1426  1729.0185    -9.9928     0.0168     0.0195     0.0174   16  14  16  12 N000231 6425 3957
 2320.4487  1730.6490    -8.9822     0.0229     0.0325     0.0353    7   7   7   5 N000232 5140 3960
 3703.6466  1745.1975    -8.9064     0.0327     0.0507     0.0253    5   5   5   5 N000233 7906 3990
 2118.8731  1765.2265    -9.4221     0.0252     0.0342     0.1734   11   9  11   8 N000234 4737 4030
 1931.1534  1767.3639   -10.5608     0.0141     0.0131     0.0148   21  18  20  15 N000235 4361 4034
 2248.6817  1771.0233    -8.8710     0.0385     0.0334     0.0295    8   7   7   6 N000236 4996 4041
 1415.7520  1773.2419   -10.3188     0.0158     0.0195     0.0184   17  17  17  12 N000237 3331 4046
 1996.2120  1773.8543   -10.9575     0.0099     0.0073     0.0089   20  16  18  15 N000238 4492 4047
 1544.8545  1778.0091    -9.1792     0.0158     0.0408     0.1444   11   8  11   8 N000239 3589 4056
 1533.0329  1785.2176   -10.4741     0.0217     0.0212     0.0210   17  16  17  12 N000240 3565 4069
 1644.6281  1786.2551   -10.0221     0.0178     0.0172     0.0226   15  14  15  11 N000241 3788 4072
 1957.9563  1791.8061    -9.9240     0.0143     0.0164     0.0247   16  15  16  12 N000242 4415 4083
 1453.2793  1795.0656    -9.6212     0.0130     0.0222     0.0219   15  11  13  11 N000243 3406 4089
 1405.6359  1799.4705    -9.2655     0.0213     0.0169     0.0628    7   5   7   5 N000244 3310 4098
 1178.3201  1805.3575    -9.5065     0.0188     0.0218     0.0212   13  11  11   9 N000245 2856 4110
 2945.0422  1806.6855   -10.4688     0.0167     0.0214     0.0049   20  20  17  15 N000246 6389 4112
 2039.6863  1808.6650   -10.2124     0.0132     0.0261     0.0134   17  16  16  12 N000247 4578 4116
 1264.2564  1808.8479    -9.9025     0.0180     0.0219     0.0250   15  14  15  11 N000248 3028 4117
  762.1630  1811.7190   -10.3502     0.0182     0.0169     0.0144   19  14  16  14 N000249 2023 4123
 2449.6142  1813.0129    -9.8987     0.0175     0.0124     0.0180   16  15  16  12 N000250 5398 4125
 2088.8501  1816.2554    -8.9004     0.0330     0.0259     0.0314    7   7   7   5 N000251 4677 4132
 1859.7099  1816.8203    -8.8821     0.0196     0.0310     0.0632    8   6   7   6 N000252 4218 4133
 1274.9508  1822.4019    -9.7399     0.0208     0.0137     0.0266   13  11  12   9 N000253 3049 4144
 1978.1350  1822.2334    -9.0242     0.0405     0.0203     0.1099    6   5   6   5 N000254 4456 4144
 1193.0181  1823.6316   -11.7990     0.0126     0.0133     0.0089   20  19  18  15 N000255 2885 4146
 2353.3243  1823.6457    -9.1739     0.0140     0.0207     0.0384   11   9  10   8 N000256 5206 4146
 2768.5932  1823.6523    -9.0624     0.0254     0.0259     0.0267    8   7   8   6 N000257 6036 4146
 2273.1031  1825.3685    -9.3848     0.0133     0.0159     0.0238   10   7  10   7 N000258 5045 4150
 1870.7773  1825.9545    -9.6705     0.0188     0.0244     0.0217   15  13  14  11 N000259 4241 4151
 2808.4268  1832.5947   -10.5172     0.0194     0.0188     0.0098   18  18  16  13 N000260 6116 4164
 2151.6905  1833.8049   -11.3810     0.0059     0.0103     0.0100   18  16  17  13 N000261 4802 4167
 1152.0583  1837.0189    -9.1171     0.1050     0.0607     0.3005    6   5   6   5 N000262 2804 4174
 1465.7999  1838.0309    -9.4302     0.0223     0.0290     0.1611    8   6   8   6 N000263 3432 4176
 3810.2410  1846.9026   -11.0732     0.0198     0.0168     0.0085   21  20  18  15 N000264 8120 4193
 1494.3837  1847.9453    -9.3118     0.0311     0.0314     0.0176    6   6   6   5 N000265 3488 4195
 2993.1235  1848.7383   -11.0506     0.0173     0.0149     0.0155   21  20  21  15 N000266 6485 4197
 1041.1298  1852.3724   -10.4932     0.0193     0.0142     0.0192   17  17  17  12 N000267 2581 4204
 1016.3790  1855.4489   -10.9493     0.0153     0.0106     0.0189   20  19  20  15 N000268 2532 4210
 2242.4372  1862.6475   -11.4243     0.0061     0.0096     0.1817   21  17  21  15 N000269 4984 4224
 1761.4981  1864.3186   -10.8450     0.0186     0.0230     0.0163   13  12  12   9 N000270 4022 4228
  272.5601  1873.3735   -10.0520     0.0092     0.0223     0.0177    6   5   6   5 N000271 1044 4246
 2148.6321  1873.0954   -14.2176     0.0399     0.0320     0.0158   23  20  23  17 N000272 4796 4246
 1208.7807  1876.7680    -9.7698     0.0173     0.0211     0.0177   14  12  14  10 N000273 2917 4253
 2280.4587  1879.0868    -9.2468     0.0155     0.0297     0.0259    9   9   9   6 N000274 5060 4257
 2585.6817  1882.6120   -13.2153     0.0102     0.0103     0.0042   24  24  21  18 N000275 5670 4264
 1631.2838  1887.1912    -9.1670     0.0226     0.0231     0.0407   10   7   8   7 N000276 3762 4274
 1370.7136  1888.1189   -10.0782     0.0175     0.0228     0.0118   14  13  14  10 N000277 3241 4275
 2720.4839  1890.6143    -9.5292     0.0200     0.0158     0.0197   16  14  14  12 N000278 5940 4280
 1071.4885  1896.4387   -10.0396     0.0166     0.0177     0.0227   18  17  17  13 N000279 2642 4292
  953.2634  1899.4051    -9.6853     0.0179     0.0193     0.0632    7   6   7   5 N000280 2406 4298
 1788.1748  1903.1873   -10.1869     0.0131     0.0162     0.0186   16  14  15  12 N000281 4075 4305
 2476.2930  1903.9096   -11.6478     0.0097     0.0115     0.0090   19  19  19  14 N000282 5452 4307
 1733.3127  1907.4877   -11.3233     0.0105     0.0120     0.0102   17  15  16  12 N000283 3966 4314
 1281.2747  1916.4833    -9.0349     0.2648     0.1035     0.1963    5   5   5   5 N000284 3062 4332
  965.3951  1925.6628   -11.2641     0.0049     0.0085     0.0095    8   6   7   6 N000285 2430 4351
  488.6790  1928.6750   -10.1513     0.0149     0.0221     0.0148    9   9   9   6 N000286 1476 4356
 2662.0335  1934.3010    -9.1906     0.0269     0.0187     0.1121    7   6   7   5 N000287 5823 4368
 2625.2111  1936.8009    -9.0098     0.0321     0.0260     0.0253    6   5   6   5 N000288 5750 4373
 2720.0007  1937.5481   -10.1584     0.0130     0.0127     0.0244   17  14  17  12 N000289 5939 4374
 2285.2569  1944.2089    -9.0521     0.0355     0.0464     0.0325    8   8   8   6 N000290 5070 4388
 2451.7838  1954.3487   -11.0615     0.0153     0.0141     0.0151   16  14  16  12 N000291 5403 4408
 2648.1169  1955.0048   -10.4426     0.0159     0.0130     0.0149   18  16  18  13 N000292 5795 4409
 3182.5826  1956.4865   -12.0504     0.0152     0.0170     0.0064   21  21  19  15 N000293 6864 4412
 1401.8074  1961.6818   -11.8643     0.0169     0.0118     0.0115   10   9   9   7 N000294 3303 4422
 3862.3806  1961.6880    -8.8557     0.4344     0.0499     0.2352    5   5   5   5 N000295 8225 4422
  523.2259  1963.4975   -10.3630     0.0137     0.0185     0.0081   10   9  10   7 N000296 1545 4426
 2103.8376  1963.5999   -11.5538     0.0064     0.0095     0.0088   21  18  20  15 N000297 4707 4426
 1120.4275  1966.0610   -10.4952     0.0149     0.0233     0.0161    7   6   7   5 N000298 2740 4431
 2446.9921  1973.3647   -10.2946     0.0173     0.0210     0.0108   16  15  16  12 N000299 5393 4446
  583.3837  1980.6797   -10.1380     0.0130     0.0148     0.0089   12  11  11   9 N000300 1666 4460
 2874.8622  1979.9019    -8.7167     0.5286     0.3703     0.1638    5   5   5   5 N000301 6249 4460
 2550.6654  1999.2000    -8.6293     0.0736     0.0279     0.0245    5   5   5   5 N000302 5601 4497
 2820.4083  2004.9471    -9.3411     0.0261     0.0242     0.0144    9   9   9   6 N000303 6140 4509
  167.9611  2007.8648   -13.3666     0.0127     0.0149     0.0057   24  23  22  18 N000304  835 4515
 1392.7733  2011.3805   -10.6233     0.0172     0.0181     0.0133   10  10  10   7 N000305 3285 4522
 2010.3817  2014.4226   -10.9708     0.0163     0.0111     0.0085   10   9  10   7 N000306 4520 4528
 3153.7187  2021.4033    -8.7849     0.5241     0.1956     0.1262    5   5   5   5 N000307 6808 4542
 2461.8696  2030.0707    -9.1208     0.0183     0.0235     0.0439    5   5   5   5 N000308 5423 4559
 2375.0641  2030.8398    -9.5659     0.0079     0.0207     0.0210   10   7   9   7 N000309 5249 4561
 3055.5239  2046.1370    -9.9283     0.0291     0.0268     0.0234   15  15  14  11 N000310 6610 4591
 2157.6356  2048.0445    -9.1412     0.0377     0.0425     0.1138    6   6   6   5 N000311 4814 4595
 2354.0813  2056.2255   -12.3598     0.0047     0.0054     0.0094    8   6   8   6 N000312 5207 4612
 2557.6972  2060.2618    -9.2936     0.0411     0.0249     0.0216    7   7   7   5 N000313 5615 4620
 3119.6153  2072.3211   -11.5790     0.0127     0.0139     0.0103   11   9  11   8 N000314 6738 4644
 2527.6168  2092.8968   -10.3288     0.0080     0.0119     0.0126   12  11  12   9 N000315 5554 4685
 1732.8953  2095.0732   -11.7181     0.0120     0.0125     0.0089   21  20  20  15 N000316 3965 4689
 1604.7326  2100.7955    -9.4322     0.0136     0.0362     0.0269    9   7   8   6 N000317 3709 4701
 1967.7881  2121.5542   -11.3275     0.0092     0.0072     0.1973   22  17  22  16 N000318 4435 4742
 1368.3973  2125.8175   -10.5241     0.0128     0.0167     0.0122   17  13  17  12 N000319 3236 4751
  811.4287  2130.2942   -11.9235     0.0134     0.0113     0.0067   20  18  18  15 N000320 2122 4760
 1447.2367  2138.9976    -9.8340     0.0139     0.0172     0.0104   13  10  12   9 N000321 3394 4777
 1942.1039  2139.3470    -9.6089     0.0258     0.0309     0.0297    9   7   8   6 N000322 4383 4778
 2323.9653  2141.1657    -9.4690     0.0237     0.0231     0.0229   12  11  12   9 N000323 5147 4782
 1969.4583  2154.1318    -9.9049     0.0210     0.0314     0.0264   11  10  11   8 N000324 4438 4807
 2225.3406  2155.9139   -11.2288     0.0092     0.0132     0.0093   19  18  18  14 N000325 4950 4811
  509.0338  2157.3968   -11.7197     0.0091     0.0105     0.0072   21  19  21  15 N000326 1517 4814
 2086.3036  2159.3763   -10.3164     0.0092     0.0181     0.0088   17  16  16  12 N000327 4672 4818
 2050.8144  2164.4819   -12.4709     0.0072     0.0064     0.0044   21  17  19  15 N000328 4601 4828
 2163.6354  2166.2013   -11.9743     0.0065     0.0065     0.0084   20  16  18  15 N000329 4826 4831
 1638.2962  2175.0952   -11.1182     0.0111     0.0107     0.0595   18  15  14  13 N000330 3776 4849
 1728.5668  2174.9719   -10.6105     0.0084     0.0124     0.0103   14  11  14  10 N000331 3956 4849
 2448.9006  2179.0365   -11.4803     0.0090     0.0093     0.0306   19  16  18  14 N000332 5397 4857
 2248.1876  2181.9840    -9.5975     0.0253     0.0249     0.0189   10  10  10   7 N000333 4995 4863
 1763.2914  2185.1926   -11.2822     0.0128     0.0168     0.0122   19  17  19  14 N000334 4026 4870
 2502.6218  2190.8692    -9.8233     0.0178     0.0219     0.0187   18  17  18  13 N000335 5504 4881
 1449.1739  2191.8235    -9.9643     0.0150     0.0127     0.0188   11   8   9   8 N000336 3397 4883
 1330.1500  2198.7432    -9.7310     0.0220     0.0343     0.0196   15  13  14  11 N000337 3159 4897
 1178.1139  2200.3431    -9.8119     0.0160     0.0240     0.0242   14  13  14  10 N000338 2855 4900
 3153.0502  2200.4096   -11.2260     0.0122     0.0147     0.0156   17  12  14  12 N000339 6805 4900
 3571.1402  2200.4117   -10.3276     0.0131     0.0123     0.0167    9   7   9   6 N000340 7641 4900
 1108.1144  2206.0602   -11.7637     0.0081     0.0115     0.0086   18  17  18  13 N000341 2715 4911
 1236.2493  2216.7527   -11.1304     0.0092     0.0128     0.0074   21  18  20  15 N000342 2972 4933
 2552.4041  2220.8424   -11.1726     0.0131     0.0153     0.0131   21  21  21  15 N000343 5604 4941
 1499.2192  2236.9875    -9.8792     0.0255     0.0242     0.0163   17  17  17  12 N000344 3498 4973
 3033.9279  2241.2147    -9.2485     0.0231     0.0231     0.0369   13  13  13   9 N000345 6567 4982
 2149.8752  2248.5782   -10.0789     0.0153     0.0193     0.0145   19  16  17  14 N000346 4799 4996
  437.5841  2251.6806   -11.5051     0.0097     0.0113     0.0055   16  13  14  12 N000347 1374 5002
 3181.2580  2257.9809    -9.1233     0.0305     0.0232     0.0302    6   6   6   5 N000348 6862 5015
 1379.2050  2258.4158   -10.4406     0.0113     0.0120     0.0145   21  17  20  15 N000349 3257 5016
 1305.8014  2261.5778   -12.3762     0.0090     0.0080     0.0034   20  19  17  15 N000350 3111 5022
 2148.7100  2272.3764   -10.3009     0.0151     0.0136     0.0112   18  16  18  13 N000351 4796 5044
 2591.3889  2274.4299   -11.3142     0.0157     0.0169     0.1841   20  18  20  15 N000352 5682 5048
 1352.3045  2277.1663   -11.2134     0.0122     0.0106     0.0091   21  16  20  15 N000353 3204 5054
 3229.9015  2277.4429    -9.0281     0.0234     0.0378     0.0270   11   9   9   8 N000354 6959 5054
 2303.2710  2278.3971    -9.5090     0.0172     0.0248     0.0213   13  12  12   9 N000355 5106 5056
 2743.7257  2279.6433    -8.9362     0.0197     0.0400     0.2956    7   5   7   5 N000356 5986 5058
  985.3412  2282.6725    -9.7401     0.0241     0.0211     0.0282   14  13  13  10 N000357 2470 5064
  389.7567  2287.7513   -10.4922     0.0148     0.0239     0.0101   19  17  17  14 N000358 1279 5075
 1739.3529  2287.9001    -9.5060     0.0150     0.0160     0.1389   11   8  11   8 N000359 3979 5076
 1240.0671  2292.7056    -9.1874     0.0233     0.0234     0.0605    7   6   7   5 N000360 2979 5085
 2658.2045  2295.4860   -11.0126     0.0114     0.0128     0.0066   18  15  17  13 N000361 5816 5090
 1725.9652  2300.9976    -9.4935     0.0211     0.0260     0.0282   10   8   9   7 N000362 3951 5101
 1251.2728  2303.9448    -9.9675     0.0095     0.0201     0.0170   13   9  12   9 N000363 3002 5107
 1716.1830  2303.7899    -8.9571     0.0094     0.0430     0.0446    6   5   6   5 N000364 3931 5107
 1986.7583  2306.6273   -10.4801     0.0215     0.0136     0.0109   14  13  14  10 N000365 4473 5112
 3437.4435  2308.4599    -8.9613     0.2082     0.1038     0.2926    5   5   5   5 N000366 7375 5116
 1397.0832  2308.9753    -9.4255     0.0370     0.0271     0.0209    7   7   7   5 N000367 3293 5117
  564.4799  2309.5334    -9.0240     0.4239     0.2991     0.4581    6   5   6   5 N000368 1629 5119
  600.0683  2309.7449    -9.0648     0.0241     0.0078     0.0414    7   5   7   5 N000369 1699 5119
  925.6583  2309.7483    -8.5636     0.0190     0.0552     0.0135    5   5   5   5 N000370 2350 5119
 2253.3359  2312.5556   -10.9588     0.0139     0.0149     0.0099   15  14  15  11 N000371 5006 5124
 2705.0214  2314.5329    -9.2516     0.0203     0.0311     0.0259   12  11  11   9 N000372 5909 5128
 1669.7945  2315.7706    -9.9693     0.0097     0.0098     0.0215   11   8  10   8 N000373 3840 5131
 1187.7865  2324.6934   -10.2635     0.0177     0.0283     0.0128   14  13  13  10 N000374 2876 5148
 2428.8310  2325.9232    -8.9122     0.0420     0.0386     0.0270    7   6   6   5 N000375 5357 5151
 2105.1960  2327.6770    -9.1978     0.0266     0.0256     0.0338    6   6   6   5 N000376 4709 5154
 1675.7832  2333.9150    -9.5013     0.0164     0.0146     0.0300   10   8  10   7 N000377 3851 5167
 2144.1143  2336.1293   -11.5646     0.0100     0.0102     0.0471   24  23  24  18 N000378 4787 5171
  560.0753  2343.2875   -10.2077     0.0124     0.0145     0.0175   16  12  16  12 N000379 1619 5186
 1097.4080  2347.3378    -9.8166     0.0166     0.0205     0.0151   17  16  16  12 N000380 2695 5194
 1461.7278  2349.5600    -9.3513     0.0273     0.0215     0.0265   12  11  11   9 N000381 3423 5198
 1657.2684  2364.5793   -10.9523     0.0084     0.0091     0.0085   18  14  16  13 N000382 3814 5228
 2445.0444  2366.7611    -9.1905     0.0211     0.0300     0.0351    8   6   8   6 N000383 5389 5233
 2506.5282  2367.0963   -10.2395     0.0188     0.0177     0.0086   16  16  16  12 N000384 5512 5233
 2015.9372  2372.5943   -11.7625     0.0113     0.0092     0.0121   20  17  19  15 N000385 4531 5244
 1267.5754  2373.7989    -9.6195     0.0260     0.0259     0.0232   10   8   8   7 N000386 3034 5247
 2680.5035  2373.9860    -9.6003     0.0222     0.0224     0.0144   15  14  14  11 N000387 5860 5247
  346.7953  2387.0668   -10.0557     0.0173     0.0104     0.0154   18  15  18  13 N000388 1193 5273
 2072.2530  2386.8622    -9.1891     0.0268     0.0271     0.0255    8   8   8   6 N000389 4644 5273
 1688.1853  2392.5103   -10.3949     0.0142     0.0141     0.0136   16  15  16  12 N000390 3875 5284
 1180.1548  2393.4233    -9.6856     0.0241     0.0265     0.0207   18  16  16  13 N000391 2860 5286
  671.3996  2394.3372    -9.0050     0.0394     0.0323     0.0139    6   6   6   5 N000392 1842 5288
  386.7694  2407.8496   -10.6072     0.0183     0.0163     0.0156   16  15  16  12 N000393 1273 5315
 1635.5333  2418.4931   -10.3284     0.0216     0.0187     0.0154   15  11  13  11 N000394 3770 5336
 2762.4198  2426.3971    -8.9934     0.0221     0.0253     0.0568    9   8   9   6 N000395 6024 5352
 1724.4665  2429.6069   -11.3323     0.0150     0.0119     0.0091   16  16  15  12 N000396 3948 5358
 1602.2913  2433.1467   -10.2278     0.0168     0.0165     0.0139   16  14  16  12 N000397 3704 5365
 1672.2302  2434.3300   -11.0512     0.0140     0.0123     0.0097   17  16  16  12 N000398 3844 5368
 1311.9735  2435.0502    -9.7816     0.0152     0.0300     0.0200   10  10  10   7 N000399 3123 5369
 2477.0559  2440.4841    -9.1551     0.0299     0.0203     0.0221   13  10  10   9 N000400 5453 5380
 1978.1370  2443.3736   -10.5561     0.0143     0.0138     0.0177    7   7   7   5 N000401 4455 5386
 2961.0768  2447.5141   -12.5584     0.0094     0.0109     0.0061   22  19  20  16 N000402 6421 5394
 3882.4931  2452.6130    -9.2310     0.0218     0.0143     0.0243    9   7   8   6 N000403 8264 5405
 2506.4130  2455.2864   -11.0819     0.0095     0.0138     0.0075   18  15  16  13 N000404 5512 5410
  462.6096  2457.2731   -11.0130     0.0092     0.0060     0.0042   13  10  11   9 N000405 1424 5414
 1639.2192  2459.2455   -12.7833     0.0096     0.0094     0.0064   22  20  22  16 N000406 3777 5418
 1392.9836  2475.1781    -9.8985     0.0176     0.0197     0.0195   15  14  15  11 N000407 3285 5449
 2276.2389  2477.5567    -8.7802     0.4995     0.4153     0.2870    5   5   5   5 N000408 5053 5455
 1824.5926  2490.5412    -9.8796     0.0130     0.0153     0.0159   18  13  16  13 N000409 4148 5480
 2498.3291  2490.4115    -9.2151     0.1547     0.1002     0.7133    5   5   5   5 N000410 5496 5480
 2378.3000  2491.8739    -9.3867     0.0230     0.0224     0.0283   18  15  17  13 N000411 5256 5483
 1743.8056  2492.3064   -11.1273     0.0119     0.0116     0.0096   19  18  19  14 N000412 3987 5484
  704.8692  2495.8473    -8.6074     0.0579     0.0372     0.0690    5   5   5   5 N000413 1909 5491
 2264.1289  2497.4801    -9.1265     0.0194     0.0429     0.0294    6   5   6   5 N000414 5027 5494
 2120.9062  2501.0515    -9.2623     0.0172     0.0165     0.0343   14  10  12  10 N000415 4741 5501
 3015.5245  2502.6518    -9.9798     0.0185     0.0175     0.0145   14  13  12  10 N000416 6530 5504
 1317.2710  2505.2013   -10.5099     0.0153     0.0163     0.0103   17  16  16  12 N000417 3134 5509
 4082.4952  2514.1720    -9.2281     0.1056     0.0354     0.2628    8   6   8   6 N000418 8664 5527
 2289.2263  2514.2110    -9.1550     0.0238     0.0438     0.0305   11  11  11   8 N000419 5078 5528
 2656.1667  2516.5114    -9.0111     0.0211     0.0212     0.0205   13   9  12   9 N000420 5811 5532
 1998.6248  2516.7908   -10.4725     0.0148     0.0156     0.0117   15  14  14  11 N000421 4496 5534
 2267.6642  2527.6906    -8.9123     0.0121     0.0367     0.0312    7   7   7   5 N000422 5034 5554
 2220.4633  2527.9513    -9.7829     0.0188     0.0210     0.0164   13  11  13   9 N000423 4940 5555
 2180.7828  2528.8542    -8.8976     0.0121     0.0425     0.0410    9   8   8   6 N000424 4861 5557
 2573.2158  2533.8724    -8.7333     0.0609     0.0409     0.0222    6   6   6   5 N000425 5646 5567
 2793.4509  2533.8154   -11.0416     0.0091     0.0152     0.0120   20  15  19  15 N000426 6086 5567
 3088.6871  2537.3163   -11.7001     0.0095     0.0115     0.0061   17  15  16  12 N000427 6676 5574
  473.2067  2547.8759    -9.5605     0.0206     0.0115     0.0231   13  11  13   9 N000428 1446 5595
  792.3862  2568.0257    -8.8029     0.4541     0.4827     0.7551    6   5   6   5 N000429 2085 5636
 1399.5729  2568.7966   -11.5706     0.0112     0.0092     0.0100   22  18  19  16 N000430 3298 5637
  802.1813  2569.5583    -9.8234     0.0189     0.0217     0.0195   14  13  14  10 N000431 2103 5638
 1486.2730  2571.6052    -9.8024     0.0164     0.0197     0.0334   10  10  10   7 N000432 3472 5642
 2637.1729  2573.9604   -12.9750     0.0105     0.0154     0.0084   24  21  23  18 N000433 5773 5647
 1166.3233  2576.5516   -10.1438     0.0113     0.0121     0.0151   19  17  18  14 N000434 2832 5652
 2097.1820  2582.9457   -10.5598     0.0113     0.0068     0.0084   17  14  16  12 N000435 4693 5665
 2321.0340  2583.4904    -9.3100     0.0231     0.0327     0.0176   13  13  13   9 N000436 5141 5666
  944.2705  2589.3209   -10.7047     0.0091     0.0110     0.0148   20  18  20  15 N000437 2388 5678
 1718.7404  2590.8214   -11.0302     0.0129     0.0131     0.0095   19  18  19  14 N000438 3937 5681
 2504.5383  2596.0551    -9.3632     0.0212     0.0228     0.0304   10   8  10   7 N000439 5508 5691
 1263.9197  2597.8808    -9.8223     0.0167     0.0175     0.0144   17  12  14  12 N000440 3027 5695
 2159.7506  2599.3006    -8.8945     0.0243     0.0402     0.0231    5   5   5   5 N000441 4819 5698
 1702.0687  2606.1658   -10.4356     0.0103     0.0104     0.0156   19  14  18  14 N000442 3903 5711
 1108.3893  2608.2997   -10.2225     0.0142     0.0141     0.0166   19  15  18  14 N000443 2716 5716
 2854.3577  2619.9923    -8.9652     0.0186     0.0103     0.0287    9   7   8   6 N000444 6208 5739
  672.0232  2621.6269    -9.0864     0.4076     0.1661     0.3607    5   5   5   5 N000445 1845 5742
 2571.5186  2621.3333    -8.9494     0.1591     0.1616     0.6565    6   5   6   5 N000446 5643 5742
 1419.9876  2627.6234   -12.3015     0.0131     0.0134     0.0092   22  21  22  16 N000447 3339 5754
 2569.4300  2628.7023    -9.2697     0.0094     0.0085     0.0277   12   9  12   9 N000448 5638 5756
  273.8608  2638.5207   -10.1052     0.0189     0.0193     0.0152   22  21  22  16 N000449 1047 5776
 1262.8118  2645.5227   -11.7224     0.0163     0.0171     0.0067   20  20  19  15 N000450 3025 5790
   92.1288  2649.6044   -10.0527     0.0239     0.0146     0.0126   18  16  17  13 N000451  683 5798
 3528.4994  2658.2328   -10.4649     0.0136     0.0225     0.0121   18  15  16  13 N000452 7556 5816
 2958.2756  2660.8030   -10.1526     0.0146     0.0222     0.0104   18  15  16  13 N000453 6416 5821
 3749.2835  2660.7082    -9.7538     0.0288     0.0334     0.0255   16  15  15  12 N000454 7998 5821
 2453.8193  2663.0868   -11.1052     0.0118     0.0110     0.0063   23  17  17  17 N000455 5407 5825
 2239.4564  2663.8551    -8.7850     0.2216     0.1594     0.2603    5   5   5   5 N000456 4979 5827
 1359.5918  2664.5149    -9.5331     0.0127     0.0185     0.0312   14  12  13  10 N000457 3218 5828
 2759.0029  2670.2028    -9.0649     0.0301     0.0268     0.0320   11  11  11   8 N000458 6017 5839
 3616.2959  2669.7030    -9.4406     0.0361     0.0428     0.0212   16  15  14  12 N000459 7732 5839
 1419.1848  2684.3988    -8.9825     0.0408     0.0451     0.1913    6   5   6   5 N000460 3337 5868
 2685.5614  2684.4975   -13.4289     0.0090     0.0125     0.0057   24  20  23  18 N000461 5870 5868
 3181.6722  2686.2981    -8.6280     0.0175     0.0910     0.0726    5   5   5   5 N000462 6862 5872
 2938.5785  2687.8544    -8.8075     0.0257     0.2893     0.2183    5   5   5   5 N000463 6376 5875
 1580.2787  2693.5991   -10.4479     0.0133     0.0151     0.0117   15  11  13  11 N000464 3660 5886
 1944.8547  2699.8191   -11.3919     0.0128     0.0113     0.0113   19  18  19  14 N000465 4389 5899
 3009.1275  2715.9208    -8.5537     0.0378     0.0498     0.0290    7   6   6   5 N000466 6517 5931
  302.5456  2717.6899    -9.6414     0.0243     0.0271     0.0380    6   5   6   5 N000467 1104 5934
 2035.9768  2723.3473   -11.4140     0.0119     0.0153     0.1589   20  18  20  15 N000468 4571 5946
 2761.2501  2729.9459    -8.7623     0.0316     0.0217     0.0324    8   7   7   6 N000469 6022 5959
  483.7471  2730.6727   -10.6723     0.0127     0.0137     0.0194   13  11  13   9 N000470 1467 5960
 1773.0509  2734.2221    -9.8172     0.0313     0.0223     0.0204   17  15  16  12 N000471 4045 5968
  938.7945  2751.0737    -9.0983     0.0160     0.0154     0.0217   11   8   9   8 N000472 2377 6001
 1733.4791  2751.5845    -8.7871     0.0541     0.1039     0.2822    5   5   5   5 N000473 3966 6002
 1623.0962  2752.0326    -9.5074     0.0181     0.0321     0.0216   13  11  11   9 N000474 3745 6003
 2483.8805  2764.6569    -9.4230     0.0326     0.0284     0.0208   15  14  15  11 N000475 5467 6028
 2038.5886  2768.8256    -9.0572     0.0145     0.0290     0.1972   10   7  10   7 N000476 4576 6037
  807.4191  2769.2469    -9.0015     0.0181     0.0151     0.0463    7   5   7   5 N000477 2114 6038
 1163.5826  2776.5495    -8.9827     0.0282     0.0303     0.4015    7   6   7   5 N000478 2826 6052
 3340.7536  2779.7449   -11.4858     0.0135     0.0129     0.2059   19  16  19  14 N000479 7181 6059
 2465.7629  2784.4396    -8.8153     0.0224     0.0209     0.0180    6   5   6   5 N000480 5431 6068
 2231.6490  2792.5853    -9.9254     0.0124     0.0141     0.0165   11   8  10   8 N000481 4962 6084
 1085.7187  2793.1881    -9.2846     0.0222     0.0309     0.0236   14  13  12  10 N000482 2671 6085
 2761.2823  2793.0725    -8.9071     0.0164     0.0191     0.0470    8   7   8   6 N000483 6022 6085
 2000.9425  2795.8432    -9.3579     0.0183     0.0232     0.0260   12   9  11   9 N000484 4501 6091
 1779.0492  2796.8384   -11.8873     0.0058     0.0077     0.0080   20  15  19  15 N000485 4057 6093
 1917.3582  2801.1869   -10.3026     0.0095     0.0116     0.0085   17  12  15  12 N000486 4334 6101
 3779.1914  2803.1953   -12.4231     0.0198     0.0236     0.0097   23  22  22  17 N000487 8057 6105
 2456.2527  2803.5509    -8.4818     0.0301     0.0375     0.0588    6   5   6   5 N000488 5412 6106
 2687.6176  2812.8632    -9.8717     0.0197     0.0205     0.0121   18  17  17  13 N000489 5874 6125
 2577.3098  2817.0125    -8.9506     0.0285     0.0128     0.0303    8   6   7   6 N000490 5655 6133
 2312.1621  2829.2037    -9.3694     0.0207     0.0221     0.0325   14  11  13  10 N000491 5124 6158
 1950.2181  2833.2859    -9.3484     0.0178     0.0146     0.0277   12   9  12   9 N000492 4400 6166
 2102.2350  2841.1522   -10.3672     0.0170     0.0141     0.0089   15  14  14  11 N000493 4704 6181
 2464.5574  2842.6899    -9.9309     0.0148     0.0153     0.0164   15  15  15  11 N000494 5428 6184
 1089.1707  2844.2875    -9.2451     0.0240     0.0330     0.0249   11  11  11   8 N000495 2677 6188
  742.1775  2848.7235    -8.9554     0.0100     0.0288     0.0277    7   6   7   5 N000496 1983 6197
 2503.9439  2851.2267   -13.1026     0.0097     0.0107     0.0039   23  19  20  17 N000497 5507 6202
  756.1763  2865.2044    -9.2223     0.0197     0.0281     0.1836    7   5   7   5 N000498 2011 6229
 1253.1535  2872.2047    -9.2870     0.0274     0.0294     0.0197   10   9   9   7 N000499 3005 6244
 1217.2050  2878.7791   -11.2799     0.0124     0.0107     0.0080   20  18  19  15 N000500 2934 6257
 1954.5583  2883.8969    -8.8947     0.0089     0.0187     0.0193    8   6   7   6 N000501 4408 6267
 1918.7940  2889.7281   -11.4957     0.0129     0.0111     0.0063   18  15  15  13 N000502 4337 6278
 1765.5395  2893.3398    -9.0968     0.0254     0.0086     0.0506    6   5   6   5 N000503 4030 6286
  519.8501  2893.8554   -11.0959     0.0105     0.0120     0.0089   19  17  19  14 N000504 1539 6287
 1543.3477  2897.5295    -9.1803     0.0208     0.0246     0.0183   11   8   8   8 N000505 3586 6294
 2487.5080  2907.5594    -8.7016     0.0230     0.0226     0.0221    9   8   8   6 N000506 5474 6314
 1044.3508  2910.8926   -10.5592     0.0101     0.0126     0.0103   20  16  18  15 N000507 2588 6321
 1142.2858  2912.2998   -11.5216     0.0067     0.0062     0.0064   18  15  17  13 N000508 2784 6324
 2042.9947  2924.6068    -9.3009     0.0164     0.0181     0.0489    8   7   8   6 N000509 4585 6348
 2538.7422  2927.0064    -9.4471     0.0139     0.0166     0.0249   13  12  12   9 N000510 5577 6353
 2792.1927  2931.2414   -10.3717     0.0205     0.0241     0.0128   20  19  18  15 N000511 6083 6362
  719.7408  2933.9156   -10.3599     0.0130     0.0153     0.0123   20  17  18  15 N000512 1939 6367
 1641.1886  2940.5075    -8.7442     0.0332     0.0267     0.0546    5   5   5   5 N000513 3781 6380
 1407.3101  2948.1430   -10.3483     0.0104     0.0150     0.0139   20  17  19  15 N000514 3314 6395
 1827.7348  2948.2654    -8.6918     0.0072     0.0271     0.2777    6   5   6   5 N000515 4154 6396
 2153.4109  2948.4320    -8.2472     0.0213     0.0374     0.0263    6   5   6   5 N000516 4806 6396
 2315.7284  2949.8300   -11.2910     0.0136     0.0139     0.1878   21  21  21  15 N000517 5131 6399
 1658.2964  2954.7372    -9.9576     0.0174     0.0119     0.0190   18  16  18  13 N000518 3816 6409
 2884.6207  2958.0191   -10.7902     0.0124     0.0108     0.0086   20  16  20  15 N000519 6268 6415
 1728.5657  2988.5450    -9.2212     0.0148     0.0241     0.0279   13  10  13   9 N000520 3956 6476
 3795.5340  2992.0611    -8.6984     0.0458     0.0177     0.0192    6   5   6   5 N000521 8090 6483
 2429.6795  3029.7475    -9.4423     0.0220     0.0190     0.0233   16  14  15  12 N000522 5358 6559
 1490.6038  3031.0746   -10.2192     0.0160     0.0152     0.0169   18  13  14  13 N000523 3481 6562
  770.9904  3032.5192   -12.3339     0.0059     0.0079     0.0069   22  17  22  16 N000524 2041 6564
  607.0690  3036.0382   -10.4614     0.0201     0.0151     0.0093   22  21  18  16 N000525 1713 6571
 3828.4861  3039.8519   -11.8061     0.0215     0.0224     0.0121   22  22  22  16 N000526 8156 6579
 2170.5832  3050.4288   -11.3771     0.0126     0.0115     0.1428   19  18  19  14 N000527 4840 6600
 3529.3655  3055.7288   -10.6357     0.0187     0.0222     0.0155   21  17  20  15 N000528 7558 6611
 3439.5604  3072.6644    -9.5380     0.0250     0.0217     0.0139   13  12  12   9 N000529 7378 6644
  248.7488  3078.2306    -9.3488     0.0218     0.0235     0.0177   14  14  14  10 N000530  997 6656
 1858.3156  3083.8562   -11.0665     0.0132     0.0135     0.0457   15  13  12  11 N000531 4216 6667
 3333.2395  3092.2449    -8.6568     0.0422     0.0347     0.0432    5   5   5   5 N000532 7166 6684
 1746.0412  3109.8286   -10.5398     0.0114     0.0141     0.0108   20  15  17  15 N000533 3991 6719
 1922.5351  3114.4204   -11.2619     0.0119     0.0137     0.0047   18  16  15  13 N000534 4344 6728
 1963.7705  3115.2682   -10.6505     0.0115     0.0119     0.0094   17  17  16  12 N000535 4427 6730
 1848.7212  3116.4091    -9.6815     0.0192     0.0198     0.0197   19  17  19  14 N000536 4197 6732
 1543.8677  3119.9042    -9.3290     0.0221     0.0210     0.0358   13  12  13   9 N000537 3587 6739
 2342.6810  3121.2109    -9.0393     0.0323     0.0308     0.0376   12  10  11   9 N000538 5184 6742
 2460.7586  3132.6364    -8.8545     0.0254     0.0229     0.0267    8   7   8   6 N000539 5421 6764
 1853.9343  3143.0011   -11.3159     0.0105     0.0137     0.1855   20  19  20  15 N000540 4207 6785
 2266.2396  3148.9042    -9.6766     0.0236     0.0180     0.0244   14  13  13  10 N000541 5032 6797
  443.4570  3167.9673   -11.0101     0.0152     0.0097     0.0084   20  18  18  15 N000542 1386 6835
  918.5261  3179.0875   -10.9575     0.0110     0.0139     0.0099   18  17  18  13 N000543 2336 6857
 2339.1235  3205.9935   -10.5902     0.0148     0.0183     0.0096   21  21  20  15 N000544 5177 6911
 2133.6155  3213.2472    -9.5845     0.0164     0.0158     0.0111   18  15  17  13 N000545 4766 6926
  538.9420  3246.2226   -11.1151     0.0179     0.0161     0.0080   22  19  17  16 N000546 1577 6992
  875.3282  3253.1095   -10.1239     0.0137     0.0118     0.0162   18  14  17  13 N000547 2250 7005
 1867.0789  3269.8514    -8.9524     0.0185     0.0201     0.0137   10   9   8   7 N000548 4233 7039
  784.9135  3276.2141   -10.3366     0.0171     0.0196     0.0115   17  15  16  12 N000549 2069 7051
 2252.6067  3345.3605    -8.8511     0.0337     0.0141     0.0294    6   5   6   5 N000550 5004 7190
 2506.8575  3346.7610   -14.2554     0.0757     0.0977     0.0130   21  21  20  15 N000551 5513 7193
 2419.4931  3354.6423    -8.7024     0.0324     0.0445     0.0332   10  10  10   7 N000552 5338 7208
 1373.4550  3356.5507   -10.4005     0.0184     0.0146     0.1211   19  17  19  14 N000553 3246 7212
 2446.5152  3410.1396    -9.0700     0.0327     0.0197     0.1690   11   8  10   8 N000554 5393 7319
 1467.5789  3410.6474    -8.9169     0.0221     0.0580     0.1140    5   5   5   5 N000555 3434 7320
 2330.1301  3426.5637   -11.3955     0.0147     0.0121     0.0079   20  19  19  15 N000556 5159 7352
 2849.8299  3439.8355    -9.2083     0.0267     0.0336     0.0212   14  14  14  10 N000557 6199 7379
 2333.6231  3448.5583    -8.9294     0.0211     0.0511     0.1805    7   5   7   5 N000558 5166 7397
 3227.5314  3471.0093    -9.5981     0.0213     0.0248     0.0149   14  12  13  10 N000559 6954 7441
 1980.5953  3481.4646    -9.5296     0.0258     0.0218     0.0158   17  17  16  12 N000560 4460 7462
  607.6217  3488.0244    -8.8996     0.0302     0.0175     0.0419    8   8   8   6 N000561 1714 7475
 1739.0637  3488.9217    -9.6002     0.0211     0.0158     0.0160   17  17  17  12 N000562 3977 7477
 1844.4400  3501.6070   -10.1278     0.0155     0.0158     0.0092   14  13  12  10 N000563 4188 7502
 1836.7510  3514.3003    -9.0942     0.0235     0.0253     0.0248   16  15  16  12 N000564 4173 7528
 1019.9543  3523.2993    -9.4872     0.0460     0.0488     0.8427    6   5   6   5 N000565 2539 7546
 3326.5420  3546.5803    -8.5832     0.0254     0.0193     0.0752    5   5   5   5 N000566 7152 7592
 2186.1984  3552.0544    -8.9799     0.0245     0.0153     0.0318   16  15  15  12 N000567 4871 7603
 2140.8670  3557.1179    -8.4145     0.0254     0.0345     0.0232    5   5   5   5 N000568 4781 7613
 1600.4962  3593.4130    -8.5625     0.5138     0.1223     0.7716    6   5   6   5 N000569 3700 7688
  835.8423  3644.1109    -9.1062     0.0295     0.0211     0.0225   16  13  15  12 N000570 2171 7787
  844.6338  3644.0466    -8.5690     0.0313     0.0281     0.0300    5   5   5   5 N000571 2188 7787
 2581.8983  3656.8789    -8.5065     0.0199     0.0324     0.0539    8   6   7   6 N000572 5663 7813
 4043.8685  3666.7563    -9.0069     0.0368     0.0243     0.0390    9   7   9   6 N000573 8587 7833
 2865.6617  3674.1443    -9.2093     0.0232     0.0258     0.0134   12  12  12   9 N000574 6230 7847
  808.2412  3687.1972    -9.1001     0.0157     0.0276     0.0450   11   8  11   8 N000575 2116 7874
 3546.2359  3688.9945   -10.2441     0.0209     0.0221     0.0183   16  15  16  12 N000576 7592 7877
 1981.0672  3694.7266   -10.4820     0.0121     0.0146     0.0116   21  17  21  15 N000577 4461 7889
 1457.6388  3696.0055   -10.1271     0.0227     0.0140     0.0122   17  15  16  12 N000578 3414 7891
 2608.4011  3703.8171    -8.9374     0.0230     0.0295     0.3428    9   6   9   6 N000579 5716 7907
 3489.5397  3720.2408   -10.6225     0.0186     0.0210     0.0120   15  12  15  11 N000580 7478 7940
  758.2879  3722.0934    -9.0187     0.0271     0.0245     0.0168    9   6   7   6 N000581 2016 7943
 3857.8026  3732.5943   -10.4071     0.0193     0.0212     0.0209   19  16  18  14 N000582 8215 7964
 1977.6825  3747.4720    -9.9042     0.0224     0.0182     0.0106   17  15  14  12 N000583 4454 7994
 1944.9807  3779.3927   -10.1066     0.0252     0.0160     0.0192   16  15  16  12 N000584 4389 8058
 1512.8708  3798.3980    -8.6372     0.0520     0.0337     0.0750    7   6   6   5 N000585 3525 8096
 1629.7355  3801.6561    -9.4448     0.0167     0.0183     0.0185   17  13  16  12 N000586 3759 8102
 2627.1752  3825.3757    -9.2147     0.0254     0.0155     0.0208   12  12  12   9 N000587 5753 8150
  917.2888  3841.6687    -8.7900     0.0435     0.0291     0.0427    5   5   5   5 N000588 2334 8182
 2034.9262  3867.7259   -10.3681     0.0176     0.0190     0.0123   14  11  11  10 N000589 4569 8235
 3376.3678  3871.5103   -10.2613     0.0212     0.0191     0.0165   19  19  19  14 N000590 7252 8242
 3846.2433  3872.2693    -8.9969     0.3950     0.4610     0.7867    5   5   5   5 N000591 8192 8244
 1310.8286  3904.9427   -11.5351     0.0117     0.0106     0.0088   18  15  17  13 N000592 3121 8309
  961.3967  3908.5006    -9.8689     0.0177     0.0139     0.0070   18  15  16  13 N000593 2422 8316
 1786.4893  3908.7508   -10.8962     0.0204     0.0168     0.0124   18  16  17  13 N000594 4072 8317
 1002.7218  3915.0734    -9.8186     0.0255     0.0146     0.0204   19  17  19  14 N000595 2505 8329
 3265.3361  3919.4497    -8.6549     0.0181     0.0425     0.0383    8   6   7   6 N000596 7030 8338
 1338.2412  3948.5599   -12.5398     0.0156     0.0142     0.0082   23  20  22  17 N000597 3176 8396
 1290.6076  3957.1103   -11.3303     0.0139     0.0111     0.1072   19  14  18  14 N000598 3080 8413
 1938.4668  3984.6425   -11.5569     0.0220     0.0158     0.0102   23  21  22  17 N000599 4376 8468
 3642.8304  3990.0421    -9.3147     0.0320     0.0290     0.0250   15  14  14  11 N000600 7785 8480
 1777.9983  4024.9275   -10.5602     0.0111     0.0182     0.0083    8   6   8   6 N000601 4055 8549
 2733.0715  4037.0761    -9.6232     0.0198     0.0184     0.0243   15  12  15  11 N000602 5965 8573
 2369.5090  4113.1040    -8.9787     0.1724     0.1074     0.1865    5   5   5   5 N000603 5238 8725
