     0.000      0.000   0.000      0.000      0.000   0.000   0.0000  0.0000      0.000      0.000    280.265   -150.696     -1.000     -1.000 N000001
     0.000      0.000   0.000      0.000      0.000   0.000   0.0000  0.0000      0.000      0.000    470.268   -127.029     -1.000     -1.000 N000002
     0.000      0.000   0.000      0.000      0.000   0.000   0.0000  0.0000      0.000      0.000    875.277   -123.529     -1.000     -1.000 N000003
     0.000      0.000   0.000      0.000      0.000   0.000   0.0000  0.0000      0.000      0.000    342.736    -48.030    319.863     80.599 N000004
     0.000      0.000   0.000      0.000      0.000   0.000   0.0000  0.0000      0.000      0.000   2326.804    -25.380     -1.000     -1.000 N000005
   724.960     -9.107  -9.907    722.675     93.614  -9.901  -0.0401 -0.1072    735.230     -8.137    735.270     -8.030    722.716     93.717 N000006
  1272.456     -5.974 -10.369   1278.713     61.074 -10.362  -0.0444  0.0264   1282.737     -5.003   1282.782     -5.030   1278.758     61.045 N000007
     0.000      0.000   0.000      0.000      0.000   0.000   0.0000  0.0000      0.000      0.000   2829.813     29.970     -1.000     -1.000 N000008
   764.736     70.919  -8.780    763.194    169.824  -8.773   0.0089 -0.1269    775.005     71.888    774.996     72.015    763.185    169.950 N000009
  2272.979     90.638 -11.104   2279.676     93.150 -11.098  -0.0207  0.1377   2283.279     91.607   2283.299     91.470   2279.696     93.014 N000010
  3387.666     96.282 -13.494   3375.278     32.312 -13.488   0.1664 -0.0100   3397.989     97.251   3397.822     97.261   3375.116     32.331 N000011
   132.908    102.763 -12.925    112.881    244.617 -12.918  -0.0916 -0.1496    143.163    103.733    143.255    103.883    112.975    244.759 N000012
     0.000      0.000   0.000      0.000      0.000   0.000   0.0000  0.0000      0.000      0.000    548.296    111.470    530.945    224.205 N000013
   441.575    138.824 -10.318    431.671    258.838 -10.312   0.0750 -0.1760    451.835    139.794    451.760    139.970    431.593    259.017 N000014
  2368.340    183.367 -12.040   2374.603    177.748 -12.034  -0.1603 -0.1334   2378.638    184.336   2378.799    184.469   2374.763    177.868 N000015
  1833.926    187.411 -10.786   1842.988    214.947 -10.780  -0.0737 -0.0887   1844.214    188.381   1844.288    188.469   1843.062    215.029 N000016
  1619.917    221.191  -9.673   1628.716    261.666  -9.667  -0.0827  0.1683   1630.199    222.160   1630.282    221.992   1628.799    261.496 N000017
  2881.760    221.464 -10.949   2881.216    183.695 -10.943  -0.2111 -0.0360   2892.068    222.433   2892.279    222.469   2881.424    183.717 N000018
  1939.190    290.887 -10.896   1948.379    309.623 -10.890   0.1901 -0.1128   1949.477    291.856   1949.287    291.969   1948.189    309.746 N000019
     0.000      0.000   0.000      0.000      0.000   0.000   0.0000  0.0000      0.000      0.000    698.198    303.344    684.047    403.637 N000020
     0.000      0.000   0.000      0.000      0.000   0.000   0.0000  0.0000      0.000      0.000   1880.284    322.969   1879.351    344.524 N000021
  1466.447    322.313  -8.782   1474.507    370.939  -8.775  -0.0529 -0.1867   1476.723    323.282   1476.776    323.469   1474.560    371.119 N000022
  2178.130    350.882 -11.748   2186.563    353.264 -11.742   0.1300 -0.1183   2188.420    351.850   2188.290    351.969   2186.434    353.388 N000023
  1247.398    353.532 -10.418   1253.383    416.154 -10.412  -0.1022  0.0317   1257.668    354.500   1257.771    354.469   1253.487    416.116 N000024
     0.000      0.000   0.000      0.000      0.000   0.000   0.0000  0.0000      0.000      0.000   3710.320    385.183   3682.058    293.186 N000025
     0.000      0.000   0.000      0.000      0.000   0.000   0.0000  0.0000      0.000      0.000   1508.275    392.468   1506.286    436.926 N000026
     0.000      0.000   0.000      0.000      0.000   0.000   0.0000  0.0000      0.000      0.000   1007.764    399.968    999.743    477.907 N000027
     0.000      0.000   0.000      0.000      0.000   0.000   0.0000  0.0000      0.000      0.000   1092.766    409.468   1086.132    481.494 N000028
     0.000      0.000   0.000      0.000      0.000   0.000   0.0000  0.0000      0.000      0.000   1130.766    415.468   1124.702    484.836 N000029
     0.000      0.000   0.000      0.000      0.000   0.000   0.0000  0.0000      0.000      0.000   1104.865    421.468   1098.396    492.521 N000030
     0.000      0.000   0.000      0.000      0.000   0.000   0.0000  0.0000      0.000      0.000   3141.808    422.501   3127.682    363.327 N000031
  3177.508    447.736 -13.305   3172.947    386.055 -13.299   0.0081  0.1904   3187.816    448.704   3187.808    448.513   3172.938    385.870 N000032
     0.000      0.000   0.000      0.000      0.000   0.000   0.0000  0.0000      0.000      0.000   2478.293    459.968   2474.533    440.813 N000033
     0.000      0.000   0.000      0.000      0.000   0.000   0.0000  0.0000      0.000      0.000    205.912    479.385    175.666    613.504 N000034
     0.000      0.000   0.000      0.000      0.000   0.000   0.0000  0.0000      0.000      0.000   2073.784    485.468   2072.840    491.507 N000035
   166.793    499.540 -12.812    145.542    636.677 -12.806  -0.2073  0.0395    177.037    500.508    177.244    500.468    145.758    636.622 N000036
     0.000      0.000   0.000      0.000      0.000   0.000   0.0000  0.0000      0.000      0.000   2328.088    523.468   2325.893    512.487 N000037
     0.000      0.000   0.000      0.000      0.000   0.000   0.0000  0.0000      0.000      0.000   1591.772    531.468   1590.298    568.263 N000038
  1791.301    555.937 -13.061   1800.921    579.411 -13.055  -0.1993 -0.0626   1801.577    556.905   1801.776    556.968   1801.121    579.459 N000039
     0.000      0.000   0.000      0.000      0.000   0.000   0.0000  0.0000      0.000      0.000   1445.268    561.468   1442.694    607.660 N000040
     0.000      0.000   0.000      0.000      0.000   0.000   0.0000  0.0000      0.000      0.000   2802.796    569.968   2795.549    528.040 N000041
  2406.453    570.693  -8.533   2414.006    554.059  -8.527  -0.1303  0.1927   2416.741    571.660   2416.872    571.468   2414.135    553.862 N000042
     0.000      0.000   0.000      0.000      0.000   0.000   0.0000  0.0000      0.000      0.000   3265.639    580.467   3250.142    509.696 N000043
     0.000      0.000   0.000      0.000      0.000   0.000   0.0000  0.0000      0.000      0.000   1825.076    580.968   1824.475    601.540 N000044
  2732.641    599.416 -10.279   2736.693    561.535 -10.273   0.1406 -0.0842   2742.935    600.383   2742.794    600.467   2736.555    561.626 N000045
    69.452    608.550 -10.140     43.417    752.720 -10.133  -0.0483  0.0498     79.691    609.517     79.739    609.468     43.468    752.667 N000046
     0.000      0.000   0.000      0.000      0.000   0.000   0.0000  0.0000      0.000      0.000   2029.279    615.467   2028.704    622.058 N000047
  2900.227    615.986  -8.887   2901.895    567.238  -8.880   0.1193 -0.0141   2910.524    616.953   2910.404    616.967   2901.778    567.259 N000048
  1143.986    617.065  -9.264   1148.023    683.466  -9.258  -0.0145  0.0653   1154.246    618.033   1154.261    617.967   1148.038    683.400 N000049
  2361.151    627.461 -11.905   2369.261    612.613 -11.899   0.1511 -0.0386   2371.437    628.429   2371.286    628.467   2369.111    612.660 N000050
     0.000      0.000   0.000      0.000      0.000   0.000   0.0000  0.0000      0.000      0.000   2152.280    651.967   2151.430    649.900 N000051
  1650.040    666.833 -11.129   1659.162    698.070 -11.123   0.0401 -0.1666   1660.310    667.801   1660.270    667.967   1659.122    698.237 N000052
     0.000      0.000   0.000      0.000      0.000   0.000   0.0000  0.0000      0.000      0.000   1469.266    669.167   1466.758    712.366 N000053
     0.000      0.000   0.000      0.000      0.000   0.000   0.0000  0.0000      0.000      0.000    407.306    670.905    382.797    789.506 N000054
  2584.565    677.296 -10.999   2590.788    647.173 -10.993   0.0646 -0.2043   2594.854    678.263   2594.789    678.467   2590.725    647.377 N000055
  3247.587    678.588 -12.378   3243.292    606.830 -12.372   0.0866  0.0878   3257.889    679.555   3257.803    679.467   3243.206    606.750 N000056
  1468.077    695.659 -10.120   1475.871    738.878 -10.114   0.0767  0.1594   1478.342    696.627   1478.265    696.467   1475.794    738.726 N000057
  4070.219    713.588 -11.491   4044.708    591.309 -11.485   0.2186  0.0881   4080.537    714.555   4080.319    714.467   4044.496    591.236 N000058
     0.000      0.000   0.000      0.000      0.000   0.000   0.0000  0.0000      0.000      0.000    595.746    729.967    576.687    834.463 N000059
     0.000      0.000   0.000      0.000      0.000   0.000   0.0000  0.0000      0.000      0.000   1782.671    731.867   1782.013    753.037 N000060
  2832.670    736.032 -10.531   2836.015    688.941 -10.525   0.1696  0.0320   2842.962    736.999   2842.792    736.967   2835.847    688.920 N000061
  1304.333    742.748  -8.420   1310.262    796.752  -8.414  -0.2670 -0.0521   1314.594    743.715   1314.860    743.767   1310.532    796.785 N000062
     0.000      0.000   0.000      0.000      0.000   0.000   0.0000  0.0000      0.000      0.000   3801.312    744.467   3774.044    637.054 N000063
     0.000      0.000   0.000      0.000      0.000   0.000   0.0000  0.0000      0.000      0.000   2530.598    745.404   2527.452    717.139 N000064
  3816.843    751.931  -9.368   3799.241    643.714  -9.362  -0.1574 -0.0687   3827.155    752.898   3827.312    752.967   3799.394    643.771 N000065
  1728.619    757.649  -9.170   1738.061    782.379  -9.164   0.1195  0.1485   1738.888    758.615   1738.769    758.467   1737.941    782.240 N000066
  3282.136    779.962  -9.619   3277.851    703.713  -9.613   0.1360 -0.0383   3292.436    780.928   3292.300    780.967   3277.718    703.759 N000067
  1326.801    782.471  -9.395   1332.893    834.527  -9.388  -0.1985 -0.0287   1337.061    783.438   1337.260    783.467   1333.094    834.542 N000068
   498.527    783.957 -10.639    486.698    895.677 -10.633   0.0268 -0.0433    508.769    784.924    508.743    784.967    486.670    895.722 N000069
     0.000      0.000   0.000      0.000      0.000   0.000   0.0000  0.0000      0.000      0.000   1523.763    789.467   1521.529    827.546 N000070
  1617.298    788.858  -8.699   1626.107    820.771  -8.693  -0.2019 -0.1416   1627.564    789.825   1627.766    789.967   1626.310    820.897 N000071
   937.605    793.539 -10.402    937.186    873.067 -10.396   0.1049  0.0393    947.856    794.506    947.751    794.467    937.079    873.036 N000072
  2845.633    800.264  -8.589   2849.112    751.047  -8.582   0.2166  0.0971   2855.924    801.230   2855.707    801.133   2848.898    750.966 N000073
  1204.573    806.594 -12.018   1208.908    867.010 -12.012   0.0729  0.0936   1214.829    807.560   1214.757    807.467   1208.835    866.922 N000074
  2075.601    813.629  -8.498   2085.469    814.286  -8.491   0.1013  0.1286   2085.876    814.595   2085.774    814.467   2085.368    814.166 N000075
  2203.979    816.873  -8.863   2213.480    808.965  -8.857  -0.0211 -0.1266   2214.256    817.840   2214.277    817.967   2213.501    809.088 N000076
  3008.945    818.780 -10.575   3010.001    758.821 -10.569  -0.0299 -0.1448   3019.239    819.747   3019.269    819.892   3010.031    758.961 N000077
     0.000      0.000   0.000      0.000      0.000   0.000   0.0000  0.0000      0.000      0.000   2117.774    841.966   2117.331    839.131 N000078
   144.202    843.047 -11.156    119.050    981.606 -11.149   0.2015  0.0469    154.435    844.013    154.234    843.967    118.841    981.574 N000079
     0.000      0.000   0.000      0.000      0.000   0.000   0.0000  0.0000      0.000      0.000   1614.764    847.966   1613.131    879.141 N000080
  1555.817    847.361 -10.388   1564.079    882.859 -10.382  -0.1582 -0.1388   1566.079    848.328   1566.238    848.466   1564.238    882.985 N000081
     0.000      0.000   0.000      0.000      0.000   0.000   0.0000  0.0000      0.000      0.000   2192.775    868.935   2192.155    860.712 N000082
     0.000      0.000   0.000      0.000      0.000   0.000   0.0000  0.0000      0.000      0.000   2874.789    873.109   2868.063    820.323 N000083
  2768.834    873.234 -10.360   2773.690    827.538 -10.354  -0.1664  0.2341   2779.121    874.200   2779.287    873.966   2773.853    827.297 N000084
  2553.225    893.584  -8.671   2560.550    861.503  -8.665  -0.0254  0.0001   2563.507    894.550   2563.532    894.550   2560.575    861.501 N000085
     0.000      0.000   0.000      0.000      0.000   0.000   0.0000  0.0000      0.000      0.000   2341.777    903.966   2340.532    885.340 N000086
     0.000      0.000   0.000      0.000      0.000   0.000   0.0000  0.0000      0.000      0.000    401.737    918.341    375.022   1037.024 N000087
  1290.797    919.501  -8.988   1295.959    972.936  -8.982  -0.1363  0.0009   1301.052    920.467   1301.188    920.466   1296.097    972.925 N000088
     0.000      0.000   0.000      0.000      0.000   0.000   0.0000  0.0000      0.000      0.000   2822.286    935.466   2816.566    884.907 N000089
  2391.541    936.931 -13.225   2400.275    914.783 -13.219   0.0408 -0.0690   2401.818    937.897   2401.777    937.966   2400.235    914.854 N000090
     0.000      0.000   0.000      0.000      0.000   0.000   0.0000  0.0000      0.000      0.000    548.739    938.466    526.703   1045.976 N000091
     0.000      0.000   0.000      0.000      0.000   0.000   0.0000  0.0000      0.000      0.000   2159.897    944.966   2159.451    937.877 N000092
     0.000      0.000   0.000      0.000      0.000   0.000   0.0000  0.0000      0.000      0.000   2890.787    948.466   2884.191    893.253 N000093
     0.000      0.000   0.000      0.000      0.000   0.000   0.0000  0.0000      0.000      0.000   1562.260    951.466   1560.002    985.266 N000094
  1807.683    952.821  -9.421   1817.280    969.830  -9.415   0.1469 -0.1791   1817.947    953.787   1817.800    953.966   1817.133    970.017 N000095
  2325.118    956.536 -10.855   2334.283    938.504 -10.849   0.1182  0.0358   2335.394    957.502   2335.275    957.466   2334.166    938.477 N000096
     0.000      0.000   0.000      0.000      0.000   0.000   0.0000  0.0000      0.000      0.000   2179.772    959.466   2179.290    950.849 N000097
     0.000      0.000   0.000      0.000      0.000   0.000   0.0000  0.0000      0.000      0.000   1069.720    965.966   1060.610   1034.782 N000098
     0.000      0.000   0.000      0.000      0.000   0.000   0.0000  0.0000      0.000      0.000   2411.277    970.091   2409.744    945.868 N000099
     0.000      0.000   0.000      0.000      0.000   0.000   0.0000  0.0000      0.000      0.000   1097.249    974.966   1088.611   1041.737 N000100
     0.000      0.000   0.000      0.000      0.000   0.000   0.0000  0.0000      0.000      0.000   2051.269    974.766   2050.991    974.634 N000101
     0.000      0.000   0.000      0.000      0.000   0.000   0.0000  0.0000      0.000      0.000   1964.767    990.516   1964.445    996.086 N000102
  1409.972   1007.827  -9.896   1416.344   1052.152  -9.889  -0.0279 -0.1461   1420.227   1008.793   1420.255   1008.939   1416.372   1052.295 N000103
  2129.917   1017.206 -10.643   2139.836   1011.478 -10.637  -0.0826  0.2061   2140.187   1018.172   2140.270   1017.966   2139.918   1011.269 N000104
  1972.580   1023.090 -10.488   1982.536   1028.012 -10.482   0.0796  0.0901   1982.846   1024.056   1982.766   1023.966   1982.456   1027.928 N000105
   533.133   1023.538 -10.728    520.433   1132.421 -10.722   0.1334  0.0380    543.370   1024.504    543.236   1024.466    520.296   1132.393 N000106
  1799.383   1028.643  -8.791   1808.856   1045.443  -8.785  -0.1174  0.1985   1809.645   1029.609   1809.762   1029.410   1808.974   1045.238 N000107
     0.000      0.000   0.000      0.000      0.000   0.000   0.0000  0.0000      0.000      0.000   3761.303   1030.513   3737.716    918.712 N000108
  2360.192   1044.850 -10.948   2369.315   1023.246 -10.942   0.1918 -0.1495   2370.465   1045.816   2370.274   1045.966   2369.125   1023.406 N000109
  1734.429   1052.091  -9.163   1743.533   1073.198  -9.157  -0.0708  0.0912   1744.690   1053.057   1744.760   1052.966   1743.604   1073.103 N000110
     0.000      0.000   0.000      0.000      0.000   0.000   0.0000  0.0000      0.000      0.000   1836.262   1057.966   1835.545   1071.678 N000111
  3739.596   1057.368 -10.476   3726.851    946.637 -10.470   0.0713 -0.1321   3749.898   1058.333   3749.827   1058.465   3726.783    946.771 N000112
  3082.923   1059.427 -10.176   3084.069    990.129 -10.170  -0.0774 -0.0730   3093.211   1060.392   3093.288   1060.465   3084.145    990.196 N000113
  1396.368   1068.038 -11.407   1402.353   1112.938 -11.401  -0.1325  0.0382   1406.620   1069.004   1406.753   1068.966   1402.487   1112.890 N000114
  2833.819   1072.070 -10.641   2838.675   1018.718 -10.635  -0.1805  0.0703   2844.102   1073.036   2844.283   1072.965   2838.853   1018.637 N000115
     0.000      0.000   0.000      0.000      0.000   0.000   0.0000  0.0000      0.000      0.000   1850.762   1077.965   1850.078   1090.480 N000116
   950.154   1091.261 -11.876    948.255   1168.652 -11.870   0.1538 -0.2393    960.397   1092.226    960.243   1092.465    948.096   1168.902 N000117
     0.000      0.000   0.000      0.000      0.000   0.000   0.0000  0.0000      0.000      0.000   2745.780   1092.465   2741.604   1044.295 N000118
  1511.495   1095.086 -10.574   1518.699   1131.589 -10.568  -0.0053  0.0862   1521.749   1096.052   1521.755   1095.965   1518.705   1131.503 N000119
  1721.833   1099.432 -10.673   1730.764   1121.020 -10.667  -0.1673 -0.0675   1732.091   1100.398   1732.259   1100.465   1730.932   1121.075 N000120
  1213.734   1112.848  -8.926   1216.853   1170.734  -8.920   0.2342 -0.0890   1223.982   1113.814   1223.748   1113.903   1216.614   1170.840 N000121
     0.000      0.000   0.000      0.000      0.000   0.000   0.0000  0.0000      0.000      0.000   2274.270   1113.965   2273.638   1097.019 N000122
     0.000      0.000   0.000      0.000      0.000   0.000   0.0000  0.0000      0.000      0.000   1175.747   1120.540   1167.754   1180.970 N000123
     0.000      0.000   0.000      0.000      0.000   0.000   0.0000  0.0000      0.000      0.000   2224.368   1123.365   2223.893   1109.703 N000124
   455.381   1130.195 -10.926    439.094   1245.270 -10.920  -0.1185  0.1950    465.613   1131.160    465.732   1130.965    439.219   1245.065 N000125
     0.000      0.000   0.000      0.000      0.000   0.000   0.0000  0.0000      0.000      0.000   1388.750   1149.465   1383.922   1194.252 N000126
  2630.448   1168.143 -12.867   2637.843   1126.804 -12.861  -0.0517  0.1427   2640.724   1169.108   2640.776   1168.965   2637.894   1126.660 N000127
     0.000      0.000   0.000      0.000      0.000   0.000   0.0000  0.0000      0.000      0.000    199.725   1182.965    162.490   1318.362 N000128
  1485.498   1197.686 -10.281   1492.039   1235.464 -10.275  -0.0020  0.1593   1495.749   1198.651   1495.751   1198.491   1492.042   1235.305 N000129
     0.000      0.000   0.000      0.000      0.000   0.000   0.0000  0.0000      0.000      0.000   1024.718   1212.942   1013.164   1284.399 N000130
     0.000      0.000   0.000      0.000      0.000   0.000   0.0000  0.0000      0.000      0.000    782.664   1213.036    765.189   1302.854 N000131
     0.000      0.000   0.000      0.000      0.000   0.000   0.0000  0.0000      0.000      0.000   2039.262   1213.465   2038.892   1211.639 N000132
  3113.029   1219.700 -14.092   3114.503   1145.765 -14.086   0.0294 -0.1121   3123.313   1220.665   3123.284   1220.777   3114.475   1145.877 N000133
  1083.747   1226.667 -11.194   1083.786   1293.883 -11.187   0.2244  0.1674   1093.989   1227.632   1093.765   1227.465   1083.558   1293.733 N000134
  1361.274   1228.627  -8.914   1366.083   1275.305  -8.908  -0.0591  0.1266   1371.522   1229.591   1371.581   1229.465   1366.143   1275.175 N000135
     0.000      0.000   0.000      0.000      0.000   0.000   0.0000  0.0000      0.000      0.000   1447.249   1229.965   1442.828   1270.155 N000136
     0.000      0.000   0.000      0.000      0.000   0.000   0.0000  0.0000      0.000      0.000   2264.337   1234.893   2263.799   1217.296 N000137
  2133.135   1238.167 -12.772   2143.051   1229.838 -12.766   0.1352  0.1666   2143.398   1239.131   2143.263   1238.965   2142.916   1229.682 N000138
  1472.517   1244.456  -8.841   1478.711   1282.967  -8.835   0.0167 -0.0439   1482.766   1245.421   1482.749   1245.465   1478.694   1283.012 N000139
     0.000      0.000   0.000      0.000      0.000   0.000   0.0000  0.0000      0.000      0.000   1573.751   1253.965   1570.671   1284.881 N000140
     0.000      0.000   0.000      0.000      0.000   0.000   0.0000  0.0000      0.000      0.000   1891.358   1254.465   1890.535   1262.684 N000141
     0.000      0.000   0.000      0.000      0.000   0.000   0.0000  0.0000      0.000      0.000   1793.455   1255.465   1792.145   1270.619 N000142
  2117.451   1260.425  -9.207   2127.357   1252.988  -9.201  -0.0487 -0.0412   2127.714   1261.390   2127.762   1261.431   2127.406   1253.025 N000143
     0.000      0.000   0.000      0.000      0.000   0.000   0.0000  0.0000      0.000      0.000   1514.386   1268.874   1510.606   1304.027 N000144
  2436.570   1269.995 -10.353   2445.571   1240.502 -10.347   0.0698 -0.0049   2446.838   1270.960   2446.769   1270.965   2445.501   1240.512 N000145
     0.000      0.000   0.000      0.000      0.000   0.000   0.0000  0.0000      0.000      0.000   1942.258   1272.465   1941.598   1276.962 N000146
     0.000      0.000   0.000      0.000      0.000   0.000   0.0000  0.0000      0.000      0.000   1293.300   1277.465   1286.421   1328.806 N000147
     0.000      0.000   0.000      0.000      0.000   0.000   0.0000  0.0000      0.000      0.000   3637.793   1282.622   3619.270   1173.576 N000148
     0.000      0.000   0.000      0.000      0.000   0.000   0.0000  0.0000      0.000      0.000   1358.746   1289.465   1352.817   1335.943 N000149
     0.000      0.000   0.000      0.000      0.000   0.000   0.0000  0.0000      0.000      0.000   2005.187   1296.393   2004.661   1296.285 N000150
     0.000      0.000   0.000      0.000      0.000   0.000   0.0000  0.0000      0.000      0.000   2799.880   1308.464   2795.787   1253.710 N000151
  1347.575   1308.834  -9.753   1351.770   1356.300  -9.746   0.0752 -0.1659   1357.820   1309.799   1357.745   1309.965   1351.693   1356.471 N000152
  1259.072   1313.886 -11.118   1261.826   1367.912 -11.112   0.0724 -0.1143   1269.315   1314.850   1269.243   1314.964   1261.752   1368.032 N000153
  1455.870   1344.587 -12.734   1461.399   1383.988 -12.728  -0.1299  0.0874   1466.116   1345.552   1466.246   1345.464   1461.531   1383.891 N000154
  3638.649   1344.446 -14.321   3630.621   1234.584 -14.315  -0.0679 -0.0752   3648.941   1345.411   3649.009   1345.486   3630.688   1234.654 N000155
  1954.420   1350.035 -10.974   1963.936   1353.392 -10.968  -0.0800  0.0352   1964.676   1351.000   1964.756   1350.964   1964.016   1353.351 N000156
     0.000      0.000   0.000      0.000      0.000   0.000   0.0000  0.0000      0.000      0.000   2598.769   1352.714   2596.635   1311.035 N000157
     0.000      0.000   0.000      0.000      0.000   0.000   0.0000  0.0000      0.000      0.000   1472.846   1356.264   1468.160   1394.180 N000158
     0.000      0.000   0.000      0.000      0.000   0.000   0.0000  0.0000      0.000      0.000   1739.251   1357.964   1737.275   1376.453 N000159
  1370.744   1357.868 -11.848   1375.022   1403.531 -11.842   0.1194 -0.1319   1380.988   1358.832   1380.869   1358.964   1374.900   1403.671 N000160
     0.000      0.000   0.000      0.000      0.000   0.000   0.0000  0.0000      0.000      0.000   3982.798   1361.964   3956.272   1229.791 N000161
  1747.060   1368.003 -11.116   1755.428   1386.105 -11.110   0.0600  0.0029   1757.312   1368.967   1757.252   1368.964   1755.368   1386.106 N000162
     0.000      0.000   0.000      0.000      0.000   0.000   0.0000  0.0000      0.000      0.000   2210.761   1368.964   2210.295   1353.900 N000163
     0.000      0.000   0.000      0.000      0.000   0.000   0.0000  0.0000      0.000      0.000   2519.267   1370.339   2517.696   1333.913 N000164
  2192.686   1374.693 -10.957   2202.484   1361.091 -10.950   0.1860  0.1933   2202.947   1375.657   2202.761   1375.464   2202.298   1360.912 N000165
     0.000      0.000   0.000      0.000      0.000   0.000   0.0000  0.0000      0.000      0.000   2953.276   1379.853   2947.603   1313.948 N000166
     0.000      0.000   0.000      0.000      0.000   0.000   0.0000  0.0000      0.000      0.000   1414.244   1388.464   1408.595   1430.651 N000167
  1002.099   1388.046 -10.442    999.168   1461.530 -10.436   0.1306  0.0458   1012.335   1389.010   1012.204   1388.964    999.035   1461.494 N000168
  3367.956   1391.514  -8.772   3365.881   1298.362  -8.766   0.0274  0.0138   3378.240   1392.478   3378.213   1392.464   3365.854   1298.350 N000169
  2178.281   1402.404  -8.753   2188.062   1389.617  -8.747  -0.2186  0.0042   2188.541   1403.368   2188.759   1403.364   2188.281   1389.597 N000170
  1666.448   1403.203 -11.183   1674.029   1427.017 -11.177  -0.0517  0.2028   1676.697   1404.167   1676.749   1403.964   1674.082   1426.811 N000171
     0.000      0.000   0.000      0.000      0.000   0.000   0.0000  0.0000      0.000      0.000   3376.784   1404.464   3364.523   1310.269 N000172
  1633.762   1412.339  -9.660   1640.997   1438.512  -9.654  -0.1545 -0.1611   1644.010   1413.303   1644.164   1413.464   1641.152   1438.661 N000173
  1150.402   1421.990 -10.043   1150.422   1484.201 -10.037  -0.0976 -0.0097   1160.640   1422.954   1160.738   1422.964   1150.522   1484.203 N000174
     0.000      0.000   0.000      0.000      0.000   0.000   0.0000  0.0000      0.000      0.000   2182.759   1426.089   2182.260   1412.595 N000175
  3240.953   1428.417  -9.304   3241.352   1343.068  -9.297  -0.0472 -0.0831   3251.233   1429.381   3251.281   1429.464   3241.399   1343.147 N000176
     0.000      0.000   0.000      0.000      0.000   0.000   0.0000  0.0000      0.000      0.000   1913.279   1429.938   1912.159   1435.588 N000177
  1397.957   1432.467  -9.348   1402.215   1476.025  -9.342  -0.0433 -0.0040   1408.199   1433.431   1408.242   1433.435   1402.259   1476.026 N000178
     0.000      0.000   0.000      0.000      0.000   0.000   0.0000  0.0000      0.000      0.000    620.226   1436.464    595.675   1539.854 N000179
  2587.944   1456.093  -9.775   2596.234   1414.402  -9.769  -0.0559  0.0927   2598.210   1457.057   2598.266   1456.964   2596.290   1414.306 N000180
  2417.988   1459.646  -8.737   2427.210   1429.685  -8.731  -0.0117  0.1460   2428.251   1460.610   2428.263   1460.464   2427.222   1429.539 N000181
     0.000      0.000   0.000      0.000      0.000   0.000   0.0000  0.0000      0.000      0.000   2131.256   1467.464   2130.688   1457.369 N000182
   919.468   1469.956  -9.709    913.821   1550.095  -9.703  -0.8096  0.3446    929.700   1470.920    930.509   1470.575    914.655   1549.686 N000183
     0.000      0.000   0.000      0.000      0.000   0.000   0.0000  0.0000      0.000      0.000   2909.798   1481.464   2904.984   1417.324 N000184
     0.000      0.000   0.000      0.000      0.000   0.000   0.0000  0.0000      0.000      0.000   1220.437   1485.664   1210.936   1542.459 N000185
  1836.354   1487.316 -12.725   1844.950   1498.527 -12.719  -0.1464 -0.1839   1846.604   1488.280   1846.750   1488.464   1845.097   1498.700 N000186
  1463.701   1490.437  -9.864   1468.560   1529.068  -9.858   0.1672 -0.0629   1473.943   1491.401   1473.775   1491.464   1468.390   1529.143 N000187
  1754.200   1492.417 -10.031   1762.189   1509.593 -10.025   0.2002 -0.0833   1764.448   1493.380   1764.248   1493.464   1761.987   1509.691 N000188
     0.000      0.000   0.000      0.000      0.000   0.000   0.0000  0.0000      0.000      0.000   1540.743   1497.464   1536.195   1530.153 N000189
  1563.973   1501.987  -9.288   1570.043   1533.150  -9.282  -0.0269 -0.0127   1574.217   1502.951   1574.244   1502.964   1570.070   1533.161 N000190
  2124.810   1503.680 -10.578   2134.447   1494.087 -10.572  -0.1624  0.1803   2135.065   1504.644   2135.228   1504.464   2134.610   1493.896 N000191
  1161.255   1507.467  -9.051   1160.855   1569.021  -9.045   0.1189 -0.0331   1171.491   1508.431   1171.372   1508.464   1160.733   1569.063 N000192
     0.000      0.000   0.000      0.000      0.000   0.000   0.0000  0.0000      0.000      0.000   2273.341   1513.047   2272.704   1492.638 N000193
  1399.508   1535.285 -11.686   1403.167   1578.752 -11.680   0.0085 -0.2155   1409.748   1536.248   1409.739   1536.464   1403.157   1578.968 N000194
  2175.728   1535.543 -10.290   2185.355   1522.169 -10.283   0.1451  0.0429   2185.984   1536.506   2185.839   1536.463   2185.210   1522.136 N000195
     0.000      0.000   0.000      0.000      0.000   0.000   0.0000  0.0000      0.000      0.000   2242.230   1537.884   2241.593   1519.543 N000196
  4004.628   1538.902 -12.301   3989.146   1402.663 -12.295   0.1277 -0.0984   4014.921   1539.865   4014.793   1539.963   3989.023   1402.768 N000197
     0.000      0.000   0.000      0.000      0.000   0.000   0.0000  0.0000      0.000      0.000    931.563   1541.380    915.072   1620.744 N000198
  2332.760   1544.874 -10.949   2342.236   1520.322 -10.942  -0.0929 -0.1259   2343.019   1545.838   2343.112   1545.963   2342.328   1520.441 N000199
     0.000      0.000   0.000      0.000      0.000   0.000   0.0000  0.0000      0.000      0.000    496.720   1547.964    466.542   1662.228 N000200
     0.000      0.000   0.000      0.000      0.000   0.000   0.0000  0.0000      0.000      0.000   1858.748   1562.035   1856.933   1571.212 N000201
     0.000      0.000   0.000      0.000      0.000   0.000   0.0000  0.0000      0.000      0.000   1684.244   1564.463   1680.972   1586.470 N000202
     0.000      0.000   0.000      0.000      0.000   0.000   0.0000  0.0000      0.000      0.000   1895.749   1565.463   1894.145   1571.934 N000203
     0.000      0.000   0.000      0.000      0.000   0.000   0.0000  0.0000      0.000      0.000   3064.272   1578.963   3057.853   1503.383 N000204
  1830.501   1585.662 -10.446   1838.720   1597.078 -10.439   0.0008  0.1620   1840.748   1586.625   1840.747   1586.463   1838.720   1596.916 N000205
     0.000      0.000   0.000      0.000      0.000   0.000   0.0000  0.0000      0.000      0.000   2032.251   1586.963   2031.221   1583.465 N000206
   595.695   1597.758  -9.532    578.980   1704.569  -9.526   0.1955 -0.1270    605.917   1598.721    605.721   1598.848    578.776   1704.713 N000207
     0.000      0.000   0.000      0.000      0.000   0.000   0.0000  0.0000      0.000      0.000   1261.735   1599.463   1252.174   1653.392 N000208
  1845.637   1606.402  -9.805   1853.888   1616.676  -9.799   0.1372 -0.0976   1855.884   1607.366   1855.747   1607.463   1853.750   1616.784 N000209
     0.000      0.000   0.000      0.000      0.000   0.000   0.0000  0.0000      0.000      0.000   1687.243   1607.963   1683.801   1629.734 N000210
  1394.952   1608.137  -9.375   1398.065   1652.071  -9.369  -0.0476 -0.3296   1405.190   1609.100   1405.237   1609.430   1398.111   1652.398 N000211
  1714.142   1611.813 -11.221   1721.292   1631.789 -11.215   0.1151 -0.1874   1724.385   1612.776   1724.270   1612.963   1721.175   1631.985 N000212
     0.000      0.000   0.000      0.000      0.000   0.000   0.0000  0.0000      0.000      0.000   2043.250   1628.463   2042.154   1624.053 N000213
  2210.613   1639.063  -9.576   2220.094   1622.760  -9.570   0.1125  0.0626   2220.866   1640.026   2220.753   1639.963   2219.981   1622.706 N000214
  2771.190   1651.463 -10.884   2778.333   1595.566 -10.878   0.1540 -0.0373   2781.454   1652.426   2781.300   1652.463   2778.180   1595.614 N000215
  1060.540   1653.142  -9.862   1056.675   1723.159  -9.856   0.0403  0.1424   1070.769   1654.105   1070.729   1653.963   1056.635   1723.019 N000216
  1932.733   1653.030 -11.511   1941.357   1656.848 -11.505   0.2327  0.0303   1942.980   1653.993   1942.747   1653.963   1941.123   1656.835 N000217
  2410.290   1653.340 -10.238   2419.509   1622.742 -10.232  -0.1817 -0.1324   2420.547   1654.303   2420.729   1654.435   2419.690   1622.861 N000218
     0.000      0.000   0.000      0.000      0.000   0.000   0.0000  0.0000      0.000      0.000   1208.731   1669.463   1197.558   1727.791 N000219
  1273.872   1668.536  -9.387   1274.420   1721.968  -9.381  -0.1275  0.0355   1284.105   1669.499   1284.233   1669.463   1274.550   1721.922 N000220
  1215.640   1672.508 -12.466   1215.011   1730.483 -12.459   0.1398  0.0080   1225.871   1673.471   1225.732   1673.463   1214.869   1730.486 N000221
     0.000      0.000   0.000      0.000      0.000   0.000   0.0000  0.0000      0.000      0.000   2400.193   1674.682   2399.195   1644.477 N000222
  2110.107   1692.701  -9.447   2119.333   1683.495  -9.441  -0.6929 -0.5994   2120.357   1693.663   2121.050   1694.263   2120.027   1684.043 N000223
     0.000      0.000   0.000      0.000      0.000   0.000   0.0000  0.0000      0.000      0.000   2518.758   1696.004   2517.349   1657.290 N000224
     0.000      0.000   0.000      0.000      0.000   0.000   0.0000  0.0000      0.000      0.000    175.709   1696.496    130.055   1839.520 N000225
  3356.322   1697.683 -10.619   3356.082   1601.548 -10.612  -0.2022  0.1589   3366.597   1698.645   3366.799   1698.486   3356.280   1601.377 N000226
     0.000      0.000   0.000      0.000      0.000   0.000   0.0000  0.0000      0.000      0.000   1273.815   1705.963   1263.641   1759.402 N000227
  2072.757   1707.164 -10.072   2081.836   1700.650 -10.066  -0.0179  0.1638   2083.005   1708.127   2083.023   1707.963   2081.854   1700.485 N000228
     0.000      0.000   0.000      0.000      0.000   0.000   0.0000  0.0000      0.000      0.000   1688.740   1716.863   1684.777   1738.611 N000229
     0.000      0.000   0.000      0.000      0.000   0.000   0.0000  0.0000      0.000      0.000   1526.236   1729.463   1520.159   1763.550 N000230
  2963.144   1729.038  -9.980   2968.555   1659.333  -9.974   0.1440  0.0383   2973.410   1730.001   2973.266   1729.963   2968.412   1659.305 N000231
  2320.438   1730.643  -8.944   2329.759   1706.159  -8.938  -0.0624  0.1434   2330.690   1731.606   2330.753   1731.463   2329.821   1706.012 N000232
     0.000      0.000   0.000      0.000      0.000   0.000   0.0000  0.0000      0.000      0.000   3713.781   1746.062   3696.823   1625.497 N000233
  2118.865   1765.253  -9.391   2127.936   1755.285  -9.384  -0.1346  0.0532   2129.113   1766.216   2129.248   1766.162   2128.071   1755.222 N000234
  1931.145   1767.349 -10.582   1939.342   1771.215 -10.576   0.1452 -0.1512   1941.389   1768.311   1941.244   1768.463   1939.195   1771.377 N000235
     0.000      0.000   0.000      0.000      0.000   0.000   0.0000  0.0000      0.000      0.000   2258.750   1771.962   2257.778   1751.597 N000236
  1415.766   1773.248 -10.324   1418.046   1816.181 -10.318   0.0014  0.0718   1425.999   1774.211   1425.998   1774.139   1418.045   1816.109 N000237
  1996.246   1773.876 -10.968   2004.792   1772.918 -10.962   0.2214 -0.1239   2006.491   1774.839   2006.270   1774.962   2004.569   1773.058 N000238
  1544.829   1777.999  -9.041   1549.073   1811.024  -9.035  -0.0803 -0.0466   1555.064   1778.961   1555.144   1779.008   1549.154   1811.065 N000239
  1533.050   1785.219 -10.454   1537.083   1819.175 -10.448   0.0504  0.2189   1543.285   1786.181   1543.235   1785.962   1537.033   1818.959 N000240
     0.000      0.000   0.000      0.000      0.000   0.000   0.0000  0.0000      0.000      0.000   1654.737   1787.229   1650.002   1811.718 N000241
  1957.958   1791.803  -9.919   1966.219   1793.686  -9.912  -0.0420 -0.1965   1968.202   1792.766   1968.244   1792.962   1966.261   1793.880 N000242
     0.000      0.000   0.000      0.000      0.000   0.000   0.0000  0.0000      0.000      0.000   1463.626   1795.962   1456.138   1835.132 N000243
     0.000      0.000   0.000      0.000      0.000   0.000   0.0000  0.0000      0.000      0.000   1415.732   1800.462   1407.410   1843.365 N000244
     0.000      0.000   0.000      0.000      0.000   0.000   0.0000  0.0000      0.000      0.000   1188.727   1806.424   1175.904   1867.183 N000245
     0.000      0.000   0.000      0.000      0.000   0.000   0.0000  0.0000      0.000      0.000   2955.264   1807.462   2950.783   1737.558 N000246
     0.000      0.000   0.000      0.000      0.000   0.000   0.0000  0.0000      0.000      0.000   2049.745   1809.462   2048.136   1804.344 N000247
     0.000      0.000   0.000      0.000      0.000   0.000   0.0000  0.0000      0.000      0.000   1274.562   1809.962   1263.519   1863.962 N000248
   762.181   1811.717 -10.369    748.296   1907.155 -10.363   0.1807  0.1643    772.399   1812.679    772.218   1812.515    748.112   1907.004 N000249
  2449.619   1813.015  -9.884   2458.615   1779.042  -9.878   0.1187  0.0147   2459.872   1813.977   2459.753   1813.962   2458.497   1779.036 N000250
     0.000      0.000   0.000      0.000      0.000   0.000   0.0000  0.0000      0.000      0.000   2099.246   1817.319   2097.821   1808.548 N000251
  1859.738   1816.828  -8.971   1867.210   1826.082  -8.964   0.2382 -0.1723   1869.979   1817.790   1869.741   1817.962   1866.969   1826.272 N000252
  1274.964   1822.394  -9.732   1274.243   1876.612  -9.725  -0.0359 -0.1059   1285.193   1823.356   1285.229   1823.462   1274.279   1876.716 N000253
     0.000      0.000   0.000      0.000      0.000   0.000   0.0000  0.0000      0.000      0.000   1988.326   1823.129   1986.349   1822.572 N000254
     0.000      0.000   0.000      0.000      0.000   0.000   0.0000  0.0000      0.000      0.000   1203.227   1824.462   1190.554   1884.210 N000255
     0.000      0.000   0.000      0.000      0.000   0.000   0.0000  0.0000      0.000      0.000   2363.751   1824.371   2362.668   1796.325 N000256
  2768.617   1823.730  -8.994   2776.003   1767.037  -8.987   0.1173  0.2298   2778.877   1824.692   2778.759   1824.462   2775.886   1766.816 N000257
     0.000      0.000   0.000      0.000      0.000   0.000   0.0000  0.0000      0.000      0.000   2283.249   1826.462   2282.194   1804.237 N000258
     0.000      0.000   0.000      0.000      0.000   0.000   0.0000  0.0000      0.000      0.000   1881.169   1826.962   1878.444   1834.429 N000259
     0.000      0.000   0.000      0.000      0.000   0.000   0.0000  0.0000      0.000      0.000   2818.760   1833.462   2815.590   1772.965 N000260
  2151.568   1833.949 -11.537   2160.546   1821.538 -11.531   0.0676 -0.0513   2161.814   1834.911   2161.746   1834.962   2160.478   1821.594 N000261
  1152.241   1836.911  -9.556   1148.747   1900.975  -9.550   0.1572 -0.1720   1162.466   1837.874   1162.309   1838.046   1148.585   1901.161 N000262
     0.000      0.000   0.000      0.000      0.000   0.000   0.0000  0.0000      0.000      0.000   1476.232   1839.025   1468.633   1877.447 N000263
  3810.245   1846.933 -11.065   3801.938   1719.268 -11.059   0.0547 -0.0674   3820.525   1847.895   3820.471   1847.962   3801.885   1719.338 N000264
     0.000      0.000   0.000      0.000      0.000   0.000   0.0000  0.0000      0.000      0.000   1504.732   1848.962   1497.516   1885.229 N000265
     0.000      0.000   0.000      0.000      0.000   0.000   0.0000  0.0000      0.000      0.000   3003.263   1849.581   2998.365   1776.112 N000266
     0.000      0.000   0.000      0.000      0.000   0.000   0.0000  0.0000      0.000      0.000   1051.223   1853.462   1034.654   1925.633 N000267
  1016.395   1855.463 -10.986   1009.375   1930.614 -10.980  -0.1052 -0.0373   1026.617   1856.425   1026.722   1856.462   1009.482   1930.643 N000268
  2242.430   1862.649 -11.441   2251.523   1843.582 -11.435  -0.0696  0.1485   2252.678   1863.611   2252.747   1863.462   2251.593   1843.428 N000269
  1761.518   1864.325 -10.860   1767.860   1881.126 -10.854   0.0183 -0.1359   1771.756   1865.288   1771.737   1865.424   1767.841   1881.264 N000270
   272.572   1873.355 -10.034    239.044   2011.061 -10.027   0.0721 -0.1451    282.778   1874.317    282.706   1874.462    238.966   2011.215 N000271
  2148.634   1873.054 -14.190   2157.501   1860.866 -14.184   0.1340  0.0323   2158.879   1874.016   2158.745   1873.984   2157.367   1860.843 N000272
  1208.755   1876.783  -9.793   1206.139   1936.676  -9.786  -0.2096 -0.0742   1218.980   1877.745   1219.190   1877.819   1206.352   1936.734 N000273
     0.000      0.000   0.000      0.000      0.000   0.000   0.0000  0.0000      0.000      0.000   2290.748   1879.962   2289.593   1857.152 N000274
  2585.698   1882.629 -13.209   2594.174   1838.738 -13.203   0.1978  0.1289   2595.952   1883.591   2595.754   1883.462   2593.977   1838.623 N000275
     0.000      0.000   0.000      0.000      0.000   0.000   0.0000  0.0000      0.000      0.000   1641.684   1888.012   1636.168   1913.898 N000276
  1370.735   1888.120 -10.071   1371.312   1935.269 -10.065   0.1991  0.1196   1380.964   1889.082   1380.764   1888.962   1371.110   1935.164 N000277
  2720.498   1890.644  -9.528   2728.262   1837.115  -9.522   0.0289  0.1436   2730.754   1891.605   2730.725   1891.462   2728.233   1836.974 N000278
  1071.521   1896.438 -10.050   1065.478   1967.543 -10.043   0.0211 -0.0625   1081.743   1897.400   1081.722   1897.462   1065.456   1967.608 N000279
   953.317   1899.426  -9.827    944.086   1980.180  -9.821  -0.1113 -0.0738    963.537   1900.388    963.648   1900.462    944.200   1980.246 N000280
     0.000      0.000   0.000      0.000      0.000   0.000   0.0000  0.0000      0.000      0.000   1798.237   1903.962   1794.394   1917.922 N000281
  2476.294   1903.914 -11.638   2485.134   1867.857 -11.631  -0.2059 -0.0855   2486.545   1904.876   2486.751   1904.962   2485.340   1867.928 N000282
  1733.318   1907.502 -11.337   1739.118   1926.619 -11.331  -0.1825  0.0017   1743.553   1908.464   1743.736   1908.462   1739.302   1926.603 N000283
  1281.383   1916.430  -8.951   1279.941   1970.876  -8.945  -0.0173 -0.0701   1291.609   1917.392   1291.626   1917.462   1279.958   1970.945 N000284
   965.400   1925.655 -11.270    956.199   2005.722 -11.264  -0.1003  0.0926    975.619   1926.617    975.719   1926.524    956.303   2005.620 N000285
     0.000      0.000   0.000      0.000      0.000   0.000   0.0000  0.0000      0.000      0.000    498.709   1929.462     -1.000     -1.000 N000286
  2662.061   1934.273  -9.174   2670.164   1884.812  -9.168   0.0607 -0.1552   2672.315   1935.235   2672.254   1935.390   2670.103   1884.971 N000287
     0.000      0.000   0.000      0.000      0.000   0.000   0.0000  0.0000      0.000      0.000   2635.336   1937.962   2633.364   1890.186 N000288
     0.000      0.000   0.000      0.000      0.000   0.000   0.0000  0.0000      0.000      0.000   2730.255   1938.462   2727.779   1883.891 N000289
     0.000      0.000   0.000      0.000      0.000   0.000   0.0000  0.0000      0.000      0.000   2295.496   1945.024   2294.206   1921.885 N000290
  2451.796   1954.350 -11.046   2460.626   1920.028 -11.040  -0.2041 -0.1503   2462.045   1955.311   2462.249   1955.462   2460.830   1920.163 N000291
  2648.108   1955.024 -10.433   2656.271   1906.531 -10.427   0.1080  0.0244   2658.361   1955.986   2658.253   1955.962   2656.163   1906.514 N000292
     0.000      0.000   0.000      0.000      0.000   0.000   0.0000  0.0000      0.000      0.000   3192.764   1957.462   3185.879   1870.326 N000293
  1401.824   1961.686 -11.861   1402.349   2006.958 -11.855  -0.1759  0.1859   1412.051   1962.648   1412.227   1962.462   1402.530   2006.757 N000294
     0.000      0.000   0.000      0.000      0.000   0.000   0.0000  0.0000      0.000      0.000   3872.478   1962.462   3853.565   1829.375 N000295
     0.000      0.000   0.000      0.000      0.000   0.000   0.0000  0.0000      0.000      0.000    533.209   1964.462     -1.000     -1.000 N000296
  2103.833   1963.616 -11.549   2112.222   1954.899 -11.543  -0.1666  0.1162   2114.075   1964.578   2114.242   1964.462   2112.390   1954.770 N000297
  1120.439   1966.084 -10.485   1114.860   2033.963 -10.479  -0.0607  0.0837   1130.661   1967.045   1130.721   1966.962   1114.923   2033.873 N000298
     0.000      0.000   0.000      0.000      0.000   0.000   0.0000  0.0000      0.000      0.000   2457.248   1974.462   2455.811   1939.529 N000299
     0.000      0.000   0.000      0.000      0.000   0.000   0.0000  0.0000      0.000      0.000    593.710   1981.462     -1.000     -1.000 N000300
     0.000      0.000   0.000      0.000      0.000   0.000   0.0000  0.0000      0.000      0.000   2885.057   1980.762   2881.499   1915.098 N000301
     0.000      0.000   0.000      0.000      0.000   0.000   0.0000  0.0000      0.000      0.000   2560.850   1999.961   2559.120   1957.511 N000302
  2820.415   2004.946  -9.343   2827.558   1944.058  -9.336  -0.0850 -0.0536   2830.670   2005.908   2830.755   2005.961   2827.642   1944.105 N000303
   167.980   2007.864 -13.376    131.834   2105.685 -13.369  -0.0199 -0.1360    178.180   2008.826    178.200   2008.962    131.853   2105.822 N000304
     0.000      0.000   0.000      0.000      0.000   0.000   0.0000  0.0000      0.000      0.000   1403.175   2012.462     -1.000     -1.000 N000305
  2010.398   2014.433 -10.980   2018.046   2012.914 -10.974  -0.1016 -0.0668   2020.637   2015.395   2020.738   2015.461   2018.148   2012.974 N000306
     0.000      0.000   0.000      0.000      0.000   0.000   0.0000  0.0000      0.000      0.000   3163.962   2022.361   3157.622   1936.973 N000307
     0.000      0.000   0.000      0.000      0.000   0.000   0.0000  0.0000      0.000      0.000   2472.247   2030.961   2470.696   1994.976 N000308
     0.000      0.000   0.000      0.000      0.000   0.000   0.0000  0.0000      0.000      0.000   2385.245   2031.911   2383.781   2002.301 N000309
     0.000      0.000   0.000      0.000      0.000   0.000   0.0000  0.0000      0.000      0.000   3065.759   2046.961   3060.592   1968.384 N000310
  2157.668   2048.000  -9.090   2165.977   2035.530  -9.084   0.1680  0.0001   2167.908   2048.961   2167.740   2048.961   2165.808   2035.543 N000311
  2354.079   2056.250 -12.349   2362.805   2029.194 -12.342   0.0792  0.1879   2364.323   2057.212   2364.244   2057.024   2362.726   2029.011 N000312
  2557.725   2060.297  -9.277   2566.155   2018.325  -9.270   0.1534 -0.0598   2567.973   2061.259   2567.820   2061.318   2566.001   2018.396 N000313
  3119.624   2072.342 -11.576   3124.064   1990.161 -11.570   0.1241 -0.1579   3129.884   2073.303   3129.759   2073.461   3123.941   1990.327 N000314
     0.000      0.000   0.000      0.000      0.000   0.000   0.0000  0.0000      0.000      0.000   2537.747   2093.961     -1.000     -1.000 N000315
  1732.906   2095.064 -11.719   1741.194   2062.975 -11.713  -0.0940  0.0643   1743.136   2096.025   1743.230   2095.961   1741.289   2062.903 N000316
  1604.742   2100.765  -9.452   1611.407   2078.755  -9.446   0.1306 -0.2346   1614.969   2101.727   1614.838   2101.961   1611.273   2079.002 N000317
  1967.798   2121.557 -11.027   1978.123   2071.479 -11.021  -0.2016  0.0566   1978.033   2122.518   1978.234   2122.461   1978.326   2071.407 N000318
  1368.434   2125.859 -10.536   1370.959   2122.973 -10.530  -0.0658 -0.1412   1378.656   2126.820   1378.722   2126.961   1371.025   2123.110 N000319
   811.448   2130.294 -11.934    799.487   2173.899 -11.928  -0.0519 -0.2057    821.658   2131.255    821.710   2131.461    799.538   2174.103 N000320
  1447.229   2138.998  -9.837   1451.136   2129.864  -9.831   0.1138 -0.0017   1457.452   2139.959   1457.338   2139.961   1451.020   2129.874 N000321
  1942.086   2139.391  -9.597   1952.161   2091.374  -9.590   0.0861 -0.0466   1952.319   2140.352   1952.233   2140.398   1952.074   2091.427 N000322
  2323.988   2141.167  -9.466   2335.720   2064.218  -9.460  -0.0122  0.1253   2334.229   2142.128   2334.241   2142.003   2335.732   2064.092 N000323
  1969.469   2154.107  -9.868   1979.695   2104.067  -9.861  -0.0308  0.1065   1979.703   2155.067   1979.733   2154.961   1979.726   2103.957 N000324
  2225.354   2155.908 -11.235   2236.893   2086.401 -11.229  -0.1199 -0.0919   2235.592   2156.869   2235.712   2156.961   2237.013   2086.484 N000325
   509.048   2157.391 -11.706    485.697   2227.745 -11.699   0.0481 -0.1087    519.251   2158.352    519.203   2158.461    485.645   2227.860 N000326
  2086.310   2159.363 -10.329   2097.269   2100.413 -10.323  -0.1901 -0.1371   2096.545   2160.324   2096.736   2160.461   2097.460   2100.536 N000327
  2050.540   2164.417 -12.762   2061.282   2108.222 -12.756  -0.4366 -0.0829   2060.774   2165.378   2061.211   2165.461   2061.721   2108.272 N000328
  2163.638   2166.211 -11.991   2174.948   2101.410 -11.985   0.1376  0.2108   2173.875   2167.172   2173.737   2166.961   2174.810   2101.209 N000329
  1638.335   2175.104 -11.034   1645.018   2151.016 -11.027  -0.1653  0.1041   1648.561   2176.065   1648.726   2175.961   1645.187   2150.898 N000330
  1728.570   2174.984 -10.607   1736.404   2143.780 -10.600   0.0702 -0.0160   1738.798   2175.945   1738.728   2175.961   1736.333   2143.802 N000331
  2448.911   2179.044 -11.475   2460.577   2092.871 -11.469  -0.0887  0.0437   2459.154   2180.004   2459.242   2179.961   2460.665   2092.820 N000332
  2248.205   2182.020  -9.612   2259.760   2110.880  -9.606   0.2046  0.0195   2258.443   2182.980   2258.238   2182.961   2259.555   2110.876 N000333
     0.000      0.000   0.000      0.000      0.000   0.000   0.0000  0.0000      0.000      0.000   1773.702   2185.987   1771.652   2151.161 N000334
  2502.658   2190.899  -9.822   2514.231   2100.761  -9.815   0.1576 -0.1013   2512.901   2191.859   2512.743   2191.961   2514.074   2100.874 N000335
  1449.182   2191.809  -9.920   1452.732   2183.031  -9.914   0.1815 -0.1912   1459.403   2192.770   1459.221   2192.961   1452.546   2183.239 N000336
  1330.163   2198.728  -9.723   1331.320   2199.734  -9.717   0.1634  0.1618   1340.382   2199.689   1340.219   2199.527   1331.155   2199.584 N000337
  1178.179   2200.321  -9.854   1175.889   2213.902  -9.848   0.1794 -0.1795   1188.395   2201.281   1188.216   2201.461   1175.704   2214.099 N000338
  3153.071   2200.436 -11.226   3160.262   2063.156 -11.220   0.0707 -0.0636   3163.327   2201.397   3163.256   2201.461   3160.192   2063.224 N000339
     0.000      0.000   0.000      0.000      0.000   0.000   0.0000  0.0000      0.000      0.000   3581.265   2201.461     -1.000     -1.000 N000340
  1108.132   2206.064 -11.761   1104.031   2225.572 -11.755   0.1324  0.0637   1118.346   2207.024   1118.214   2206.961   1103.896   2225.518 N000341
  1236.272   2216.784 -11.131   1235.198   2225.749 -11.125   0.0341 -0.0493   1246.488   2217.745   1246.454   2217.794   1235.163   2225.802 N000342
  2552.423   2220.858 -11.185   2563.895   2127.089 -11.178  -0.0766 -0.1422   2562.667   2221.818   2562.743   2221.961   2563.972   2127.226 N000343
  1499.251   2237.001  -9.894   1503.347   2224.642  -9.888   0.1629  0.0006   1509.472   2237.961   1509.309   2237.961   1503.181   2224.654 N000344
     0.000      0.000   0.000      0.000      0.000   0.000   0.0000  0.0000      0.000      0.000   3044.253   2241.999   3042.634   2112.163 N000345
  2149.919   2248.622 -10.099   2160.959   2185.270 -10.093  -0.0807  0.1216   2160.154   2249.582   2160.234   2249.460   2161.040   2185.142 N000346
   437.598   2251.691 -11.504    409.930   2330.170 -11.498   0.0977  0.1908    447.797   2252.651    447.699   2252.461    409.831   2329.984 N000347
     0.000      0.000   0.000      0.000      0.000   0.000   0.0000  0.0000      0.000      0.000   3191.505   2258.960   3188.380   2118.577 N000348
  1379.214   2258.420 -10.423   1380.875   2256.102 -10.417   0.2143 -0.0796   1389.432   2259.381   1389.218   2259.460   1380.656   2256.200 N000349
  1305.807   2261.575 -12.372   1305.888   2265.351 -12.366  -0.1934  0.0752   1316.023   2262.536   1316.216   2262.460   1306.086   2265.259 N000350
  2148.697   2272.373 -10.296   2159.661   2209.255 -10.290   0.1974 -0.1268   2158.931   2273.333   2158.734   2273.460   2159.462   2209.398 N000351
  2591.412   2274.432 -11.106   2602.805   2177.896 -11.099  -0.0879 -0.0684   2601.655   2275.392   2601.743   2275.460   2602.893   2177.958 N000352
     0.000      0.000   0.000      0.000      0.000   0.000   0.0000  0.0000      0.000      0.000   1362.717   2277.984   1353.442   2277.139 N000353
  3230.011   2277.702  -9.511   3236.658   2134.774  -9.505   0.0109  0.2024   3240.267   2278.663   3240.256   2278.460   3236.646   2134.573 N000354
     0.000      0.000   0.000      0.000      0.000   0.000   0.0000  0.0000      0.000      0.000   2313.695   2279.460   2314.958   2203.593 N000355
  2743.717   2279.669  -8.733   2754.558   2171.897  -8.726   0.2175  0.1691   2753.963   2280.629   2753.746   2280.460   2754.341   2171.743 N000356
   985.308   2282.659  -9.748    976.987   2313.700  -9.742  -0.1925  0.1595    995.517   2283.620    995.709   2283.460    977.187   2313.521 N000357
   389.758   2287.721 -10.504    359.475   2371.241 -10.497  -0.0195 -0.0849    399.955   2288.681    399.975   2288.766    359.494   2371.326 N000358
     0.000      0.000   0.000      0.000      0.000   0.000   0.0000  0.0000      0.000      0.000   1749.725   2289.010   1746.833   2256.960 N000359
     0.000      0.000   0.000      0.000      0.000   0.000   0.0000  0.0000      0.000      0.000   1250.214   2293.532   1238.297   2302.235 N000360
  2658.222   2295.503 -11.022   2669.428   2194.071 -11.015   0.1938  0.0027   2668.465   2296.463   2668.271   2296.460   2669.235   2194.083 N000361
     0.000      0.000   0.000      0.000      0.000   0.000   0.0000  0.0000      0.000      0.000   1736.224   2301.960   1733.085   2271.109 N000362
     0.000      0.000   0.000      0.000      0.000   0.000   0.0000  0.0000      0.000      0.000   1261.599   2304.960   1249.840   2312.873 N000363
  1716.196   2303.670  -8.894   1723.137   2274.586  -8.888   0.1963 -0.1636   1726.420   2304.630   1726.224   2304.793   1722.937   2274.767 N000364
  1986.755   2306.613 -10.498   1996.531   2256.260 -10.492   0.0054  0.1130   1996.985   2307.573   1996.979   2307.460   1996.526   2256.147 N000365
     0.000      0.000   0.000      0.000      0.000   0.000   0.0000  0.0000      0.000      0.000   3447.759   2309.460   3441.475   2150.869 N000366
     0.000      0.000   0.000      0.000      0.000   0.000   0.0000  0.0000      0.000      0.000   1407.217   2309.960   1398.584   2305.856 N000367
     0.000      0.000   0.000      0.000      0.000   0.000   0.0000  0.0000      0.000      0.000    574.700   2310.560    541.219   2377.920 N000368
     0.000      0.000   0.000      0.000      0.000   0.000   0.0000  0.0000      0.000      0.000    610.200   2310.603    578.128   2374.804 N000369
     0.000      0.000   0.000      0.000      0.000   0.000   0.0000  0.0000      0.000      0.000    935.707   2310.660    915.051   2346.329 N000370
  2253.354   2312.558 -10.954   2264.646   2241.657 -10.948  -0.1464  0.0579   2263.588   2313.518   2263.735   2313.460   2264.793   2241.587 N000371
  2705.044   2314.427  -9.462   2716.092   2209.579  -9.456   0.0440 -0.0729   2715.288   2315.387   2715.244   2315.460   2716.048   2209.655 N000372
     0.000      0.000   0.000      0.000      0.000   0.000   0.0000  0.0000      0.000      0.000   1680.268   2316.869   1676.275   2290.642 N000373
  1187.805   2324.716 -10.282   1184.520   2339.222 -10.276  -0.2306  0.2156   1198.017   2325.676   1198.248   2325.460   1184.759   2338.984 N000374
     0.000      0.000   0.000      0.000      0.000   0.000   0.0000  0.0000      0.000      0.000   2439.166   2326.889   2440.495   2241.745 N000375
     0.000      0.000   0.000      0.000      0.000   0.000   0.0000  0.0000      0.000      0.000   2115.231   2328.460   2115.539   2268.124 N000376
     0.000      0.000   0.000      0.000      0.000   0.000   0.0000  0.0000      0.000      0.000   1686.122   2334.960   1682.087   2308.460 N000377
  2144.125   2336.151 -11.498   2154.868   2273.808 -11.492   0.1248  0.1513   2154.356   2337.111   2154.232   2336.960   2154.743   2273.665 N000378
     0.000      0.000   0.000      0.000      0.000   0.000   0.0000  0.0000      0.000      0.000    570.199   2344.429    536.037   2412.890 N000379
     0.000      0.000   0.000      0.000      0.000   0.000   0.0000  0.0000      0.000      0.000   1107.739   2348.460   1091.649   2370.008 N000380
  1461.733   2349.588  -9.352   1464.246   2341.645  -9.345   0.0250  0.1300   1471.950   2350.548   1471.925   2350.418   1464.222   2341.515 N000381
  1657.272   2364.588 -10.956   1662.983   2340.895 -10.950  -0.1720  0.0879   1667.493   2365.548   1667.665   2365.460   1663.158   2340.792 N000382
     0.000      0.000   0.000      0.000      0.000   0.000   0.0000  0.0000      0.000      0.000   2455.237   2367.772   2456.525   2281.620 N000383
  2506.552   2367.104 -10.250   2518.065   2277.262 -10.243   0.0518  0.1041   2516.790   2368.064   2516.738   2367.960   2518.014   2277.161 N000384
  2015.953   2372.601 -11.765   2025.681   2320.518 -11.759  -0.0467  0.1009   2026.181   2373.561   2026.228   2373.460   2025.729   2320.413 N000385
  1267.613   2373.801  -9.637   1265.762   2382.341  -9.631   0.1626 -0.1487   1277.825   2374.761   1277.662   2374.910   1265.594   2382.506 N000386
     0.000      0.000   0.000      0.000      0.000   0.000   0.0000  0.0000      0.000      0.000   2690.742   2374.960   2691.689   2271.162 N000387
   346.809   2387.062 -10.041    312.980   2476.732 -10.035  -0.1909  0.0622    357.002   2388.022    357.193   2387.960    313.181   2476.651 N000388
     0.000      0.000   0.000      0.000      0.000   0.000   0.0000  0.0000      0.000      0.000   2082.541   2387.960   2082.412   2330.636 N000389
  1688.208   2392.549 -10.392   1694.172   2366.691 -10.386   0.2077  0.0492   1698.428   2393.509   1698.221   2393.460   1693.962   2366.658 N000390
  1180.183   2393.418  -9.688   1175.986   2409.649  -9.682   0.1539 -0.0234   1190.393   2394.378   1190.239   2394.401   1175.828   2409.686 N000391
   671.399   2394.375  -9.024    651.046   2454.917  -9.018  -0.1007 -0.1245    681.599   2395.335    681.699   2395.460    651.149   2455.035 N000392
   386.803   2407.839 -10.610    354.441   2494.354 -10.604  -0.1347 -0.1608    396.996   2408.799    397.131   2408.960    354.579   2494.507 N000393
  1635.562   2418.429 -10.315   1640.545   2397.162 -10.308   0.0617 -0.0706   1645.780   2419.389   1645.719   2419.460   1640.482   2397.239 N000394
     0.000      0.000   0.000      0.000      0.000   0.000   0.0000  0.0000      0.000      0.000   2772.742   2427.460   2773.428   2317.764 N000395
  1724.481   2429.595 -11.325   1730.707   2401.259 -11.319  -0.0192  0.0952   1734.701   2430.555   1734.720   2430.460   1730.727   2401.161 N000396
  1602.300   2433.160 -10.244   1606.633   2414.802 -10.238  -0.1373  0.1597   1612.518   2434.119   1612.655   2433.960   1606.774   2414.629 N000397
  1672.247   2434.328 -11.058   1677.680   2410.283 -11.052   0.2174 -0.1719   1682.466   2435.288   1682.248   2435.460   1677.458   2410.475 N000398
  1311.972   2435.056  -9.762   1310.540   2440.827  -9.756  -0.0284  0.0559   1322.183   2436.016   1322.212   2435.960   1310.570   2440.768 N000399
     0.000      0.000   0.000      0.000      0.000   0.000   0.0000  0.0000      0.000      0.000   2487.145   2441.369   2488.359   2353.232 N000400
     0.000      0.000   0.000      0.000      0.000   0.000   0.0000  0.0000      0.000      0.000   1988.225   2444.460   1987.078   2395.075 N000401
  2961.099   2447.542 -12.556   2970.961   2324.154 -12.550   0.0992  0.0417   2971.344   2448.501   2971.245   2448.460   2970.863   2324.120 N000402
     0.000      0.000   0.000      0.000      0.000   0.000   0.0000  0.0000      0.000      0.000   3892.764   2453.515   3879.730   2263.648 N000403
  2506.448   2455.313 -11.077   2517.884   2365.987 -11.071  -0.0520 -0.1588   2516.684   2456.273   2516.736   2456.432   2517.936   2366.143 N000404
     0.000      0.000   0.000      0.000      0.000   0.000   0.0000  0.0000      0.000      0.000    472.693   2458.460    432.662   2538.304 N000405
  1639.231   2459.250 -12.786   1643.960   2438.228 -12.780   0.2308  0.0905   1649.448   2460.209   1649.218   2460.119   1643.726   2438.155 N000406
  1393.006   2475.184  -9.909   1392.978   2474.796  -9.903   0.0065  0.1845   1403.219   2476.144   1403.212   2475.960   1392.973   2474.609 N000407
     0.000      0.000   0.000      0.000      0.000   0.000   0.0000  0.0000      0.000      0.000   2286.430   2478.560   2287.120   2406.132 N000408
  1824.615   2490.547  -9.891   1831.755   2454.898  -9.885   0.1147  0.0474   1834.835   2491.507   1834.721   2491.459   1831.639   2454.859 N000409
     0.000      0.000   0.000      0.000      0.000   0.000   0.0000  0.0000      0.000      0.000   2508.534   2491.359   2509.692   2401.939 N000410
  2378.296   2491.877  -9.435   2389.510   2412.632  -9.429  -0.1758 -0.1227   2388.528   2492.837   2388.704   2492.959   2389.686   2412.742 N000411
  1743.816   2492.297 -11.104   1749.867   2463.205 -11.098  -0.1836 -0.2033   1754.035   2493.256   1754.219   2493.459   1750.052   2463.396 N000412
     0.000      0.000   0.000      0.000      0.000   0.000   0.0000  0.0000      0.000      0.000    715.197   2496.960    684.423   2555.758 N000413
     0.000      0.000   0.000      0.000      0.000   0.000   0.0000  0.0000      0.000      0.000   2274.229   2498.459   2274.808   2427.157 N000414
  2120.932   2501.047  -9.258   2130.904   2441.939  -9.252  -0.0296  0.0853   2131.158   2502.006   2131.188   2501.921   2130.934   2441.851 N000415
  3015.556   2502.646  -9.973   3025.158   2375.432  -9.967   0.0558  0.1462   3025.801   2503.605   3025.745   2503.459   3025.102   2375.289 N000416
  1317.291   2505.181 -10.520   1315.265   2511.675 -10.514  -0.1497  0.1814   1327.501   2506.141   1327.651   2505.959   1315.420   2511.478 N000417
     0.000      0.000   0.000      0.000      0.000   0.000   0.0000  0.0000      0.000      0.000   4092.767   2514.959   4076.066   2311.269 N000418
  2289.236   2514.228  -9.107   2300.093   2442.075  -9.101   0.1453  0.1374   2299.466   2515.188   2299.320   2515.050   2299.947   2441.948 N000419
     0.000      0.000   0.000      0.000      0.000   0.000   0.0000  0.0000      0.000      0.000   2666.237   2517.459   2667.281   2416.243 N000420
  1998.636   2516.804 -10.486   2007.535   2467.544 -10.479   0.1363 -0.2298   2008.860   2517.763   2008.723   2517.993   2007.396   2467.787 N000421
  2267.677   2527.737  -8.848   2278.403   2457.392  -8.841   0.1774  0.2366   2277.906   2528.696   2277.729   2528.459   2278.226   2457.167 N000422
     0.000      0.000   0.000      0.000      0.000   0.000   0.0000  0.0000      0.000      0.000   2230.728   2528.959   2230.983   2461.348 N000423
  2180.766   2528.899  -8.877   2191.018   2465.374  -8.870  -0.1782 -0.0454   2190.993   2529.858   2191.171   2529.904   2191.197   2465.406 N000424
     0.000      0.000   0.000      0.000      0.000   0.000   0.0000  0.0000      0.000      0.000   2583.401   2534.959   2584.521   2440.157 N000425
  2793.458   2533.841 -11.033   2804.360   2423.322 -11.027  -0.0420 -0.1594   2803.697   2534.800   2803.739   2534.959   2804.402   2423.480 N000426
  3088.697   2537.329 -11.709   3097.817   2404.858 -11.703   0.1971 -0.1710   3098.942   2538.288   3098.745   2538.459   3097.622   2405.044 N000427
     0.000      0.000   0.000      0.000      0.000   0.000   0.0000  0.0000      0.000      0.000    483.229   2548.959    442.139   2630.109 N000428
     0.000      0.000   0.000      0.000      0.000   0.000   0.0000  0.0000      0.000      0.000    802.697   2569.059    774.093   2621.658 N000429
     0.000      0.000   0.000      0.000      0.000   0.000   0.0000  0.0000      0.000      0.000   1409.709   2569.959   1398.673   2569.665 N000430
   802.192   2569.544  -9.798    784.113   2622.266  -9.791   0.1922  0.0445    812.389   2570.504    812.197   2570.459    783.915   2622.238 N000431
     0.000      0.000   0.000      0.000      0.000   0.000   0.0000  0.0000      0.000      0.000   1496.661   2572.459   1487.427   2564.883 N000432
  2637.188   2573.977 -12.993   2648.470   2475.565 -12.986   0.1884 -0.0230   2647.423   2574.936   2647.235   2574.959   2648.282   2475.602 N000433
     0.000      0.000   0.000      0.000      0.000   0.000   0.0000  0.0000      0.000      0.000   1176.678   2577.459   1159.820   2597.252 N000434
     0.000      0.000   0.000      0.000      0.000   0.000   0.0000  0.0000      0.000      0.000   2107.223   2583.959   2106.412   2526.707 N000435
  2321.059   2583.496  -9.291   2331.839   2509.547  -9.285   0.0593 -0.0044   2331.287   2584.455   2331.228   2584.459   2331.780   2509.556 N000436
     0.000      0.000   0.000      0.000      0.000   0.000   0.0000  0.0000      0.000      0.000    954.699   2590.459    931.012   2629.988 N000437
  1718.769   2590.831 -11.025   1723.706   2565.220 -11.019   0.1640 -0.1687   1728.985   2591.790   1728.821   2591.959   1723.538   2565.405 N000438
     0.000      0.000   0.000      0.000      0.000   0.000   0.0000  0.0000      0.000      0.000   2514.732   2596.959   2515.740   2507.948 N000439
     0.000      0.000   0.000      0.000      0.000   0.000   0.0000  0.0000      0.000      0.000   1274.206   2598.959   1259.666   2610.761 N000440
     0.000      0.000   0.000      0.000      0.000   0.000   0.0000  0.0000      0.000      0.000   2169.824   2600.359   2169.410   2538.336 N000441
  1702.081   2606.180 -10.423   1706.628   2582.189 -10.417   0.0805  0.1804   1712.295   2607.139   1712.215   2606.959   1706.548   2582.012 N000442
  1108.381   2608.309 -10.201   1099.697   2634.776 -10.194  -0.1188 -0.1382   1118.583   2609.268   1118.702   2609.406   1099.818   2634.907 N000443
     0.000      0.000   0.000      0.000      0.000   0.000   0.0000  0.0000      0.000      0.000   2864.682   2620.959   2865.170   2505.442 N000444
     0.000      0.000   0.000      0.000      0.000   0.000   0.0000  0.0000      0.000      0.000    682.393   2622.459    648.409   2687.245 N000445
     0.000      0.000   0.000      0.000      0.000   0.000   0.0000  0.0000      0.000      0.000   2581.832   2622.359   2582.858   2528.420 N000446
  1420.015   2627.637 -12.309   1419.032   2627.644 -12.303   0.0151  0.1371   1430.223   2628.596   1430.208   2628.459   1419.018   2627.506 N000447
     0.000      0.000   0.000      0.000      0.000   0.000   0.0000  0.0000      0.000      0.000   2579.732   2629.459   2580.748   2535.749 N000448
   273.883   2638.498 -10.087    231.999   2741.730 -10.081  -0.1168 -0.0017    284.067   2639.457    284.184   2639.459    232.122   2741.721 N000449
  1262.835   2645.557 -11.732   1257.922   2659.377 -11.726  -0.1646  0.0568   1273.040   2646.516   1273.204   2646.459   1258.092   2659.305 N000450
    92.145   2649.608 -10.065     40.521   2770.571 -10.059   0.1453  0.1085    102.325   2650.567    102.180   2650.459     40.370   2770.473 N000451
  3528.519   2658.238 -10.475   3533.227   2494.194 -10.469   0.0189  0.0717   3538.770   2659.197   3538.751   2659.125   3533.208   2494.123 N000452
  2958.279   2660.795 -10.140   2968.558   2538.702 -10.134  -0.1931 -0.1774   2968.518   2661.753   2968.711   2661.931   2968.750   2538.866 N000453
     0.000      0.000   0.000      0.000      0.000   0.000   0.0000  0.0000      0.000      0.000   3759.722   2661.525   3750.773   2480.821 N000454
  2453.855   2663.112 -11.102   2464.865   2579.676 -11.096  -0.1233  0.1121   2464.083   2664.071   2464.207   2663.959   2464.989   2579.553 N000455
     0.000      0.000   0.000      0.000      0.000   0.000   0.0000  0.0000      0.000      0.000   2249.824   2664.959   2249.669   2597.399 N000456
     0.000      0.000   0.000      0.000      0.000   0.000   0.0000  0.0000      0.000      0.000   1369.706   2665.459   1356.746   2670.388 N000457
     0.000      0.000   0.000      0.000      0.000   0.000   0.0000  0.0000      0.000      0.000   2769.235   2670.959   2770.052   2563.087 N000458
     0.000      0.000   0.000      0.000      0.000   0.000   0.0000  0.0000      0.000      0.000   3626.659   2670.552   3619.904   2499.299 N000459
  1417.936   2683.831  -9.461   1416.314   2685.108  -9.455  -0.8969 -0.5861   1428.143   2684.789   1429.040   2685.375   1417.225   2685.629 N000460
  2685.585   2684.521 -13.430   2696.745   2583.372 -13.423   0.0847  0.0210   2695.817   2685.479   2695.733   2685.459   2696.661   2583.357 N000461
  3181.652   2686.411  -8.535   3190.418   2547.803  -8.529   0.1521  0.0115   3191.895   2687.370   3191.743   2687.358   3190.267   2547.803 N000462
  2938.614   2687.989  -8.668   2949.029   2567.580  -8.662   0.1142  0.0891   2948.852   2688.948   2948.738   2688.858   2948.915   2567.499 N000463
     0.000      0.000   0.000      0.000      0.000   0.000   0.0000  0.0000      0.000      0.000   1590.676   2694.459   1582.116   2681.184 N000464
  1944.867   2699.831 -11.393   1952.094   2657.431 -11.387  -0.1328 -0.1690   1955.084   2700.790   1955.217   2700.959   1952.227   2657.592 N000465
     0.000      0.000   0.000      0.000      0.000   0.000   0.0000  0.0000      0.000      0.000   3019.238   2716.958   3019.084   2590.502 N000466
     0.000      0.000   0.000      0.000      0.000   0.000   0.0000  0.0000      0.000      0.000    312.682   2718.459    260.483   2820.427 N000467
  2035.996   2723.360 -11.608   2044.080   2673.922 -11.601  -0.0043 -0.1398   2046.214   2724.319   2046.218   2724.458   2044.084   2674.064 N000468
     0.000      0.000   0.000      0.000      0.000   0.000   0.0000  0.0000      0.000      0.000   2771.420   2730.896   2772.221   2623.418 N000469
   483.774   2730.666 -10.676    450.113   2816.850 -10.670   0.1201  0.1662    493.960   2731.625    493.840   2731.459    449.991   2816.690 N000470
  1773.087   2734.256  -9.845   1777.697   2706.591  -9.839   0.0866  0.1678   1783.299   2735.214   1783.212   2735.047   1777.610   2706.427 N000471
   938.819   2751.081  -9.098    922.809   2795.958  -9.092  -0.0814  0.1314    949.013   2752.040    949.095   2751.908    922.895   2795.816 N000472
     0.000      0.000   0.000      0.000      0.000   0.000   0.0000  0.0000      0.000      0.000   1743.711   2752.458   1737.332   2727.453 N000473
     0.000      0.000   0.000      0.000      0.000   0.000   0.0000  0.0000      0.000      0.000   1633.209   2752.958   1624.885   2737.233 N000474
     0.000      0.000   0.000      0.000      0.000   0.000   0.0000  0.0000      0.000      0.000   2494.226   2765.458   2494.840   2679.921 N000475
     0.000      0.000   0.000      0.000      0.000   0.000   0.0000  0.0000      0.000      0.000   2048.717   2769.958   2046.329   2720.098 N000476
     0.000      0.000   0.000      0.000      0.000   0.000   0.0000  0.0000      0.000      0.000    817.691   2770.173    786.536   2826.484 N000477
     0.000      0.000   0.000      0.000      0.000   0.000   0.0000  0.0000      0.000      0.000   1173.556   2777.315   1154.070   2801.817 N000478
  3340.775   2779.764 -11.716   3348.322   2629.984 -11.710  -0.0145  0.1059   3351.019   2780.722   3351.033   2780.616   3348.336   2629.876 N000479
     0.000      0.000   0.000      0.000      0.000   0.000   0.0000  0.0000      0.000      0.000   2475.975   2785.458   2476.482   2701.618 N000480
     0.000      0.000   0.000      0.000      0.000   0.000   0.0000  0.0000      0.000      0.000   2241.720   2793.458   2240.940   2728.369 N000481
  1085.732   2793.178  -9.335   1073.879   2825.952  -9.328   0.1549  0.1778   1095.928   2794.136   1095.773   2793.958   1073.722   2825.783 N000482
  2761.289   2793.075  -8.917   2772.290   2687.212  -8.911  -0.2111  0.0746   2771.520   2794.033   2771.731   2793.958   2772.500   2687.120 N000483
     0.000      0.000   0.000      0.000      0.000   0.000   0.0000  0.0000      0.000      0.000   2011.215   2796.958   2008.239   2750.625 N000484
  1779.077   2796.855 -11.869   1783.258   2769.869 -11.863   0.0772 -0.1452   1789.288   2797.813   1789.211   2797.958   1783.178   2770.023 N000485
     0.000      0.000   0.000      0.000      0.000   0.000   0.0000  0.0000      0.000      0.000   1927.713   2801.958   1923.663   2762.589 N000486
  3779.218   2803.221 -12.421   3781.004   2621.846 -12.415   0.2179  0.2208   3789.470   2804.179   3789.252   2803.958   3780.788   2621.640 N000487
     0.000      0.000   0.000      0.000      0.000   0.000   0.0000  0.0000      0.000      0.000   2466.525   2804.458   2466.943   2721.622 N000488
     0.000      0.000   0.000      0.000      0.000   0.000   0.0000  0.0000      0.000      0.000   2697.729   2813.958   2698.531   2713.098 N000489
  2577.325   2817.016  -8.919   2588.256   2725.777  -8.912  -0.2373  0.0161   2587.552   2817.974   2587.789   2817.958   2588.494   2725.742 N000490
  2312.194   2829.194  -9.358   2322.025   2759.157  -9.352   0.1579  0.1226   2322.414   2830.152   2322.256   2830.029   2321.867   2759.045 N000491
     0.000      0.000   0.000      0.000      0.000   0.000   0.0000  0.0000      0.000      0.000   1960.255   2834.375   1956.386   2792.914 N000492
     0.000      0.000   0.000      0.000      0.000   0.000   0.0000  0.0000      0.000      0.000   2112.383   2841.958   2110.210   2788.139 N000493
     0.000      0.000   0.000      0.000      0.000   0.000   0.0000  0.0000      0.000      0.000   2474.724   2843.458   2475.059   2760.520 N000494
  1089.184   2844.248  -9.261   1076.714   2878.030  -9.255   0.1845 -0.1616   1099.380   2845.206   1099.195   2845.367   1076.521   2878.212 N000495
     0.000      0.000   0.000      0.000      0.000   0.000   0.0000  0.0000      0.000      0.000    752.188   2849.672    717.186   2914.279 N000496
  2503.973   2851.250 -13.095   2514.640   2766.263 -13.089  -0.0268  0.1852   2514.197   2852.208   2514.224   2852.023   2514.668   2766.073 N000497
   756.220   2865.118  -9.119    731.680   2929.852  -9.113   0.2198  0.1182    766.407   2866.076    766.188   2865.958    731.454   2929.751 N000498
  1253.155   2872.213  -9.311   1245.153   2892.102  -9.304   0.1546  0.2130   1263.352   2873.171   1263.198   2872.958   1244.997   2891.897 N000499
  1217.249   2878.787 -11.274   1208.142   2902.031 -11.268   0.2245 -0.2130   1227.446   2879.745   1227.222   2879.958   1207.908   2902.269 N000500
  1954.572   2883.903  -8.908   1960.599   2843.989  -8.901   0.0724 -0.0969   1964.784   2884.861   1964.712   2884.958   1960.525   2844.094 N000501
  1918.847   2889.734 -11.541   1924.345   2852.908 -11.535  -0.1533  0.2339   1929.058   2890.692   1929.211   2890.458   1924.502   2852.657 N000502
     0.000      0.000   0.000      0.000      0.000   0.000   0.0000  0.0000      0.000      0.000   1775.708   2894.458   1768.602   2869.612 N000503
   519.873   2893.842 -11.086    484.765   2981.700 -11.079  -0.1273 -0.1583    530.055   2894.800    530.182   2894.958    484.895   2981.851 N000504
     0.000      0.000   0.000      0.000      0.000   0.000   0.0000  0.0000      0.000      0.000   1553.657   2898.458   1542.280   2892.632 N000505
     0.000      0.000   0.000      0.000      0.000   0.000   0.0000  0.0000      0.000      0.000   2497.666   2908.402   2497.892   2824.602 N000506
     0.000      0.000   0.000      0.000      0.000   0.000   0.0000  0.0000      0.000      0.000   1054.692   2911.958   1029.612   2950.628 N000507
  1142.342   2912.289 -11.513   1130.551   2943.119 -11.507  -0.1583 -0.2109   1152.536   2913.247   1152.694   2913.458   1130.711   2943.321 N000508
  2042.995   2924.607  -9.273   2049.841   2878.159  -9.267  -0.0054  0.1071   2053.207   2925.565   2053.212   2925.458   2049.847   2878.049 N000509
     0.000      0.000   0.000      0.000      0.000   0.000   0.0000  0.0000      0.000      0.000   2548.876   2927.919   2549.227   2840.335 N000510
  2792.230   2931.266 -10.381   2803.098   2824.699 -10.375   0.2300  0.0552   2802.458   2932.223   2802.228   2932.168   2802.868   2824.661 N000511
     0.000      0.000   0.000      0.000      0.000   0.000   0.0000  0.0000      0.000      0.000    729.760   2934.958    692.349   3004.276 N000512
  1641.221   2940.508  -8.705   1641.594   2928.234  -8.699   0.2211  0.0078   1651.425   2941.465   1651.204   2941.458   1641.369   2928.245 N000513
  1407.315   2948.165 -10.376   1402.409   2956.375 -10.370  -0.1848  0.1650   1417.514   2949.123   1417.699   2948.958   1402.601   2956.189 N000514
  1826.415   2947.254  -9.386   1830.036   2919.381  -9.380  -0.9180 -0.9963   1836.623   2948.211   1837.541   2949.207   1830.960   2920.321 N000515
     0.000      0.000   0.000      0.000      0.000   0.000   0.0000  0.0000      0.000      0.000   2163.714   2949.457   2161.407   2893.403 N000516
  2315.756   2949.846 -11.092   2325.071   2881.524 -11.086   0.2082 -0.1540   2325.973   2950.803   2325.765   2950.957   2324.860   2881.698 N000517
  1658.330   2954.742  -9.945   1658.894   2941.333  -9.938  -0.1698  0.2144   1668.534   2955.700   1668.704   2955.485   1659.069   2941.099 N000518
  2884.627   2958.034 -10.796   2895.349   2844.623 -10.790   0.1266  0.0336   2894.855   2958.991   2894.729   2958.957   2895.223   2844.599 N000519
     0.000      0.000   0.000      0.000      0.000   0.000   0.0000  0.0000      0.000      0.000   1738.704   2989.457   1730.049   2969.874 N000520
  3795.494   2992.065  -8.725   3798.208   2810.777  -8.719  -0.0065  0.0648   3805.740   2993.022   3805.747   2992.957   3798.214   2810.711 N000521
     0.000      0.000   0.000      0.000      0.000   0.000   0.0000  0.0000      0.000      0.000   2439.717   3030.770   2439.217   2953.684 N000522
  1490.212   3031.567 -10.443   1486.301   3034.651 -10.437  -0.2880  0.5389   1500.410   3032.524   1500.698   3031.985   1486.602   3034.072 N000523
     0.000      0.000   0.000      0.000      0.000   0.000   0.0000  0.0000      0.000      0.000    781.183   3033.457    744.064   3101.146 N000524
   607.096   3036.039 -10.497    573.143   3120.378 -10.491   0.0957  0.0386    617.275   3036.996    617.180   3036.957    573.044   3120.347 N000525
  3828.515   3039.879 -11.803   3831.026   2856.636 -11.797   0.0152 -0.1210   3838.761   3040.836   3838.746   3040.957   3831.011   2856.759 N000526
  2170.605   3050.417 -11.223   2178.053   2995.941 -11.217   0.1045 -0.0828   2180.816   3051.374   2180.711   3051.457   2177.947   2996.034 N000527
  3529.379   3055.755 -10.634   3535.922   2894.544 -10.628  -0.1212  0.1593   3539.618   3056.711   3539.739   3056.552   3536.041   2894.374 N000528
  3439.570   3072.675  -9.526   3447.115   2918.350  -9.520   0.0701  0.1753   3449.807   3073.632   3449.737   3073.457   3447.045   2918.178 N000529
     0.000      0.000   0.000      0.000      0.000   0.000   0.0000  0.0000      0.000      0.000    258.921   3079.064    196.151   3199.077 N000530
     0.000      0.000   0.000      0.000      0.000   0.000   0.0000  0.0000      0.000      0.000   1868.704   3084.923   1861.413   3056.519 N000531
     0.000      0.000   0.000      0.000      0.000   0.000   0.0000  0.0000      0.000      0.000   3343.534   3093.357   3341.857   2946.308 N000532
  1746.063   3109.820 -10.560   1746.713   3092.669 -10.554   0.0628 -0.1804   1756.264   3110.776   1756.201   3110.957   1746.647   3092.859 N000533
  1922.558   3114.432 -11.259   1926.234   3082.266 -11.253   0.0862 -0.0676   1932.763   3115.389   1932.677   3115.457   1926.146   3082.343 N000534
     0.000      0.000   0.000      0.000      0.000   0.000   0.0000  0.0000      0.000      0.000   1974.205   3116.427   1968.300   3079.804 N000535
     0.000      0.000   0.000      0.000      0.000   0.000   0.0000  0.0000      0.000      0.000   1858.808   3117.457   1851.044   3090.701 N000536
  1543.887   3119.886  -9.288   1540.172   3120.634  -9.281  -0.1129 -0.1140   1554.083   3120.843   1554.196   3120.957   1540.286   3120.741 N000537
  2342.689   3121.263  -9.069   2351.381   3054.013  -9.063   0.1894  0.2179   2352.902   3122.220   2352.713   3122.002   2351.191   3053.807 N000538
  2460.729   3132.616  -8.818   2470.223   3055.896  -8.812  -0.0209  0.1161   2470.944   3133.573   2470.965   3133.457   2470.245   3055.776 N000539
  1853.945   3143.018 -11.497   1856.224   3117.434 -11.491  -0.0550  0.0184   1864.147   3143.975   1864.202   3143.957   1856.280   3117.410 N000540
  2266.267   3148.895  -9.706   2274.107   3088.574  -9.700   0.0885 -0.1053   2276.478   3149.851   2276.389   3149.957   2274.017   3088.689 N000541
   443.474   3167.971 -11.014    399.002   3273.164 -11.008  -0.0262 -0.0289    453.646   3168.928    453.672   3168.957    399.029   3273.192 N000542
   918.547   3179.098 -10.958    894.749   3238.841 -10.951   0.0475  0.0981    928.729   3180.055    928.682   3179.957    894.701   3238.744 N000543
  2339.126   3206.014 -10.565   2347.327   3140.894 -10.559   0.1260  0.0136   2349.336   3206.970   2349.210   3206.956   2347.200   3140.890 N000544
     0.000      0.000   0.000      0.000      0.000   0.000   0.0000  0.0000      0.000      0.000   2143.706   3214.206   2139.387   3165.583 N000545
   538.961   3246.222 -11.110    497.461   3345.113 -11.104  -0.0395  0.1992    549.133   3247.178    549.172   3246.979    497.507   3344.902 N000546
   875.334   3253.113 -10.138    848.489   3319.624 -10.132  -0.1381  0.1126    885.513   3254.069    885.651   3253.956    848.635   3319.494 N000547
  1867.089   3269.843  -8.981   1868.353   3246.527  -8.975   0.0894 -0.1570   1877.288   3270.799   1877.199   3270.956   1868.260   3246.696 N000548
   784.933   3276.233 -10.340    753.925   3352.294 -10.334  -0.0666  0.2328    795.110   3277.189    795.176   3276.956    753.999   3352.046 N000549
     0.000      0.000   0.000      0.000      0.000   0.000   0.0000  0.0000      0.000      0.000   2262.705   3346.456   2258.895   3291.082 N000550
  2506.824   3346.595 -14.244   2515.624   3270.796 -14.238  -0.1280 -0.2150   2517.034   3347.550   2517.162   3347.765   2515.752   3271.005 N000551
  2419.507   3354.679  -8.714   2427.567   3286.375  -8.708   0.0069  0.1791   2429.715   3355.635   2429.708   3355.456   2427.561   3286.192 N000552
  1373.498   3356.573 -10.489   1362.081   3380.039 -10.483  -0.0021  0.0728   1383.684   3357.529   1383.686   3357.456   1362.084   3379.964 N000553
     0.000      0.000   0.000      0.000      0.000   0.000   0.0000  0.0000      0.000      0.000   2456.762   3410.955   2454.529   3340.839 N000554
     0.000      0.000   0.000      0.000      0.000   0.000   0.0000  0.0000      0.000      0.000   1477.686   3411.456   1457.942   3427.223 N000555
  2330.152   3426.585 -11.396   2336.865   3367.731 -11.390   0.1524  0.0846   2340.356   3427.540   2340.204   3427.455   2336.711   3367.657 N000556
  2849.864   3439.891  -9.170   2859.896   3338.099  -9.164  -0.1360 -0.1091   2860.078   3440.846   2860.214   3440.955   2860.032   3338.200 N000557
     0.000      0.000   0.000      0.000      0.000   0.000   0.0000  0.0000      0.000      0.000   2343.560   3449.455   2339.954   3389.979 N000558
     0.000      0.000   0.000      0.000      0.000   0.000   0.0000  0.0000      0.000      0.000   3237.721   3471.955   3237.224   3339.668 N000559
     0.000      0.000   0.000      0.000      0.000   0.000   0.0000  0.0000      0.000      0.000   1990.695   3482.455   1981.675   3454.569 N000560
   607.674   3488.030  -8.938    564.002   3590.480  -8.932   0.1735  0.0303    617.840   3488.986    617.666   3488.955    563.821   3590.466 N000561
  1739.084   3488.930  -9.600   1735.273   3483.737  -9.594   0.0838 -0.0699   1749.274   3489.885   1749.190   3489.955   1735.187   3483.817 N000562
  1844.465   3501.630 -10.139   1842.789   3487.419 -10.132  -0.0347  0.1303   1854.657   3502.585   1854.692   3502.455   1842.826   3487.281 N000563
  1836.781   3514.283  -9.093   1834.796   3501.183  -9.087   0.0305 -0.1853   1846.972   3515.239   1846.941   3515.424   1834.763   3501.377 N000564
     0.000      0.000   0.000      0.000      0.000   0.000   0.0000  0.0000      0.000      0.000   1030.174   3524.355    993.635   3586.668 N000565
     0.000      0.000   0.000      0.000      0.000   0.000   0.0000  0.0000      0.000      0.000   3336.721   3547.455   3335.864   3409.068 N000566
  2186.242   3552.071  -8.952   2190.118   3509.313  -8.946   0.2415  0.1332   2196.439   3553.026   2196.197   3552.892   2189.874   3509.197 N000567
     0.000      0.000   0.000      0.000      0.000   0.000   0.0000  0.0000      0.000      0.000   2151.196   3557.955   2144.148   3518.353 N000568
     0.000      0.000   0.000      0.000      0.000   0.000   0.0000  0.0000      0.000      0.000   1610.284   3594.655   1591.472   3604.932 N000569
   835.161   3644.088  -9.910    798.527   3730.928  -9.904  -0.7765  0.0879    845.328   3645.042    846.104   3644.955    799.340   3730.758 N000570
   844.661   3644.050  -8.624    808.452   3729.938  -8.618   0.1611  0.0500    854.828   3645.005    854.667   3644.955    808.285   3729.902 N000571
  2581.337   3655.922  -9.090   2589.029   3582.345  -9.084  -0.6003 -0.9534   2591.540   3656.876   2592.140   3657.829   2589.629   3583.277 N000572
     0.000      0.000   0.000      0.000      0.000   0.000   0.0000  0.0000      0.000      0.000   4054.177   3667.676   4047.429   3476.904 N000573
  2865.696   3674.152  -9.192   2875.062   3577.245  -9.185   0.1964  0.1519   2875.904   3675.106   2875.708   3674.954   2874.865   3577.105 N000574
   808.281   3687.254  -9.073    769.451   3778.856  -9.067   0.1442  0.1176    818.445   3688.208    818.301   3688.091    769.303   3778.747 N000575
  3546.259   3689.038 -10.254   3554.667   3537.760 -10.247   0.1031  0.0378   3556.481   3689.992   3556.378   3689.954   3554.564   3537.730 N000576
  1981.099   3694.749 -10.459   1980.005   3675.003 -10.453   0.0994  0.1778   1991.288   3695.704   1991.189   3695.526   1979.905   3674.828 N000577
     0.000      0.000   0.000      0.000      0.000   0.000   0.0000  0.0000      0.000      0.000   1467.678   3696.954   1443.224   3724.602 N000578
     0.000      0.000   0.000      0.000      0.000   0.000   0.0000  0.0000      0.000      0.000   2618.701   3704.954   2616.144   3629.609 N000579
     0.000      0.000   0.000      0.000      0.000   0.000   0.0000  0.0000      0.000      0.000   3499.719   3721.154   3498.294   3574.154 N000580
     0.000      0.000   0.000      0.000      0.000   0.000   0.0000  0.0000      0.000      0.000    768.440   3722.899    716.295   3820.322 N000581
  3857.828   3732.621 -10.449   3863.850   3558.308 -10.443  -0.1459  0.1212   3868.054   3733.575   3868.200   3733.454   3863.994   3558.173 N000582
     0.000      0.000   0.000      0.000      0.000   0.000   0.0000  0.0000      0.000      0.000   1987.687   3748.454   1975.727   3730.034 N000583
  1945.016   3779.418 -10.083   1942.190   3766.123 -10.077   0.0164 -0.0821   1955.202   3780.372   1955.186   3780.454   1942.172   3766.210 N000584
     0.000      0.000   0.000      0.000      0.000   0.000   0.0000  0.0000      0.000      0.000   1523.176   3799.454   1498.737   3826.197 N000585
  1629.769   3801.716  -9.443   1618.868   3818.507  -9.437   0.1517  0.2163   1639.948   3802.670   1639.796   3802.454   1618.715   3818.296 N000586
     0.000      0.000   0.000      0.000      0.000   0.000   0.0000  0.0000      0.000      0.000   2637.198   3826.454   2634.065   3753.532 N000587
   917.299   3841.660  -8.804    879.814   3929.926  -8.798  -0.1011  0.1602    927.461   3842.614    927.563   3842.454    879.924   3929.747 N000588
     0.000      0.000   0.000      0.000      0.000   0.000   0.0000  0.0000      0.000      0.000   2045.185   3868.489   2032.984   3849.523 N000589
  3376.407   3871.536 -10.248   3385.750   3738.683 -10.241  -0.0929  0.0358   3386.620   3872.489   3386.713   3872.453   3385.843   3738.638 N000590
  3846.226   3872.721  -8.729   3852.948   3702.821  -8.722   0.1262  0.4211   3856.448   3873.674   3856.322   3873.253   3852.821   3702.398 N000591
  1310.874   3904.966 -11.533   1287.974   3957.059 -11.527  -0.1263 -0.0343   1321.042   3905.919   1321.169   3905.953   1288.104   3957.082 N000592
     0.000      0.000   0.000      0.000      0.000   0.000   0.0000  0.0000      0.000      0.000    971.634   3909.453    924.393   3995.741 N000593
  1786.514   3908.769 -10.908   1778.223   3915.433 -10.902   0.0420  0.1023   1796.693   3909.722   1796.651   3909.620   1778.182   3915.330 N000594
  1002.769   3915.071  -9.842    967.355   3998.458  -9.835   0.2160  0.0712   1012.931   3916.025   1012.715   3915.953    967.131   3998.405 N000595
     0.000      0.000   0.000      0.000      0.000   0.000   0.0000  0.0000      0.000      0.000   3275.709   3920.453   3274.963   3797.110 N000596
  1338.283   3948.573 -12.544   1315.523   4000.097 -12.538   0.1090  0.0728   1348.451   3949.526   1348.342   3949.453   1315.412   4000.031 N000597
  1290.671   3957.022 -11.365   1265.996   4013.667 -11.359   0.1711  0.0219   1300.838   3957.975   1300.667   3957.953   1265.819   4013.661 N000598
  1938.498   3984.663 -11.566   1932.875   3980.467 -11.560  -0.0020  0.1631   1948.677   3985.616   1948.679   3985.453   1932.879   3980.296 N000599
  3642.793   3990.071  -9.331   3651.266   3839.502  -9.325  -0.2068  0.0373   3653.008   3991.023   3653.215   3990.986   3651.471   3839.447 N000600
     0.000      0.000   0.000      0.000      0.000   0.000   0.0000  0.0000      0.000      0.000   1788.175   4025.953   1767.716   4037.713 N000601
  2733.083   4037.108  -9.642   2739.759   3963.686  -9.636   0.0834  0.1075   2743.278   4038.060   2743.194   4037.953   2739.675   3963.582 N000602
  2369.201   4112.917  -9.352   2370.562   4074.857  -9.345  -0.1986 -0.0833   2379.386   4113.869   2379.585   4113.952   2370.763   4074.926 N000603
