     0.000      0.000   0.000      0.000      0.000   0.000   0.0000  0.0000      0.000      0.000    278.732    -87.376    253.949     46.058 N000001
     0.000      0.000   0.000      0.000      0.000   0.000   0.0000  0.0000      0.000      0.000    468.739    -63.709    449.657     56.613 N000002
     0.000      0.000   0.000      0.000      0.000   0.000   0.0000  0.0000      0.000      0.000    873.754    -60.209    864.030     33.240 N000003
   332.296    -48.849 -11.509    317.905    143.457 -11.505  -0.1760  0.1514    341.030     15.444    341.206     15.292    318.087    143.295 N000004
  2316.602    -26.257 -10.326   2321.161     38.379 -10.322   0.1017  0.0927   2325.409     38.037   2325.308     37.944   2321.060     38.295 N000005
   724.947     -9.097  -9.934    721.015    156.132  -9.930  -0.0527 -0.0966    733.695     55.197    733.748     55.294    721.069    156.224 N000006
  1272.422     -5.954 -10.342   1277.197    123.338 -10.338  -0.0776  0.0456   1281.191     58.340   1281.269     58.294   1277.275    123.288 N000007
     0.000      0.000   0.000      0.000      0.000   0.000   0.0000  0.0000      0.000      0.000   2828.326     93.296   2817.676     61.954 N000008
     0.000      0.000   0.000      0.000      0.000   0.000   0.0000  0.0000      0.000      0.000    773.477    135.341    761.514    232.503 N000009
  2272.966     90.636 -11.118   2278.478    155.008 -11.114  -0.0339  0.1355   2281.771    154.932   2281.805    154.797   2278.511    154.874 N000010
  3387.677     96.251 -13.500   3374.443     93.720 -13.496   0.1771 -0.0406   3396.524    160.549   3396.347    160.589   3374.271     93.770 N000011
   132.922    102.789 -12.965    110.976    307.586 -12.961  -0.0779 -0.1237    141.648    167.085    141.726    167.208    111.056    307.703 N000012
   537.971    110.414  -9.545    529.112    286.837  -9.541  -0.0620 -0.0859    546.712    174.710    546.774    174.796    529.175    286.918 N000013
   441.556    138.818 -10.328    429.832    321.628 -10.324   0.0558 -0.1817    450.293    203.115    450.237    203.296    429.774    321.812 N000014
  2368.339    183.367 -12.042   2373.422    239.643 -12.038  -0.1610 -0.1333   2377.147    247.665   2377.308    247.799   2373.582    239.763 N000015
  1833.929    187.415 -10.774   1841.642    277.073 -10.770  -0.0713 -0.0852   1842.717    251.713   1842.789    251.798   1841.714    277.152 N000016
  1619.955    221.173  -9.663   1627.326    323.896  -9.659  -0.0446  0.1502   1628.736    285.472   1628.780    285.322   1627.371    323.746 N000017
  2881.791    221.453 -10.960   2880.227    245.399 -10.956  -0.1797 -0.0466   2890.618    285.753   2890.798    285.800   2880.404    245.433 N000018
  1939.181    290.887 -10.868   1947.033    371.790 -10.864   0.1810 -0.1133   1947.973    355.187   1947.792    355.301   1946.852    371.913 N000019
     0.000      0.000   0.000      0.000      0.000   0.000   0.0000  0.0000      0.000      0.000    696.683    366.675    682.259    466.436 N000020
     0.000      0.000   0.000      0.000      0.000   0.000   0.0000  0.0000      0.000      0.000   1878.789    386.301   1877.982    406.747 N000021
     0.000      0.000   0.000      0.000      0.000   0.000   0.0000  0.0000      0.000      0.000   1475.274    386.801   1473.051    433.525 N000022
  2178.130    350.839 -11.751   2185.291    415.332 -11.747   0.1301 -0.1606   2186.931    415.141   2186.801    415.302   2185.162    415.498 N000023
  1247.410    353.509 -10.414   1251.800    478.669 -10.410  -0.0901  0.0093   1256.176    417.811   1256.266    417.801   1251.891    478.654 N000024
  3699.991    384.282  -8.653   3681.262    354.806  -8.649  -0.0085  0.0673   3708.849    448.585   3708.857    448.518   3681.270    354.740 N000025
     0.000      0.000   0.000      0.000      0.000   0.000   0.0000  0.0000      0.000      0.000   1506.775    455.802   1504.767    499.378 N000026
   997.364    399.008 -10.737    997.898    540.633 -10.733  -0.1362  0.0079   1006.120    463.310   1006.256    463.302    998.036    540.616 N000027
     0.000      0.000   0.000      0.000      0.000   0.000   0.0000  0.0000      0.000      0.000   1091.260    472.802   1084.449    544.167 N000028
  1120.609    414.301  -8.870   1123.145    547.290  -8.866   0.1087 -0.1993   1129.370    478.603   1129.261    478.803   1123.034    547.494 N000029
     0.000      0.000   0.000      0.000      0.000   0.000   0.0000  0.0000      0.000      0.000   1103.360    484.803   1096.713    555.199 N000030
     0.000      0.000   0.000      0.000      0.000   0.000   0.0000  0.0000      0.000      0.000   3140.336    485.837   3126.712    425.104 N000031
  3177.502    447.713 -13.302   3171.983    447.813 -13.298   0.0020  0.1671   3186.339    512.017   3186.337    511.850   3171.980    447.650 N000032
  2468.061    458.807  -8.844   2473.394    502.692  -8.840   0.0607 -0.1934   2476.872    523.111   2476.811    523.304   2473.335    502.885 N000033
   195.755    478.492  -8.848    173.714    676.801  -8.844   0.0887  0.0748    204.482    542.795    204.393    542.720    173.622    676.733 N000034
     0.000      0.000   0.000      0.000      0.000   0.000   0.0000  0.0000      0.000      0.000   2072.296    548.805   2071.501    553.767 N000035
   166.803    499.590 -12.825    143.490    699.991 -12.821  -0.1972  0.0900    175.528    563.894    175.725    563.804    143.696    699.887 N000036
  2317.780    522.387  -9.020   2324.610    574.558  -9.016  -0.0201 -0.1129   2326.585    586.693   2326.605    586.806   2324.630    574.667 N000037
  1581.289    530.618  -8.851   1588.557    630.918  -8.847  -0.2111  0.1175   1590.066    594.923   1590.278    594.805   1588.769    630.788 N000038
  1791.295    555.953 -13.033   1799.456    641.873 -13.029  -0.2051 -0.0474   1800.080    620.258   1800.285    620.306   1799.662    641.906 N000039
     0.000      0.000   0.000      0.000      0.000   0.000   0.0000  0.0000      0.000      0.000   1443.772    624.806   1441.101    670.284 N000040
     0.000      0.000   0.000      0.000      0.000   0.000   0.0000  0.0000      0.000      0.000   2801.322    633.307   2794.436    590.073 N000041
     0.000      0.000   0.000      0.000      0.000   0.000   0.0000  0.0000      0.000      0.000   2415.391    634.807   2412.892    616.046 N000042
     0.000      0.000   0.000      0.000      0.000   0.000   0.0000  0.0000      0.000      0.000   3264.173    643.807   3249.184    571.557 N000043
  1814.776    579.971  -8.373   1822.994    663.970  -8.369  -0.0245 -0.0286   1823.562    644.278   1823.586    644.306   1823.019    663.997 N000044
  2732.673    599.395 -10.252   2735.586    623.594 -10.248   0.1730 -0.1047   2741.493    663.703   2741.320    663.807   2735.416    623.707 N000045
    69.410    608.702 -10.076     41.224    816.298 -10.072  -0.0896  0.2016     78.131    673.007     78.221    672.806     41.319    816.090 N000046
     0.000      0.000   0.000      0.000      0.000   0.000   0.0000  0.0000      0.000      0.000   2027.793    678.807   2027.312    684.446 N000047
     0.000      0.000   0.000      0.000      0.000   0.000   0.0000  0.0000      0.000      0.000   2908.933    680.308   2900.689    629.290 N000048
     0.000      0.000   0.000      0.000      0.000   0.000   0.0000  0.0000      0.000      0.000   1152.761    681.307   1146.320    746.222 N000049
  2361.152    627.451 -11.892   2367.991    674.853 -11.888   0.1519 -0.0495   2369.958    691.758   2369.806    691.808   2367.840    674.911 N000050
     0.000      0.000   0.000      0.000      0.000   0.000   0.0000  0.0000      0.000      0.000   2150.798    715.308   2150.077    712.262 N000051
  1650.048    666.822 -11.663   1657.631    760.664 -11.659   0.0475 -0.1778   1658.827    731.130   1658.779    731.308   1657.583    760.843 N000052
     0.000      0.000   0.000      0.000      0.000   0.000   0.0000  0.0000      0.000      0.000   1467.772    732.508   1465.146    775.072 N000053
     0.000      0.000   0.000      0.000      0.000   0.000   0.0000  0.0000      0.000      0.000    405.795    734.245    380.761    852.791 N000054
  2584.540    677.262 -10.994   2589.557    709.343 -10.990   0.0395 -0.2382   2593.354    741.571   2593.314    741.809   2589.519    709.579 N000055
  3247.581    678.567 -12.382   3242.307    668.762 -12.378   0.0810  0.0670   3256.420    742.876   3256.339    742.809   3242.227    668.701 N000056
     0.000      0.000   0.000      0.000      0.000   0.000   0.0000  0.0000      0.000      0.000   1476.773    759.809   1474.177    801.452 N000057
  4070.232    713.563 -11.487   4044.004    652.994 -11.483   0.2324  0.0627   4079.102    777.873   4078.869    777.811   4043.778    652.947 N000058
   585.624    729.129  -9.407    574.829    897.808  -9.403   0.1237  0.1286    594.363    793.437    594.240    793.309    574.703    897.689 N000059
     0.000      0.000   0.000      0.000      0.000   0.000   0.0000  0.0000      0.000      0.000   1781.184    795.210   1780.499    815.642 N000060
  2832.688    735.940 -10.431   2834.902    751.005 -10.427   0.1875 -0.0597   2841.511    800.251   2841.323    800.310   2834.717    751.076 N000061
     0.000      0.000   0.000      0.000      0.000   0.000   0.0000  0.0000      0.000      0.000   1313.366    807.109   1308.829    859.636 N000062
     0.000      0.000   0.000      0.000      0.000   0.000   0.0000  0.0000      0.000      0.000   3799.859    807.811   3773.235    698.873 N000063
     0.000      0.000   0.000      0.000      0.000   0.000   0.0000  0.0000      0.000      0.000   2529.124    808.748   2526.212    779.424 N000064
  3816.876    751.906  -9.382   3798.470    705.505  -9.378  -0.1242 -0.0943   3825.736    816.217   3825.860    816.311   3798.592    705.590 N000065
  1728.677    757.575  -9.169   1736.582    844.953  -9.165   0.1775  0.0746   1737.459    821.885   1737.282    821.810   1736.404    844.891 N000066
  3282.139    779.914  -9.609   3276.865    765.696  -9.605   0.1388 -0.0857   3290.979    844.226   3290.840    844.312   3276.729    765.789 N000067
  1326.815    782.472  -9.418   1331.201    897.402  -9.414  -0.1850 -0.0277   1335.582    846.783   1335.767    846.810   1331.388    897.417 N000068
   498.558    783.987 -10.624    484.684    959.033 -10.620   0.0578 -0.0127    507.294    848.297    507.236    848.310    484.624    959.050 N000069
  1513.512    788.668  -9.362   1519.909    890.497  -9.358   0.0121  0.1682   1522.286    852.979   1522.274    852.810   1519.897    890.331 N000070
     0.000      0.000   0.000      0.000      0.000   0.000   0.0000  0.0000      0.000      0.000   1626.278    853.311   1624.717    883.634 N000071
   937.592    793.538 -10.399    935.311    936.161 -10.395   0.0924  0.0378    946.345    857.848    946.252    857.810    935.217    936.130 N000072
     0.000      0.000   0.000      0.000      0.000   0.000   0.0000  0.0000      0.000      0.000   2854.240    864.478   2847.760    813.172 N000073
  1204.564    806.603 -12.024   1207.137    929.980 -12.020   0.0639  0.1030   1213.326    870.914   1213.262    870.811   1207.072    929.882 N000074
     0.000      0.000   0.000      0.000      0.000   0.000   0.0000  0.0000      0.000      0.000   2084.295    877.811   2083.945    876.708 N000075
  2203.935    816.829  -8.870   2212.061    871.411  -8.866  -0.0653 -0.1712   2212.734    881.140   2212.799    881.312   2212.126    871.575 N000076
  3008.924    818.746 -10.601   3008.894    820.953 -10.597  -0.0511 -0.1795   3017.753    883.058   3017.805    883.237   3008.945    821.126 N000077
     0.000      0.000   0.000      0.000      0.000   0.000   0.0000  0.0000      0.000      0.000   2116.296    905.312   2115.913    901.685 N000078
   144.194    843.055 -11.233    116.820   1045.222 -11.229   0.1939  0.0548    152.916    907.365    152.723    907.311    116.619   1045.182 N000079
  1604.647    846.860 -11.099   1611.671    941.787 -11.095   0.1469 -0.1405   1613.424    911.171   1613.277    911.312   1611.523    941.936 N000080
     0.000      0.000   0.000      0.000      0.000   0.000   0.0000  0.0000      0.000      0.000   1564.750    911.812   1562.606    945.804 N000081
  2182.718    867.797 -10.339   2190.976    923.074 -10.335   0.2182 -0.1715   2191.517    932.110   2191.298    932.281   2190.759    923.258 N000082
     0.000      0.000   0.000      0.000      0.000   0.000   0.0000  0.0000      0.000      0.000   2873.324    936.456   2866.914    882.586 N000083
     0.000      0.000   0.000      0.000      0.000   0.000   0.0000  0.0000      0.000      0.000   2777.820    937.313   2772.674    889.598 N000084
     0.000      0.000   0.000      0.000      0.000   0.000   0.0000  0.0000      0.000      0.000   2562.062    957.897   2559.313    923.907 N000085
  2331.366    902.903  -8.443   2339.052    947.761  -8.439  -0.1343 -0.0969   2340.169    967.217   2340.304    967.313   2339.186    947.848 N000086
     0.000      0.000   0.000      0.000      0.000   0.000   0.0000  0.0000      0.000      0.000    400.231    981.687    372.885   1100.539 N000087
     0.000      0.000   0.000      0.000      0.000   0.000   0.0000  0.0000      0.000      0.000   1299.698    983.813   1294.341   1035.939 N000088
  2812.096    934.391 -10.080   2815.483    947.132 -10.076   0.0957 -0.1086   2820.917    998.706   2820.822    998.814   2815.389    947.245 N000089
  2391.532    936.932 -13.227   2398.938    977.297 -13.223   0.0323 -0.0683   2400.338   1001.246   2400.306   1001.314   2398.906    977.367 N000090
   538.672    937.377 -10.041    524.798   1109.288 -10.037   0.1723 -0.1232    547.409   1001.690    547.237   1001.813    524.619   1109.424 N000091
  2149.702    943.992  -8.961   2158.108   1000.494  -8.957   0.0767 -0.0077   2158.499   1008.306   2158.422   1008.314   2158.032   1000.507 N000092
     0.000      0.000   0.000      0.000      0.000   0.000   0.0000  0.0000      0.000      0.000   2889.324   1011.815   2883.034    955.577 N000093
     0.000      0.000   0.000      0.000      0.000   0.000   0.0000  0.0000      0.000      0.000   1560.775   1014.814   1558.341   1048.182 N000094
  1807.681    952.776  -9.390   1815.724   1032.575  -9.386   0.1449 -0.2240   1816.465   1017.090   1816.320   1017.314   1815.578   1032.807 N000095
  2325.104    956.544 -11.300   2332.911   1001.074 -11.296   0.1044  0.0443   2333.908   1020.859   2333.803   1020.815   2332.807   1001.037 N000096
  2169.614    958.709 -10.226   2177.984   1013.680 -10.222   0.1141  0.2089   2178.412   1023.023   2178.297   1022.814   2177.870   1013.481 N000097
  1059.269    965.061 -10.743   1058.537   1098.038 -10.739  -0.2012  0.0611   1068.026   1029.375   1068.227   1029.314   1058.742   1097.962 N000098
     0.000      0.000   0.000      0.000      0.000   0.000   0.0000  0.0000      0.000      0.000   2409.806   1033.440   2408.412   1008.407 N000099
  1086.851    974.211  -9.795   1086.599   1105.132  -9.790  -0.1488  0.2105   1095.608   1038.525   1095.757   1038.314   1086.752   1104.911 N000100
     0.000      0.000   0.000      0.000      0.000   0.000   0.0000  0.0000      0.000      0.000   2049.793   1038.115   2049.519   1037.337 N000101
  1954.295    989.554  -8.865   1962.729   1058.858  -8.861  -0.2053  0.0038   1963.084   1053.869   1963.289   1053.865   1962.935   1058.840 N000102
  1409.981   1007.835  -9.865   1414.616   1115.196  -9.861  -0.0193 -0.1388   1418.750   1072.150   1418.769   1072.289   1414.635   1115.333 N000103
  2129.894   1017.198 -10.643   2138.365   1074.173 -10.639  -0.1056  0.1976   2138.690   1081.513   2138.796   1081.316   2138.470   1073.971 N000104
     0.000      0.000   0.000      0.000      0.000   0.000   0.0000  0.0000      0.000      0.000   1981.290   1087.316   1980.946   1090.704 N000105
   533.139   1023.614 -10.652    518.323   1196.034 -10.648   0.1393  0.1143    541.875   1087.929    541.736   1087.815    518.180   1195.930 N000106
     0.000      0.000   0.000      0.000      0.000   0.000   0.0000  0.0000      0.000      0.000   1808.283   1092.760   1807.393   1108.103 N000107
  3751.082   1029.687 -10.513   3736.933    980.933 -10.509   0.0824  0.1395   3759.938   1094.004   3759.856   1093.865   3736.851    980.801 N000108
  2360.182   1044.828 -10.945   2367.938   1085.851 -10.941   0.1819 -0.1720   2368.986   1109.144   2368.804   1109.316   2367.757   1086.033 N000109
  1734.418   1052.033  -9.186   1741.904   1136.061  -9.182  -0.0821  0.0331   1743.199   1116.349   1743.281   1116.316   1741.987   1136.023 N000110
  1826.103   1056.928  -8.952   1834.068   1134.479  -8.948   0.1032 -0.0716   1834.887   1121.245   1834.784   1121.316   1833.964   1134.557 N000111
  3739.593   1057.330 -10.472   3725.976   1008.718 -10.468   0.0686 -0.1697   3748.449   1121.648   3748.380   1121.818   3725.911   1008.888 N000112
  3082.905   1059.385 -10.242   3082.948   1052.436 -10.238  -0.0950 -0.1148   3091.736   1123.702   3091.831   1123.817   3083.042   1052.543 N000113
  1396.363   1068.063 -11.370   1400.588   1176.066 -11.366  -0.1367  0.0635   1405.131   1132.380   1405.268   1132.316   1400.727   1175.993 N000114
  2833.812   1072.077 -10.495   2837.472   1081.180 -10.491  -0.1879  0.0773   2842.634   1136.395   2842.822   1136.317   2837.657   1081.091 N000115
     0.000      0.000   0.000      0.000      0.000   0.000   0.0000  0.0000      0.000      0.000   1849.285   1141.317   1848.498   1153.372 N000116
   950.150   1091.285 -11.881    946.286   1232.045 -11.877   0.1495 -0.2149    958.901   1155.601    958.751   1155.816    946.132   1232.271 N000117
     0.000      0.000   0.000      0.000      0.000   0.000   0.0000  0.0000      0.000      0.000   2744.318   1155.818   2740.366   1106.807 N000118
  1511.484   1095.091 -10.589   1516.971   1194.664 -10.585  -0.0161  0.0914   1520.256   1159.408   1520.272   1159.317   1516.988   1194.572 N000119
  1721.835   1099.438 -10.715   1729.132   1183.994 -10.711  -0.1653 -0.0621   1730.615   1163.755   1730.780   1163.817   1729.298   1184.044 N000120
  1213.716   1112.795  -8.895   1214.981   1233.927  -8.891   0.2162 -0.1421   1222.477   1177.112   1222.261   1177.254   1214.760   1234.085 N000121
  2263.835   1113.159 -12.392   2272.051   1159.917 -12.388  -0.1650  0.1594   2272.635   1177.477   2272.800   1177.318   2272.216   1159.748 N000122
  1165.665   1119.735 -10.378   1166.042   1244.394 -10.374   0.1646  0.1601   1174.424   1184.052   1174.259   1183.892   1165.875   1244.246 N000123
     0.000      0.000   0.000      0.000      0.000   0.000   0.0000  0.0000      0.000      0.000   2222.898   1186.718   2222.450   1172.461 N000124
   455.371   1130.210 -10.900    436.883   1308.977 -10.896  -0.1287  0.2097    464.104   1194.526    464.233   1194.317    437.018   1308.756 N000125
     0.000      0.000   0.000      0.000      0.000   0.000   0.0000  0.0000      0.000      0.000   1387.267   1212.818   1382.132   1257.442 N000126
  2630.447   1168.141 -12.874   2636.551   1189.428 -12.870  -0.0527  0.1406   2639.261   1232.460   2639.314   1232.319   2636.603   1189.285 N000127
   189.447   1182.072  -9.648    160.083   1382.357  -9.644  -0.0531  0.0719    198.170   1246.390    198.223   1246.318    160.139   1382.280 N000128
  1485.481   1197.704 -10.293   1490.263   1298.667 -10.289  -0.0187  0.1772   1494.252   1262.022   1494.271   1261.845   1490.283   1298.489 N000129
  1014.404   1211.790 -10.877   1011.110   1347.669 -10.873  -0.0736 -0.1877   1023.157   1276.108   1023.231   1276.296   1011.184   1347.851 N000130
     0.000      0.000   0.000      0.000      0.000   0.000   0.0000  0.0000      0.000      0.000    781.173   1276.390    763.099   1366.445 N000131
  2029.238   1212.475  -9.874   2037.589   1274.527  -9.870   0.2377 -0.0253   2038.029   1276.794   2037.791   1276.820   2037.351   1274.569 N000132
  3113.062   1219.797 -14.124   3113.420   1208.342 -14.120   0.0621 -0.0157   3121.894   1284.117   3121.831   1284.133   3113.359   1208.362 N000133
  1083.724   1226.643 -11.222   1081.812   1357.289 -11.218   0.2012  0.1434   1092.480   1290.963   1092.279   1290.819   1081.608   1357.161 N000134
     0.000      0.000   0.000      0.000      0.000   0.000   0.0000  0.0000      0.000      0.000   1370.100   1292.819   1364.322   1338.453 N000135
     0.000      0.000   0.000      0.000      0.000   0.000   0.0000  0.0000      0.000      0.000   1445.769   1293.319   1441.037   1333.393 N000136
     0.000      0.000   0.000      0.000      0.000   0.000   0.0000  0.0000      0.000      0.000   2262.871   1298.249   2262.344   1280.146 N000137
     0.000      0.000   0.000      0.000      0.000   0.000   0.0000  0.0000      0.000      0.000   2141.795   1302.320   2141.411   1292.592 N000138
  1472.490   1244.477  -8.861   1476.903   1346.225  -8.857  -0.0097 -0.0227   1481.260   1308.797   1481.270   1308.820   1476.913   1346.247 N000139
     0.000      0.000   0.000      0.000      0.000   0.000   0.0000  0.0000      0.000      0.000   1572.274   1317.320   1568.927   1348.075 N000140
  1881.151   1254.334  -9.103   1888.974   1326.551  -9.099   0.0510  0.8337   1889.937   1318.654   1889.885   1317.820   1888.924   1325.726 N000141
     0.000      0.000   0.000      0.000      0.000   0.000   0.0000  0.0000      0.000      0.000   1791.982   1318.820   1790.494   1333.707 N000142
  2117.450   1260.386  -9.142   2125.839   1315.891  -9.138  -0.0503 -0.0808   2126.244   1324.707   2126.294   1324.787   2125.889   1315.968 N000143
     0.000      0.000   0.000      0.000      0.000   0.000   0.0000  0.0000      0.000      0.000   1512.908   1332.229   1508.831   1367.268 N000144
  2436.569   1269.983 -10.373   2444.180   1303.297 -10.369   0.0692 -0.0167   2445.375   1334.304   2445.306   1334.321   2444.111   1303.318 N000145
  1932.094   1271.630  -9.459   1940.095   1340.123  -9.455   0.0941  0.1300   1940.881   1335.951   1940.787   1335.821   1940.001   1340.001 N000146
     0.000      0.000   0.000      0.000      0.000   0.000   0.0000  0.0000      0.000      0.000   1291.819   1340.820   1284.549   1392.176 N000147
  3627.293   1281.761 -10.950   3618.117   1236.062 -10.946  -0.2065  0.1036   3636.144   1346.084   3636.350   1345.980   3618.319   1235.947 N000148
     0.000      0.000   0.000      0.000      0.000   0.000   0.0000  0.0000      0.000      0.000   1357.265   1352.821   1350.972   1399.289 N000149
     0.000      0.000   0.000      0.000      0.000   0.000   0.0000  0.0000      0.000      0.000   2003.718   1359.750   2003.083   1359.321 N000150
  2789.763   1307.664 -10.964   2794.680   1316.562 -10.960   0.1578  0.1636   2798.582   1371.986   2798.424   1371.822   2794.523   1316.411 N000151
     0.000      0.000   0.000      0.000      0.000   0.000   0.0000  0.0000      0.000      0.000   1356.265   1373.321   1349.840   1419.839 N000152
  1259.049   1313.880 -11.081   1259.909   1431.328 -11.077   0.0486 -0.1202   1267.811   1378.201   1267.762   1378.321   1259.859   1431.452 N000153
  1455.867   1344.612 -12.718   1459.578   1447.357 -12.714  -0.1334  0.1122   1464.636   1408.934   1464.769   1408.822   1459.714   1447.235 N000154
  3638.637   1344.518 -14.327   3629.654   1297.080 -14.323  -0.0802 -0.0042   3647.488   1408.841   3647.568   1408.845   3629.732   1297.079 N000155
  1954.399   1350.006 -10.957   1962.310   1416.479 -10.953  -0.1009  0.0064   1963.187   1414.329   1963.288   1414.322   1962.411   1416.465 N000156
  2588.532   1351.703  -8.563   2595.318   1373.809  -8.559   0.0317 -0.0471   2597.343   1416.026   2597.311   1416.073   2595.286   1373.858 N000157
  1462.668   1355.207  -8.826   1466.413   1457.433  -8.822   0.0678 -0.0935   1471.437   1419.529   1471.369   1419.622   1466.344   1457.531 N000158
  1728.974   1356.897  -9.300   1735.548   1439.575  -9.296  -0.0262 -0.1033   1737.753   1421.219   1737.779   1421.322   1735.574   1439.676 N000159
  1370.732   1357.859 -11.858   1373.150   1466.925 -11.854   0.1070 -0.1414   1379.498   1422.181   1379.391   1422.322   1373.041   1467.074 N000160
  3972.474   1361.109  -9.290   3955.421   1292.231  -9.286  -0.0264  0.1093   3981.336   1425.433   3981.363   1425.324   3955.446   1292.122 N000161
  1747.055   1367.997 -11.096   1753.727   1449.327 -11.092   0.0553 -0.0028   1755.835   1432.320   1755.780   1432.323   1753.671   1449.334 N000162
     0.000      0.000   0.000      0.000      0.000   0.000   0.0000  0.0000      0.000      0.000   2209.297   1432.323   2208.785   1416.921 N000163
     0.000      0.000   0.000      0.000      0.000   0.000   0.0000  0.0000      0.000      0.000   2517.808   1433.698   2516.311   1396.787 N000164
  2192.683   1374.696 -10.957   2200.966   1424.124 -10.953   0.1826  0.1959   2201.479   1439.019   2201.296   1438.823   2200.784   1423.942 N000165
  2942.849   1378.773  -9.205   2946.237   1376.551  -9.201  -0.1510 -0.1160   2951.673   1443.097   2951.824   1443.213   2946.386   1376.656 N000166
     0.000      0.000   0.000      0.000      0.000   0.000   0.0000  0.0000      0.000      0.000   1412.767   1451.823   1406.745   1494.068 N000167
  1002.078   1388.040 -10.454    997.110   1525.168 -10.450   0.1089  0.0396   1010.830   1452.362   1010.721   1452.322    996.999   1525.137 N000168
  3366.129   1390.319  -9.622   3363.029   1359.864  -9.618  -1.7995 -1.1805   3374.969   1454.644   3376.769   1455.824   3364.802   1360.911 N000169
     0.000      0.000   0.000      0.000      0.000   0.000   0.0000  0.0000      0.000      0.000   2187.296   1466.724   2186.755   1452.662 N000170
  1666.430   1403.182 -11.195   1672.270   1490.301 -11.191  -0.0697  0.1822   1675.207   1467.505   1675.277   1467.323   1672.341   1490.114 N000171
     0.000      0.000   0.000      0.000      0.000   0.000   0.0000  0.0000      0.000      0.000   3375.340   1467.824   3363.467   1372.842 N000172
  1633.739   1412.356  -9.634   1639.214   1501.861  -9.630  -0.1779 -0.1438   1642.514   1476.680   1642.692   1476.823   1639.393   1501.992 N000173
     0.000      0.000   0.000      0.000      0.000   0.000   0.0000  0.0000      0.000      0.000   1159.257   1486.323   1148.540   1547.796 N000174
  2172.552   1425.174 -11.043   2180.778   1475.730 -11.039   0.0522  0.0486   2181.348   1489.498   2181.295   1489.449   2180.726   1475.685 N000175
  3240.941   1428.403  -9.273   3240.232   1405.697  -9.269  -0.0589 -0.0973   3249.776   1492.728   3249.835   1492.825   3240.290   1405.789 N000176
     0.000      0.000   0.000      0.000      0.000   0.000   0.0000  0.0000      0.000      0.000   1911.812   1493.298   1910.515   1498.807 N000177
  1397.941   1432.416  -9.373   1400.323   1539.442  -9.369  -0.0592 -0.0550   1406.707   1496.739   1406.767   1496.794   1400.383   1539.493 N000178
     0.000      0.000   0.000      0.000      0.000   0.000   0.0000  0.0000      0.000      0.000    618.737   1499.823    593.418   1603.786 N000179
  2587.952   1456.111  -9.831   2594.868   1477.349  -9.827  -0.0478  0.1110   2596.763   1520.436   2596.811   1520.325   2594.915   1477.235 N000180
     0.000      0.000   0.000      0.000      0.000   0.000   0.0000  0.0000      0.000      0.000   2426.804   1523.825   2425.777   1492.552 N000181
     0.000      0.000   0.000      0.000      0.000   0.000   0.0000  0.0000      0.000      0.000   2129.793   1530.825   2129.125   1520.522 N000182
     0.000      0.000   0.000      0.000      0.000   0.000   0.0000  0.0000      0.000      0.000    929.026   1533.935    912.540   1613.459 N000183
  2899.681   1480.409 -10.118   2903.885   1480.049 -10.114   0.1550 -0.0906   2908.504   1544.735   2908.349   1544.826   2903.732   1480.149 N000184
     0.000      0.000   0.000      0.000      0.000   0.000   0.0000  0.0000      0.000      0.000   1218.959   1549.025   1208.957   1606.084 N000185
  1836.350   1487.303 -12.724   1843.261   1561.822 -12.720  -0.1496 -0.1967   1845.133   1551.628   1845.283   1551.825   1843.411   1562.007 N000186
  1463.695   1490.439  -9.835   1466.694   1592.564  -9.831   0.1617 -0.0610   1472.464   1554.764   1472.302   1554.825   1466.530   1592.637 N000187
  1754.203   1492.420 -10.469   1760.468   1572.951 -10.465   0.2035 -0.0800   1762.983   1556.745   1762.780   1556.825   1760.262   1573.046 N000188
     0.000      0.000   0.000      0.000      0.000   0.000   0.0000  0.0000      0.000      0.000   1539.271   1560.825   1534.368   1593.620 N000189
     0.000      0.000   0.000      0.000      0.000   0.000   0.0000  0.0000      0.000      0.000   1572.772   1566.325   1568.256   1596.618 N000190
     0.000      0.000   0.000      0.000      0.000   0.000   0.0000  0.0000      0.000      0.000   2133.765   1567.826   2133.039   1557.081 N000191
  1161.239   1507.455  -9.051   1158.829   1632.689  -9.047   0.1029 -0.0450   1169.997   1571.780   1169.894   1571.825   1158.724   1632.742 N000192
  2263.089   1512.103  -8.740   2271.192   1555.789  -8.736   0.0060  0.0195   2271.888   1576.429   2271.882   1576.409   2271.186   1555.770 N000193
  1399.514   1535.286 -11.702   1401.267   1642.327 -11.698   0.0142 -0.2136   1408.280   1599.612   1408.266   1599.826   1401.251   1642.542 N000194
     0.000      0.000   0.000      0.000      0.000   0.000   0.0000  0.0000      0.000      0.000   2184.378   1599.826   2183.649   1585.329 N000195
     0.000      0.000   0.000      0.000      0.000   0.000   0.0000  0.0000      0.000      0.000   2240.771   1601.247   2240.055   1582.712 N000196
  4004.615   1538.879 -12.296   3988.301   1465.131 -12.291   0.1151 -0.1207   4013.478   1603.207   4013.363   1603.328   3988.190   1465.257 N000197
     0.000      0.000   0.000      0.000      0.000   0.000   0.0000  0.0000      0.000      0.000    930.082   1604.742    912.928   1684.600 N000198
  2332.752   1544.836 -10.940   2340.731   1583.418 -10.936  -0.1012 -0.1638   2341.553   1609.163   2341.654   1609.327   2340.832   1583.574 N000199
     0.000      0.000   0.000      0.000      0.000   0.000   0.0000  0.0000      0.000      0.000    495.232   1611.325    464.168   1726.363 N000200
  1848.508   1561.200  -8.863   1855.237   1634.711  -8.859   0.0079  0.1291   1857.291   1625.527   1857.283   1625.398   1855.229   1634.583 N000201
  1673.818   1563.537 -10.496   1679.015   1649.984 -10.492  -0.1825  0.0367   1682.594   1627.863   1682.776   1627.827   1679.200   1649.934 N000202
     0.000      0.000   0.000      0.000      0.000   0.000   0.0000  0.0000      0.000      0.000   1894.284   1628.827   1892.456   1635.288 N000203
  3054.206   1577.776  -9.590   3056.843   1566.011  -9.586   0.2059 -0.2243   3063.033   1642.104   3062.828   1642.328   3056.641   1566.247 N000204
     0.000      0.000   0.000      0.000      0.000   0.000   0.0000  0.0000      0.000      0.000   1839.282   1649.827   1837.002   1660.318 N000205
  2022.159   1585.851 -11.558   2029.746   1646.612 -11.554   0.1591 -0.1492   2030.948   1650.178   2030.789   1650.327   2029.586   1646.772 N000206
   595.662   1597.737  -9.545    576.609   1768.676  -9.541   0.1615 -0.1475    604.397   1662.064    604.236   1662.211    576.440   1768.838 N000207
     0.000      0.000   0.000      0.000      0.000   0.000   0.0000  0.0000      0.000      0.000   1260.260   1662.827   1250.175   1717.116 N000208
  1845.611   1606.414  -9.834   1852.144   1680.103  -9.830   0.1114 -0.0860   1854.394   1670.742   1854.282   1670.828   1852.032   1680.197 N000209
  1677.096   1606.862 -10.594   1682.111   1693.093 -10.590   0.0960 -0.1382   1685.872   1671.189   1685.776   1671.327   1682.013   1693.238 N000210
  1394.914   1608.434  -9.459   1396.096   1716.027  -9.455  -0.0858 -0.0325   1403.680   1672.761   1403.766   1672.794   1396.183   1716.053 N000211
  1714.145   1611.804 -11.226   1719.522   1695.269 -11.222   0.1185 -0.1962   1722.922   1676.131   1722.804   1676.328   1719.402   1695.474 N000212
  2032.907   1627.464 -11.109   2040.419   1687.362 -11.105  -0.0930 -0.0356   2041.696   1691.792   2041.789   1691.828   2040.512   1687.391 N000213
  2210.602   1639.058  -9.588   2218.520   1686.024  -9.584   0.1016  0.0581   2219.397   1703.387   2219.296   1703.328   2218.418   1685.973 N000214
     0.000      0.000   0.000      0.000      0.000   0.000   0.0000  0.0000      0.000      0.000   2779.852   1715.829   2776.842   1658.667 N000215
  1060.537   1653.139  -9.909   1054.561   1787.050  -9.905   0.0374  0.1392   1069.290   1717.467   1069.253   1717.328   1054.524   1786.913 N000216
  1932.731   1653.053 -11.506   1939.663   1720.282 -11.502   0.2310  0.0528   1941.516   1717.381   1941.285   1717.329   1939.431   1720.246 N000217
  2410.279   1653.332 -10.239   2418.008   1685.941 -10.235  -0.1936 -0.1398   2419.082   1717.661   2419.275   1717.801   2418.201   1686.066 N000218
     0.000      0.000   0.000      0.000      0.000   0.000   0.0000  0.0000      0.000      0.000   1207.258   1732.828   1195.506   1791.622 N000219
  1273.887   1668.530  -9.368   1272.421   1785.750  -9.364  -0.1130  0.0305   1282.648   1732.859   1282.761   1732.828   1272.536   1785.710 N000220
     0.000      0.000   0.000      0.000      0.000   0.000   0.0000  0.0000      0.000      0.000   1224.259   1736.828   1212.825   1794.312 N000221
  2390.016   1673.757 -10.124   2397.774   1707.741 -10.120   0.0787  0.0383   2398.819   1738.086   2398.740   1738.048   2397.696   1707.708 N000222
     0.000      0.000   0.000      0.000      0.000   0.000   0.0000  0.0000      0.000      0.000   2119.592   1757.630   2118.407   1747.405 N000223
     0.000      0.000   0.000      0.000      0.000   0.000   0.0000  0.0000      0.000      0.000   2517.307   1759.371   2515.891   1720.497 N000224
     0.000      0.000   0.000      0.000      0.000   0.000   0.0000  0.0000      0.000      0.000    174.219   1759.862    127.445   1904.041 N000225
  3356.292   1697.674 -10.572   3354.941   1664.418 -10.568  -0.2323  0.1503   3365.130   1762.005   3365.362   1761.854   3355.169   1664.253 N000226
     0.000      0.000   0.000      0.000      0.000   0.000   0.0000  0.0000      0.000      0.000   1272.344   1769.329   1261.610   1823.238 N000227
  2072.736   1707.131 -10.043   2080.175   1764.012 -10.039  -0.0390  0.1305   2081.526   1771.460   2081.565   1771.330   2080.215   1763.879 N000228
  1678.617   1715.916  -9.252   1683.072   1802.234  -9.248   0.1169  0.0156   1687.393   1780.245   1687.276   1780.230   1682.954   1802.227 N000229
     0.000      0.000   0.000      0.000      0.000   0.000   0.0000  0.0000      0.000      0.000   1524.770   1792.830   1518.254   1827.273 N000230
     0.000      0.000   0.000      0.000      0.000   0.000   0.0000  0.0000      0.000      0.000   2971.824   1793.331   2967.138   1722.360 N000231
     0.000      0.000   0.000      0.000      0.000   0.000   0.0000  0.0000      0.000      0.000   2329.300   1794.830   2328.286   1769.324 N000232
     0.000      0.000   0.000      0.000      0.000   0.000   0.0000  0.0000      0.000      0.000   3712.351   1809.432   3695.843   1688.298 N000233
     0.000      0.000   0.000      0.000      0.000   0.000   0.0000  0.0000      0.000      0.000   2127.792   1829.531   2126.439   1818.658 N000234
  1931.141   1767.355 -10.569   1937.610   1834.751 -10.565   0.1413 -0.1454   1939.926   1831.686   1939.785   1831.831   1937.467   1834.907 N000235
  2250.179   1770.258  -9.980   2257.888   1814.119  -9.976   1.6793 -0.7421   2258.976   1834.589   2257.297   1835.331   2256.205   1814.983 N000236
  1415.776   1773.248 -10.343   1416.084   1880.011 -10.339   0.0116  0.0717   1424.542   1837.579   1424.530   1837.507   1416.073   1879.940 N000237
  1996.229   1773.848 -10.969   2003.078   1836.395 -10.965   0.2037 -0.1515   2005.016   1838.180   2004.812   1838.331   2002.873   1836.562 N000238
     0.000      0.000   0.000      0.000      0.000   0.000   0.0000  0.0000      0.000      0.000   1553.680   1842.376   1547.251   1874.824 N000239
     0.000      0.000   0.000      0.000      0.000   0.000   0.0000  0.0000      0.000      0.000   1541.770   1849.331   1535.123   1882.733 N000240
  1644.639   1786.252 -10.039   1648.283   1875.402 -10.034   0.1394 -0.0147   1653.414   1850.583   1653.274   1850.598   1648.142   1875.427 N000241
  1957.970   1791.799  -9.928   1964.510   1857.224  -9.924  -0.0298 -0.2013   1966.756   1856.130   1966.786   1856.331   1964.539   1857.424 N000242
  1453.295   1795.071  -9.653   1454.080   1899.045  -9.649  -0.0983  0.0713   1462.062   1859.402   1462.160   1859.331   1454.180   1898.965 N000243
     0.000      0.000   0.000      0.000      0.000   0.000   0.0000  0.0000      0.000      0.000   1414.265   1863.831   1405.426   1907.232 N000244
  1178.506   1804.759  -9.737   1173.805   1930.479  -9.733   0.0061 -0.7025   1187.263   1869.090   1187.257   1869.793   1173.792   1931.188 N000245
  2945.045   1806.670 -10.478   2949.528   1800.871 -10.474   0.0447  0.1696   2953.867   1871.002   2953.822   1870.832   2949.483   1800.705 N000246
  2039.686   1808.689 -10.193   2046.639   1868.043 -10.189   0.1864  0.1885   2048.475   1873.020   2048.289   1872.832   2046.452   1867.868 N000247
  1264.266   1808.868  -9.974   1261.386   1927.792  -9.970  -0.0675 -0.1321   1273.026   1873.199   1273.093   1873.331   1261.454   1927.920 N000248
   762.176   1811.716 -10.383    745.953   1971.416 -10.379   0.1761  0.1629    770.917   1876.047    770.741   1875.884    745.773   1971.266 N000249
  2449.625   1813.001  -9.904   2457.115   1842.378  -9.900   0.1247  0.0009   2458.429   1877.333   2458.304   1877.332   2456.991   1842.386 N000250
  2088.854   1816.254  -8.933   2096.013   1871.968  -8.929  -0.1458 -0.1032   2097.645   1880.586   2097.791   1880.689   2096.159   1872.061 N000251
     0.000      0.000   0.000      0.000      0.000   0.000   0.0000  0.0000      0.000      0.000   1868.282   1881.332   1865.193   1889.898 N000252
  1274.926   1822.409  -9.726   1272.138   1940.597  -9.722  -0.0739 -0.0909   1283.686   1886.741   1283.760   1886.832   1272.213   1940.683 N000253
     0.000      0.000   0.000      0.000      0.000   0.000   0.0000  0.0000      0.000      0.000   1986.870   1886.499   1984.628   1886.143 N000254
  1193.025   1823.637 -11.798   1188.467   1948.363 -11.794   0.0248  0.1368   1201.782   1887.968   1201.757   1887.832   1188.443   1948.227 N000255
  2353.314   1823.632  -9.136   2360.940   1859.962  -9.132  -0.1863  0.2228   2362.114   1887.964   2362.300   1887.742   2361.127   1859.726 N000256
     0.000      0.000   0.000      0.000      0.000   0.000   0.0000  0.0000      0.000      0.000   2777.316   1887.833   2774.507   1830.052 N000257
  2273.116   1825.353  -9.447   2280.735   1867.518  -9.443   0.1157 -0.1472   2281.913   1889.685   2281.797   1889.832   2280.619   1867.674 N000258
     0.000      0.000   0.000      0.000      0.000   0.000   0.0000  0.0000      0.000      0.000   1879.711   1890.332   1876.670   1898.059 N000259
  2808.413   1832.601 -10.490   2814.140   1836.301 -10.486  -0.0870  0.1007   2817.230   1896.934   2817.317   1896.833   2814.226   1836.194 N000260
  2151.686   1833.797 -11.380   2159.029   1884.882 -11.376   0.1857 -0.2029   2160.479   1898.130   2160.293   1898.332   2158.843   1885.099 N000261
     0.000      0.000   0.000      0.000      0.000   0.000   0.0000  0.0000      0.000      0.000   1160.839   1901.415   1146.447   1965.218 N000262
     0.000      0.000   0.000      0.000      0.000   0.000   0.0000  0.0000      0.000      0.000   1474.767   1902.395   1466.666   1941.320 N000263
  3810.261   1846.895 -11.057   3801.004   1782.102 -11.053   0.0708 -0.1053   3819.116   1911.229   3819.045   1911.334   3800.935   1782.211 N000264
  1494.351   1847.904  -9.321   1495.409   1949.011  -9.317  -0.1491 -0.0956   1503.119   1912.237   1503.268   1912.332   1495.560   1949.095 N000265
  2993.076   1848.735 -11.094   2997.150   1839.398 -11.090   0.0756  0.1154   3001.900   1913.068   3001.824   1912.952   2997.075   1839.288 N000266
  1041.107   1852.375 -10.487   1032.562   1989.640 -10.483   0.1066 -0.1251   1049.858   1916.707   1049.751   1916.832   1032.451   1989.775 N000267
  1016.378   1855.445 -10.950   1007.140   1994.757 -10.945  -0.1216 -0.0552   1025.129   1919.777   1025.250   1919.832   1007.264   1994.803 N000268
  2242.435   1862.655 -11.838   2249.927   1907.083 -11.834  -0.0646  0.1546   2251.231   1926.988   2251.296   1926.833   2249.992   1906.924 N000269
  1761.505   1864.311 -10.861   1766.010   1944.844 -10.857   0.0053 -0.1502   1770.283   1928.644   1770.278   1928.794   1766.004   1944.995 N000270
     0.000      0.000   0.000      0.000      0.000   0.000   0.0000  0.0000      0.000      0.000    281.223   1937.832     -1.000     -1.000 N000271
  2148.581   1873.098 -14.204   2155.797   1924.470 -14.200   0.0813  0.0767   2157.374   1937.432   2157.292   1937.355   2155.716   1924.399 N000272
  1208.799   1876.784  -9.765   1204.062   2000.743  -9.761  -0.1653 -0.0729   1217.556   1941.117   1217.722   1941.190   1204.230   2000.803 N000273
  2280.476   1879.063  -9.279   2287.979   1920.712  -9.275  -0.0239  0.0633   2289.273   1943.397   2289.297   1943.333   2288.003   1920.647 N000274
  2585.687   1882.607 -13.218   2592.690   1902.088 -13.214   0.1874  0.1068   2594.496   1946.941   2594.309   1946.834   2592.503   1901.995 N000275
  1631.266   1887.185  -9.174   1634.076   1977.876  -9.170  -0.1842  0.1346   1640.039   1951.518   1640.223   1951.383   1634.264   1977.726 N000276
  1370.724   1888.136 -10.082   1369.260   1999.273 -10.078   0.1886  0.1360   1379.488   1952.469   1379.299   1952.333   1369.069   1999.151 N000277
     0.000      0.000   0.000      0.000      0.000   0.000   0.0000  0.0000      0.000      0.000   2729.282   1954.834   2726.814   1900.301 N000278
  1071.499   1896.459 -10.059   1063.251   2031.741 -10.055  -0.0011 -0.0407   1080.251   1960.792   1080.252   1960.833   1063.252   2031.782 N000279
     0.000      0.000   0.000      0.000      0.000   0.000   0.0000  0.0000      0.000      0.000    962.176   1963.833    941.928   2044.494 N000280
  1788.181   1903.167 -10.205   1792.737   1981.844 -10.201   0.1810  0.1675   1796.960   1967.501   1796.779   1967.334   1792.555   1981.689 N000281
     0.000      0.000   0.000      0.000      0.000   0.000   0.0000  0.0000      0.000      0.000   2485.305   1968.334   2483.820   1931.362 N000282
  1733.304   1907.477 -11.324   1737.240   1990.396 -11.320  -0.1963 -0.0225   1742.081   1971.811   1742.277   1971.834   1737.438   1990.403 N000283
     0.000      0.000   0.000      0.000      0.000   0.000   0.0000  0.0000      0.000      0.000   1290.160   1980.834   1277.860   2035.017 N000284
     0.000      0.000   0.000      0.000      0.000   0.000   0.0000  0.0000      0.000      0.000    974.248   1989.896     -1.000     -1.000 N000285
   488.657   1928.658 -10.150    465.125   2061.608 -10.146   0.1567  0.1581    497.387   1992.991    497.230   1992.833    464.964   2061.461 N000286
     0.000      0.000   0.000      0.000      0.000   0.000   0.0000  0.0000      0.000      0.000   2670.811   1998.763   2668.651   1948.371 N000287
     0.000      0.000   0.000      0.000      0.000   0.000   0.0000  0.0000      0.000      0.000   2633.893   2001.335   2631.895   1953.603 N000288
  2720.005   1937.558 -10.179   2726.356   1947.328 -10.175   0.0051  0.0576   2728.819   2001.893   2728.813   2001.835   2726.351   1947.271 N000289
     0.000      0.000   0.000      0.000      0.000   0.000   0.0000  0.0000      0.000      0.000   2294.047   2008.397   2292.598   1985.459 N000290
  2451.762   1954.310 -11.068   2459.054   1983.499 -11.064  -0.2375 -0.1904   2460.566   2018.645   2460.803   2018.835   2459.291   1983.672 N000291
     0.000      0.000   0.000      0.000      0.000   0.000   0.0000  0.0000      0.000      0.000   2656.811   2019.335   2654.703   1969.943 N000292
  3182.593   1956.472 -12.062   3184.734   1933.511 -12.058   0.0927 -0.0280   3191.423   2020.808   3191.331   2020.836   3184.643   1933.545 N000293
     0.000      0.000   0.000      0.000      0.000   0.000   0.0000  0.0000      0.000      0.000   1410.764   2025.835     -1.000     -1.000 N000294
     0.000      0.000   0.000      0.000      0.000   0.000   0.0000  0.0000      0.000      0.000   3871.056   2025.836   3852.624   1892.346 N000295
   523.226   1963.499 -10.355    500.625   2093.970 -10.351   0.2262 -0.0010    531.958   2027.833    531.732   2027.834    500.390   2093.991 N000296
  2103.839   1963.594 -11.556   2110.525   2018.564 -11.552  -0.1610  0.0939   2112.629   2027.929   2112.790   2027.835   2110.687   2018.458 N000297
     0.000      0.000   0.000      0.000      0.000   0.000   0.0000  0.0000      0.000      0.000   1129.254   2030.334     -1.000     -1.000 N000298
  2446.978   1973.358 -10.300   2454.243   2002.921 -10.296  -0.0219 -0.1419   2455.781   2037.694   2455.803   2037.836   2454.264   2003.061 N000299
   583.404   1980.692 -10.137    562.913   2106.196 -10.133  -0.0960  0.1919    592.138   2045.026    592.234   2044.834    563.015   2105.993 N000300
     0.000      0.000   0.000      0.000      0.000   0.000   0.0000  0.0000      0.000      0.000   2883.619   2044.136   2880.129   1978.466 N000301
     0.000      0.000   0.000      0.000      0.000   0.000   0.0000  0.0000      0.000      0.000   2559.407   2063.336   2557.610   2021.029 N000302
  2820.377   2004.912  -9.343   2826.122   2007.443  -9.339  -0.1226 -0.0879   2829.194   2069.249   2829.317   2069.336   2826.244   2007.522 N000303
   167.961   2007.860 -13.363    129.297   2170.382 -13.359  -0.0391 -0.1400    176.679   2072.195    176.718   2072.335    129.336   2170.521 N000304
  1392.793   2011.409 -10.635   1394.679   2069.584 -10.630  -0.1565 -0.0907   1401.557   2075.745   1401.714   2075.836   1394.838   2069.663 N000305
     0.000      0.000   0.000      0.000      0.000   0.000   0.0000  0.0000      0.000      0.000   2019.287   2078.836     -1.000     -1.000 N000306
     0.000      0.000   0.000      0.000      0.000   0.000   0.0000  0.0000      0.000      0.000   3162.529   2085.737   3156.364   2000.277 N000307
     0.000      0.000   0.000      0.000      0.000   0.000   0.0000  0.0000      0.000      0.000   2470.803   2094.337     -1.000     -1.000 N000308
     0.000      0.000   0.000      0.000      0.000   0.000   0.0000  0.0000      0.000      0.000   2383.800   2095.287     -1.000     -1.000 N000309
  3055.528   2046.129  -9.962   3059.317   2031.882  -9.958   0.0280  0.1288   3064.354   2110.466   3064.325   2110.337   3059.289   2031.755 N000310
     0.000      0.000   0.000      0.000      0.000   0.000   0.0000  0.0000      0.000      0.000   2166.292   2112.337     -1.000     -1.000 N000311
     0.000      0.000   0.000      0.000      0.000   0.000   0.0000  0.0000      0.000      0.000   2362.799   2120.400     -1.000     -1.000 N000312
     0.000      0.000   0.000      0.000      0.000   0.000   0.0000  0.0000      0.000      0.000   2566.378   2124.695     -1.000     -1.000 N000313
     0.000      0.000   0.000      0.000      0.000   0.000   0.0000  0.0000      0.000      0.000   3128.328   2136.838     -1.000     -1.000 N000314
  2527.626   2092.897 -10.324   2537.699   2064.354 -10.320   0.1258 -0.1027   2536.431   2157.235   2536.306   2157.338   2537.574   2064.466 N000315
  1732.876   2095.066 -11.717   1739.376   2126.891 -11.713  -0.1241  0.0655   1741.652   2159.403   1741.776   2159.338   1739.502   2126.815 N000316
     0.000      0.000   0.000      0.000      0.000   0.000   0.0000  0.0000      0.000      0.000   1613.382   2165.338   1609.414   2142.988 N000317
  1967.773   2121.549 -11.612   1976.416   2135.305 -11.608  -0.2272  0.0495   1976.557   2185.888   1976.785   2185.838   1976.645   2135.238 N000318
     0.000      0.000   0.000      0.000      0.000   0.000   0.0000  0.0000      0.000      0.000   1377.262   2190.338   1369.034   2187.258 N000319
   811.410   2130.279 -11.922    797.181   2238.351 -11.918  -0.0904 -0.2211    820.151   2194.616    820.242   2194.838    797.272   2238.568 N000320
  1447.233   2139.006  -9.840   1449.183   2193.992  -9.836   0.1178  0.0065   1455.998   2203.345   1455.881   2203.338   1449.063   2193.995 N000321
     0.000      0.000   0.000      0.000      0.000   0.000   0.0000  0.0000      0.000      0.000   1950.784   2203.776   1950.375   2155.293 N000322
     0.000      0.000   0.000      0.000      0.000   0.000   0.0000  0.0000      0.000      0.000   2332.798   2205.381   2334.215   2127.758 N000323
     0.000      0.000   0.000      0.000      0.000   0.000   0.0000  0.0000      0.000      0.000   1978.285   2218.339   1978.035   2167.828 N000324
     0.000      0.000   0.000      0.000      0.000   0.000   0.0000  0.0000      0.000      0.000   2234.268   2220.339   2235.442   2150.223 N000325
   509.037   2157.391 -11.732    483.268   2292.412 -11.728   0.0374 -0.1092    517.768   2221.729    517.730   2221.838    483.228   2292.527 N000326
  2086.306   2159.355 -10.324   2095.628   2164.222 -10.320  -0.1941 -0.1450   2095.095   2223.694   2095.289   2223.839   2095.823   2164.353 N000327
  2050.805   2164.478 -12.472   2059.893   2172.105 -12.468  -0.1708 -0.0223   2059.593   2228.817   2059.764   2228.839   2060.065   2172.114 N000328
  2163.650   2166.174 -12.037   2173.357   2165.157 -12.033   0.1497  0.1736   2172.441   2230.513   2172.292   2230.339   2173.207   2164.994 N000329
  1638.286   2175.091 -11.726   1643.099   2215.071 -11.722  -0.2135  0.0913   1647.059   2239.430   1647.272   2239.339   1643.316   2214.962 N000330
  1728.570   2174.974 -10.624   1734.586   2207.785 -10.620   0.0695 -0.0257   1737.345   2239.313   1737.275   2239.339   1734.515   2207.816 N000331
  2448.893   2179.035 -11.486   2459.095   2156.510 -11.482  -0.1070  0.0352   2457.695   2243.375   2457.802   2243.340   2459.202   2156.467 N000332
     0.000      0.000   0.000      0.000      0.000   0.000   0.0000  0.0000      0.000      0.000   2256.795   2246.340   2257.987   2174.635 N000333
  1763.296   2185.191 -11.270   1769.670   2215.349 -11.266  -0.1780  0.1643   1772.072   2249.530   1772.250   2249.366   1769.851   2215.169 N000334
  2502.602   2190.833  -9.798   2512.736   2164.333  -9.794   0.1015 -0.1667   2511.406   2255.173   2511.304   2255.340   2512.635   2164.508 N000335
  1449.166   2191.836 -10.013   1450.736   2247.248 -10.009   0.1657 -0.1635   1457.931   2256.176   1457.765   2256.339   1450.566   2247.427 N000336
  1330.145   2198.727  -9.722   1329.262   2263.997  -9.718   0.1454  0.1606   1338.906   2263.067   1338.761   2262.906   1329.115   2263.847 N000337
     0.000      0.000   0.000      0.000      0.000   0.000   0.0000  0.0000      0.000      0.000   1186.755   2264.839   1173.590   2278.448 N000338
  3153.029   2200.463 -11.318   3159.103   2126.522 -11.314   0.0290 -0.0372   3161.857   2264.803   3161.828   2264.841   3159.074   2126.561 N000339
     0.000      0.000   0.000      0.000      0.000   0.000   0.0000  0.0000      0.000      0.000   3579.844   2264.841   3571.122   2097.221 N000340
  1108.114   2206.057 -11.773   1101.861   2289.961 -11.769   0.1141  0.0574   1116.866   2270.397   1116.752   2270.339   1101.744   2289.912 N000341
  1236.255   2216.750 -11.142   1233.091   2290.054 -11.138   0.0165 -0.0828   1245.011   2281.090   1244.995   2281.173   1233.073   2290.139 N000342
     0.000      0.000   0.000      0.000      0.000   0.000   0.0000  0.0000      0.000      0.000   2561.306   2285.341   2562.549   2190.871 N000343
  1499.240   2236.982  -9.878   1501.366   2288.845  -9.874   0.1515 -0.0180   1508.006   2301.322   1507.855   2301.340   1501.212   2288.876 N000344
     0.000      0.000   0.000      0.000      0.000   0.000   0.0000  0.0000      0.000      0.000   3042.824   2305.380   3041.446   2175.606 N000345
  2149.865   2248.618 -10.064   2159.263   2249.157 -10.060  -0.1346  0.1180   2158.656   2312.959   2158.791   2312.841   2159.398   2249.028 N000346
     0.000      0.000   0.000      0.000      0.000   0.000   0.0000  0.0000      0.000      0.000    446.227   2315.840    407.331   2394.820 N000347
  3181.246   2257.975  -9.087   3187.255   2181.948  -9.083  -0.0038 -0.0250   3190.075   2322.317   3190.079   2322.342   3187.259   2181.973 N000348
  1379.210   2258.412 -10.440   1378.834   2320.407 -10.436   0.2103 -0.0884   1387.972   2322.752   1387.762   2322.841   1378.619   2320.514 N000349
  1305.795   2261.582 -12.379   1303.804   2329.714 -12.375  -0.2049  0.0822   1314.554   2325.923   1314.759   2325.841   1304.014   2329.614 N000350
  2148.731   2272.382 -10.313   2158.051   2273.173 -10.309   0.2308 -0.1178   2157.521   2336.724   2157.291   2336.841   2157.819   2273.309 N000351
  2591.379   2274.429 -11.425   2601.357   2241.586 -11.421  -0.1211 -0.0711   2600.186   2338.771   2600.307   2338.842   2601.478   2241.649 N000352
  1352.283   2277.169 -11.213   1351.165   2341.654 -11.209  -0.2165  0.1451   1361.044   2341.510   1361.261   2341.365   1351.387   2341.489 N000353
  3229.892   2277.411  -9.047   3235.438   2197.886  -9.043  -0.1083 -0.0894   3238.723   2341.753   3238.831   2341.842   3235.546   2197.968 N000354
     0.000      0.000   0.000      0.000      0.000   0.000   0.0000  0.0000      0.000      0.000   2312.255   2342.842   2313.382   2267.432 N000355
     0.000      0.000   0.000      0.000      0.000   0.000   0.0000  0.0000      0.000      0.000   2752.313   2343.842   2752.997   2235.372 N000356
   985.332   2282.687  -9.676    974.767   2378.285  -9.672  -0.1678  0.1867    994.079   2347.028    994.247   2346.841    974.942   2378.081 N000357
   389.767   2287.784 -10.510    356.938   2436.219 -10.506  -0.0103 -0.0215    398.493   2352.125    398.503   2352.146    356.948   2436.240 N000358
     0.000      0.000   0.000      0.000      0.000   0.000   0.0000  0.0000      0.000      0.000   1748.275   2352.392   1744.982   2321.102 N000359
     0.000      0.000   0.000      0.000      0.000   0.000   0.0000  0.0000      0.000      0.000   1248.757   2356.913   1236.183   2366.663 N000360
  2658.214   2295.471 -11.014   2668.033   2257.724 -11.010   0.1863 -0.0293   2667.024   2359.813   2666.837   2359.842   2667.848   2257.767 N000361
  1725.977   2300.994  -9.501   1731.196   2335.269  -9.497  -0.0227 -0.0063   1734.752   2365.335   1734.775   2365.342   1731.219   2335.274 N000362
  1251.273   2303.927  -9.964   1247.613   2377.244  -9.960  -0.1121 -0.0732   1260.030   2368.268   1260.142   2368.341   1247.727   2377.309 N000363
     0.000      0.000   0.000      0.000      0.000   0.000   0.0000  0.0000      0.000      0.000   1724.774   2368.175   1721.064   2338.941 N000364
  1986.750   2306.631 -10.478   1994.796   2320.306 -10.474  -0.0004  0.1311   1995.534   2370.973   1995.534   2370.842   1994.797   2320.174 N000365
  3437.777   2308.470  -9.413   3440.739   2214.162  -9.409   0.2774 -0.0297   3446.616   2372.813   3446.339   2372.843   3440.466   2214.211 N000366
  1397.074   2308.983  -9.440   1396.617   2370.198  -9.436   0.0736 -0.0175   1405.836   2373.324   1405.762   2373.342   1396.542   2370.222 N000367
     0.000      0.000   0.000      0.000      0.000   0.000   0.0000  0.0000      0.000      0.000    573.231   2373.941    538.750   2442.757 N000368
     0.000      0.000   0.000      0.000      0.000   0.000   0.0000  0.0000      0.000      0.000    608.733   2373.984    575.678   2439.621 N000369
     0.000      0.000   0.000      0.000      0.000   0.000   0.0000  0.0000      0.000      0.000    934.245   2374.041    912.761   2410.958 N000370
  2253.319   2312.543 -10.982   2263.003   2305.546 -10.978  -0.1813  0.0429   2262.113   2376.885   2262.294   2376.842   2263.185   2305.489 N000371
  2705.039   2314.478  -9.225   2714.717   2273.317  -9.221   0.0391 -0.0224   2713.850   2378.820   2713.811   2378.843   2714.678   2273.342 N000372
     0.000      0.000   0.000      0.000      0.000   0.000   0.0000  0.0000      0.000      0.000   1678.818   2380.251   1674.371   2354.858 N000373
  1188.282   2324.292 -11.031   1182.860   2403.248 -11.027   0.2464 -0.2078   1197.037   2388.634   1196.790   2388.842   1182.605   2403.480 N000374
     0.000      0.000   0.000      0.000      0.000   0.000   0.0000  0.0000      0.000      0.000   2437.729   2390.271   2438.975   2305.576 N000375
     0.000      0.000   0.000      0.000      0.000   0.000   0.0000  0.0000      0.000      0.000   2113.789   2391.843   2113.858   2332.114 N000376
     0.000      0.000   0.000      0.000      0.000   0.000   0.0000  0.0000      0.000      0.000   1684.673   2398.342   1680.186   2372.694 N000377
  2144.092   2336.121 -11.499   2153.166   2337.760 -11.495   0.0916  0.1211   2152.882   2400.464   2152.790   2400.343   2153.074   2337.645 N000378
   560.061   2343.274 -10.214    533.616   2477.569 -10.210   0.0608 -0.1943    568.792   2407.616    568.731   2407.811    533.550   2477.773 N000379
  1097.396   2347.327  -9.810   1089.301   2434.420  -9.806  -0.1336 -0.1733   1106.147   2411.669   1106.281   2411.842   1089.436   2434.585 N000380
     0.000      0.000   0.000      0.000      0.000   0.000   0.0000  0.0000      0.000      0.000   1470.473   2413.801   1462.194   2405.894 N000381
  1657.263   2364.565 -10.942   1661.046   2405.156 -10.938  -0.1812  0.0649   1666.035   2428.908   1666.216   2428.843   1661.231   2405.075 N000382
     0.000      0.000   0.000      0.000      0.000   0.000   0.0000  0.0000      0.000      0.000   2453.801   2431.156   2455.004   2345.492 N000383
  2506.519   2367.093 -10.249   2516.548   2341.096 -10.245   0.0194  0.0928   2515.323   2431.437   2515.304   2431.344   2516.529   2341.004 N000384
  2015.933   2372.591 -11.767   2023.924   2384.595 -11.763  -0.0675  0.0909   2024.718   2436.934   2024.785   2436.843   2023.993   2384.498 N000385
  1267.575   2373.788  -9.611   1263.591   2446.843  -9.607   0.1247 -0.1620   1276.332   2438.131   1276.207   2438.293   1263.462   2447.018 N000386
  2680.535   2373.995  -9.614   2690.329   2334.924  -9.610   0.0352 -0.0051   2689.345   2438.339   2689.310   2438.344   2690.294   2334.932 N000387
   346.773   2387.067 -10.061    310.318   2541.819 -10.057  -0.2270  0.0674    355.496   2451.410    355.723   2451.343    310.557   2541.729 N000388
     0.000      0.000   0.000      0.000      0.000   0.000   0.0000  0.0000      0.000      0.000   2081.100   2451.344   2080.698   2394.709 N000389
     0.000      0.000   0.000      0.000      0.000   0.000   0.0000  0.0000      0.000      0.000   1696.773   2456.844   1692.039   2430.959 N000390
  1180.112   2393.426  -9.702   1173.724   2474.251  -9.698   0.0823 -0.0154   1188.866   2457.769   1188.783   2457.784   1173.639   2474.274 N000391
     0.000      0.000   0.000      0.000      0.000   0.000   0.0000  0.0000      0.000      0.000    680.235   2458.843    648.697   2519.920 N000392
   386.784   2407.838 -10.602    351.812   2559.434 -10.598  -0.1533 -0.1616    395.509   2472.181    395.662   2472.343    351.970   2559.585 N000393
  1635.525   2418.493 -10.338   1638.544   2461.596 -10.334   0.0248 -0.0067   1644.296   2482.837   1644.271   2482.844   1638.519   2461.605 N000394
     0.000      0.000   0.000      0.000      0.000   0.000   0.0000  0.0000      0.000      0.000   2771.313   2490.845   2772.066   2381.554 N000395
  1724.471   2429.626 -11.336   1728.779   2465.618 -11.332  -0.0290  0.1258   1733.245   2493.970   1733.274   2493.844   1728.809   2465.488 N000396
     0.000      0.000   0.000      0.000      0.000   0.000   0.0000  0.0000      0.000      0.000   1611.207   2497.344   1604.786   2479.034 N000397
  1672.241   2434.315 -11.075   1675.724   2474.636 -11.071   0.2116 -0.1848   1681.013   2498.660   1680.802   2498.844   1675.507   2474.841 N000398
     0.000      0.000   0.000      0.000      0.000   0.000   0.0000  0.0000      0.000      0.000   1320.759   2499.344   1308.435   2505.331 N000399
     0.000      0.000   0.000      0.000      0.000   0.000   0.0000  0.0000      0.000      0.000   2485.711   2504.754   2486.839   2417.180 N000400
     0.000      0.000   0.000      0.000      0.000   0.000   0.0000  0.0000      0.000      0.000   1986.784   2507.845   1985.299   2459.268 N000401
  2961.066   2447.503 -12.559   2969.652   2387.843 -12.555   0.0656  0.0035   2969.886   2511.849   2969.820   2511.846   2969.587   2387.844 N000402
  3882.462   2452.614  -9.209   3878.849   2327.059  -9.205  -0.0380  0.0586   3891.316   2516.961   3891.354   2516.902   3878.886   2326.998 N000403
  2506.359   2455.281 -11.125   2516.288   2429.915 -11.121  -0.1408 -0.1912   2515.162   2519.626   2515.303   2519.818   2516.429   2430.097 N000404
   462.606   2457.278 -11.024    430.187   2603.162 -11.020   0.1062 -0.2220    471.333   2521.622    471.227   2521.844    430.072   2603.399 N000405
  1639.219   2459.261 -12.799   1641.969   2502.659 -12.795   0.2187  0.1023   1647.990   2523.606   1647.771   2523.504   1641.748   2502.573 N000406
  1392.982   2475.202  -9.944   1390.842   2539.388  -9.940  -0.0183  0.2023   1401.743   2539.547   1401.762   2539.345   1390.863   2539.181 N000407
  2275.927   2477.708  -8.683   2285.205   2470.350  -8.679  -0.2725  0.1083   2284.722   2542.054   2284.994   2541.946   2285.479   2470.219 N000408
  1824.661   2490.595  -9.977   1829.920   2519.291  -9.973   0.1614  0.0954   1833.439   2554.941   1833.278   2554.846   1829.757   2519.207 N000409
     0.000      0.000   0.000      0.000      0.000   0.000   0.0000  0.0000      0.000      0.000   2507.103   2554.746   2508.170   2465.942 N000410
  2378.320   2491.871  -9.395   2387.945   2476.684  -9.391  -0.1517 -0.1286   2387.119   2556.218   2387.270   2556.346   2388.097   2476.802 N000411
  1743.792   2492.300 -11.127   1747.917   2527.608 -11.123  -0.2084 -0.1997   1752.566   2556.646   1752.775   2556.846   1748.127   2527.794 N000412
     0.000      0.000   0.000      0.000      0.000   0.000   0.0000  0.0000      0.000      0.000    713.736   2560.345    681.948   2620.750 N000413
     0.000      0.000   0.000      0.000      0.000   0.000   0.0000  0.0000      0.000      0.000   2272.794   2561.846   2273.155   2491.276 N000414
  2120.912   2501.031  -9.233   2129.155   2506.119  -9.229  -0.0496  0.0694   2129.700   2565.377   2129.750   2565.308   2129.205   2506.045 N000415
  3015.534   2502.664 -10.007   3023.874   2439.219 -10.003   0.0341  0.1637   3024.356   2567.010   3024.322   2566.847   3023.840   2439.057 N000416
  1317.241   2505.209 -10.503   1313.054   2576.360 -10.499  -0.2005  0.2095   1325.999   2569.555   1326.200   2569.346   1313.262   2576.129 N000417
     0.000      0.000   0.000      0.000      0.000   0.000   0.0000  0.0000      0.000      0.000   4091.362   2578.348   4075.291   2374.635 N000418
  2289.240   2514.218  -9.178   2298.455   2506.194  -9.174   0.1495  0.1273   2298.035   2578.565   2297.886   2578.437   2298.305   2506.077 N000419
     0.000      0.000   0.000      0.000      0.000   0.000   0.0000  0.0000      0.000      0.000   2664.808   2580.847   2665.834   2480.197 N000420
     0.000      0.000   0.000      0.000      0.000   0.000   0.0000  0.0000      0.000      0.000   2007.284   2581.380   2005.598   2532.068 N000421
     0.000      0.000   0.000      0.000      0.000   0.000   0.0000  0.0000      0.000      0.000   2276.294   2591.847   2276.568   2521.326 N000422
     0.000      0.000   0.000      0.000      0.000   0.000   0.0000  0.0000      0.000      0.000   2229.292   2592.347   2229.300   2525.530 N000423
  2180.782   2528.850  -8.860   2189.328   2529.526  -8.856  -0.1628 -0.0943   2189.572   2593.197   2189.735   2593.291   2189.492   2529.608 N000424
     0.000      0.000   0.000      0.000      0.000   0.000   0.0000  0.0000      0.000      0.000   2581.972   2598.347   2583.027   2504.178 N000425
  2793.461   2533.813 -11.045   2802.982   2487.200 -11.041  -0.0386 -0.1867   2802.275   2598.161   2802.313   2598.347   2803.021   2487.385 N000426
  3088.679   2537.312 -11.694   3096.569   2468.617 -11.690   0.1794 -0.1877   3097.504   2601.660   3097.324   2601.848   3096.392   2468.819 N000427
   473.226   2547.885  -9.555    439.713   2695.185  -9.551   0.1871 -0.1150    481.953   2612.231    481.765   2612.346    439.516   2695.321 N000428
   792.301   2568.332  -8.960    771.428   2686.943  -8.956  -0.1995  0.2315    801.039   2632.678    801.239   2632.447    771.638   2686.688 N000429
  1399.572   2568.795 -11.575   1396.614   2634.138 -11.571   0.0719 -0.2047   1408.333   2633.142   1408.261   2633.347   1396.538   2634.353 N000430
   802.173   2569.573  -9.845    781.643   2687.324  -9.841   0.1734  0.0733    810.913   2633.920    810.739   2633.847    781.465   2687.265 N000431
     0.000      0.000   0.000      0.000      0.000   0.000   0.0000  0.0000      0.000      0.000   1495.215   2635.847   1485.331   2629.527 N000432
  2637.176   2573.942 -12.972   2646.986   2539.568 -12.968   0.1764 -0.0580   2645.984   2638.290   2645.807   2638.348   2646.810   2539.640 N000433
  1166.318   2576.572 -10.150   1157.391   2662.169 -10.146  -0.1560  0.0722   1175.070   2640.919   1175.226   2640.847   1157.552   2662.081 N000434
  2097.185   2582.938 -10.540   2104.834   2590.949 -10.536   0.1851 -0.0617   2105.972   2647.286   2105.787   2647.348   2104.647   2591.026 N000435
     0.000      0.000   0.000      0.000      0.000   0.000   0.0000  0.0000      0.000      0.000   2329.796   2647.848   2330.140   2573.767 N000436
   944.264   2589.332 -10.707    928.381   2694.811 -10.703  -0.2364 -0.1684    953.008   2653.679    953.244   2653.847    928.623   2694.962 N000437
  1718.755   2590.814 -11.036   1721.710   2629.746 -11.032   0.1497 -0.1861   1727.528   2655.162   1727.378   2655.348   1721.556   2629.948 N000438
     0.000      0.000   0.000      0.000      0.000   0.000   0.0000  0.0000      0.000      0.000   2513.302   2660.348   2514.195   2572.086 N000439
  1263.947   2597.895  -9.826   1257.392   2675.460  -9.822  -0.0531 -0.1051   1272.703   2662.242   1272.756   2662.348   1257.445   2675.563 N000440
     0.000      0.000   0.000      0.000      0.000   0.000   0.0000  0.0000      0.000      0.000   2168.390   2663.748   2167.674   2602.646 N000441
  1702.074   2606.196 -10.410   1704.626   2646.780 -10.406   0.0739  0.1957   1710.846   2670.544   1710.772   2670.348   1704.553   2646.587 N000442
     0.000      0.000   0.000      0.000      0.000   0.000   0.0000  0.0000      0.000      0.000   1117.250   2672.795   1097.503   2699.814 N000443
     0.000      0.000   0.000      0.000      0.000   0.000   0.0000  0.0000      0.000      0.000   2863.260   2684.349   2863.797   2569.427 N000444
     0.000      0.000   0.000      0.000      0.000   0.000   0.0000  0.0000      0.000      0.000    680.934   2685.848    645.860   2752.420 N000445
     0.000      0.000   0.000      0.000      0.000   0.000   0.0000  0.0000      0.000      0.000   2580.405   2685.749   2581.340   2592.553 N000446
  1419.959   2627.633 -12.315   1416.828   2692.395 -12.311  -0.0408  0.1327   1428.721   2691.981   1428.762   2691.848   1416.871   2692.256 N000447
     0.000      0.000   0.000      0.000      0.000   0.000   0.0000  0.0000      0.000      0.000   2578.305   2692.849   2579.226   2599.892 N000448
   273.837   2638.541 -10.136    229.164   2807.242 -10.132  -0.1634  0.0410    282.556   2702.889    282.719   2702.848    229.336   2807.184 N000449
  1262.816   2645.511 -11.726   1255.661   2724.198 -11.722  -0.1843  0.0111   1271.572   2709.860   1271.756   2709.849   1255.850   2724.170 N000450
    92.142   2649.614 -10.042     37.613   2836.185 -10.038   0.1418  0.1141    100.854   2713.962    100.712   2713.848     37.466   2836.081 N000451
  3528.496   2658.215 -10.449   3532.153   2557.907 -10.445  -0.0036  0.0480   3537.337   2722.565   3537.340   2722.517   3532.156   2557.858 N000452
  2958.249   2660.793 -10.151   2967.201   2602.691 -10.147  -0.2233 -0.1791   2967.068   2725.143   2967.291   2725.322   2967.423   2602.855 N000453
     0.000      0.000   0.000      0.000      0.000   0.000   0.0000  0.0000      0.000      0.000   3758.315   2724.917   3749.827   2544.476 N000454
  2453.874   2663.126 -11.179   2463.293   2643.937 -11.175  -0.1042  0.1259   2462.674   2727.476   2462.779   2727.350   2463.398   2643.801 N000455
     0.000      0.000   0.000      0.000      0.000   0.000   0.0000  0.0000      0.000      0.000   2248.392   2728.350   2247.957   2661.760 N000456
  1359.587   2664.490  -9.529   1354.641   2735.205  -9.525   0.0866 -0.0096   1368.346   2728.839   1368.259   2728.849   1354.552   2735.223 N000457
  2758.949   2670.175  -9.056   2768.567   2627.365  -9.052  -0.0508  0.1750   2767.761   2734.525   2767.812   2734.350   2768.618   2627.184 N000458
     0.000      0.000   0.000      0.000      0.000   0.000   0.0000  0.0000      0.000      0.000   3625.250   2733.944   3618.893   2563.015 N000459
     0.000      0.000   0.000      0.000      0.000   0.000   0.0000  0.0000      0.000      0.000   1427.595   2748.766   1415.057   2750.456 N000460
  2685.553   2684.491 -13.430   2695.237   2647.497 -13.426   0.0526 -0.0085   2694.361   2748.842   2694.309   2748.850   2695.185   2647.510 N000461
     0.000      0.000   0.000      0.000      0.000   0.000   0.0000  0.0000      0.000      0.000   3190.327   2750.751   3189.038   2611.725 N000462
     0.000      0.000   0.000      0.000      0.000   0.000   0.0000  0.0000      0.000      0.000   2947.318   2752.250   2947.571   2631.531 N000463
  1580.299   2693.600 -10.422   1579.858   2746.055 -10.418  -0.1676  0.1005   1589.067   2757.950   1589.234   2757.850   1580.030   2745.938 N000464
  1944.841   2699.805 -11.372   1950.179   2721.976 -11.368  -0.1590 -0.1949   1953.622   2764.155   1953.781   2764.350   1950.339   2722.162 N000465
     0.000      0.000   0.000      0.000      0.000   0.000   0.0000  0.0000      0.000      0.000   3017.821   2780.351   3017.764   2654.535 N000466
   302.516   2717.702  -9.621    257.683   2886.188  -9.617   0.0157  0.2017    311.236   2782.051    311.220   2781.849    257.671   2885.981 N000467
  2035.964   2723.351 -11.229   2042.205   2738.465 -11.225  -0.0357 -0.1485   2044.749   2787.702   2044.784   2787.851   2042.240   2738.613 N000468
     0.000      0.000   0.000      0.000      0.000   0.000   0.0000  0.0000      0.000      0.000   2769.999   2794.289   2770.771   2687.589 N000469
   483.746   2730.671 -10.708    447.377   2882.304 -10.704   0.0919  0.1708    492.472   2795.021    492.380   2794.850    447.284   2882.137 N000470
  1773.042   2734.207  -9.843   1775.659   2771.252  -9.839   0.0425  0.1188   1781.817   2798.558   1781.775   2798.439   1775.617   2771.134 N000471
     0.000      0.000   0.000      0.000      0.000   0.000   0.0000  0.0000      0.000      0.000    947.643   2815.300    920.434   2861.011 N000472
     0.000      0.000   0.000      0.000      0.000   0.000   0.0000  0.0000      0.000      0.000   1742.273   2815.851   1735.315   2792.200 N000473
  1623.086   2752.017  -9.535   1622.896   2802.047  -9.531   0.0863  0.0167   1631.855   2816.368   1631.769   2816.351   1622.808   2802.037 N000474
  2483.877   2764.628  -9.437   2493.117   2744.414  -9.433  -0.1229  0.1284   2492.678   2828.980   2492.801   2828.852   2493.240   2744.274 N000475
     0.000      0.000   0.000      0.000      0.000   0.000   0.0000  0.0000      0.000      0.000   2047.284   2833.352   2044.475   2784.705 N000476
     0.000      0.000   0.000      0.000      0.000   0.000   0.0000  0.0000      0.000      0.000    816.238   2833.565    783.989   2891.784 N000477
     0.000      0.000   0.000      0.000      0.000   0.000   0.0000  0.0000      0.000      0.000   1172.109   2840.708   1151.725   2866.916 N000478
  3340.753   2779.725 -11.207   3347.129   2693.915 -11.203  -0.0366  0.0667   3349.586   2844.077   3349.622   2844.011   3347.165   2693.845 N000479
  2465.747   2784.470  -8.788   2474.866   2765.975  -8.784  -0.0025 -0.0302   2474.548   2848.822   2474.550   2848.852   2474.869   2766.005 N000480
  2231.639   2792.602  -9.915   2239.332   2792.992  -9.911   0.1393  0.1019   2240.431   2856.954   2240.291   2856.852   2239.192   2792.899 N000481
  1085.701   2793.204  -9.275   1071.451   2891.149  -9.271   0.1239  0.2040   1094.449   2857.555   1094.326   2857.351   1071.326   2890.951 N000482
     0.000      0.000   0.000      0.000      0.000   0.000   0.0000  0.0000      0.000      0.000   2770.311   2857.353   2771.038   2751.367 N000483
  2000.914   2795.916  -9.359   2006.268   2815.208  -9.355  -0.0865 -0.0841   2009.696   2860.268   2009.783   2860.352   2006.355   2815.287 N000484
     0.000      0.000   0.000      0.000      0.000   0.000   0.0000  0.0000      0.000      0.000   1787.774   2861.352   1781.170   2834.799 N000485
  1917.360   2801.185 -10.311   1921.583   2827.501 -10.307  -0.1402  0.1854   1926.139   2865.538   1926.280   2865.352   1921.727   2827.300 N000486
  3779.193   2803.179 -12.417   3780.009   2685.645 -12.413   0.1933  0.1794   3788.042   2867.533   3787.849   2867.354   3779.818   2685.478 N000487
     0.000      0.000   0.000      0.000      0.000   0.000   0.0000  0.0000      0.000      0.000   2465.100   2867.853   2465.320   2786.036 N000488
  2687.616   2812.874  -9.874   2697.143   2777.266  -9.870   0.1158 -0.1257   2696.424   2877.227   2696.308   2877.353   2697.027   2777.403 N000489
  2577.253   2817.016  -8.933   2586.622   2790.148  -8.929  -0.3100  0.0164   2586.057   2881.369   2586.367   2881.353   2586.933   2790.107 N000490
     0.000      0.000   0.000      0.000      0.000   0.000   0.0000  0.0000      0.000      0.000   2320.830   2893.425   2320.154   2823.576 N000491
     0.000      0.000   0.000      0.000      0.000   0.000   0.0000  0.0000      0.000      0.000   1958.822   2897.770   1954.460   2857.648 N000492
  2102.230   2841.158 -10.394   2108.435   2852.955 -10.390   0.0633  0.1576   2111.016   2905.511   2110.953   2905.353   2108.372   2852.800 N000493
     0.000      0.000   0.000      0.000      0.000   0.000   0.0000  0.0000      0.000      0.000   2473.300   2906.853   2473.429   2824.976 N000494
     0.000      0.000   0.000      0.000      0.000   0.000   0.0000  0.0000      0.000      0.000   1097.749   2908.762   1074.109   2943.447 N000495
   742.179   2848.788  -8.939    714.751   2979.794  -8.935   0.1788  0.0739    750.914   2913.141    750.736   2913.067    714.567   2979.734 N000496
  2503.940   2851.225 -13.100   2512.998   2830.687 -13.096  -0.0595  0.1603   2512.742   2915.579   2512.801   2915.419   2513.058   2830.519 N000497
     0.000      0.000   0.000      0.000      0.000   0.000   0.0000  0.0000      0.000      0.000    764.736   2929.353    728.833   2995.221 N000498
  1253.149   2872.198  -9.315   1242.820   2957.258  -9.311   0.1491  0.1983   1261.904   2936.552   1261.755   2936.353   1242.669   2957.068 N000499
  1217.195   2878.780 -11.283   1205.734   2967.230 -11.279   0.1698 -0.2205   1225.948   2943.133   1225.778   2943.353   1205.556   2967.472 N000500
     0.000      0.000   0.000      0.000      0.000   0.000   0.0000  0.0000      0.000      0.000   1963.281   2948.354   1958.586   2908.888 N000501
  1918.786   2889.713 -11.484   1922.323   2917.712 -11.480  -0.2138  0.2131   1927.565   2954.067   1927.779   2953.854   1922.542   2917.477 N000502
     0.000      0.000   0.000      0.000      0.000   0.000   0.0000  0.0000      0.000      0.000   1774.274   2957.854   1766.554   2934.515 N000503
   519.843   2893.857 -11.093    481.967   3047.374 -11.089  -0.1575 -0.1427    528.570   2958.210    528.727   2958.353    482.129   3047.506 N000504
     0.000      0.000   0.000      0.000      0.000   0.000   0.0000  0.0000      0.000      0.000   1552.220   2961.854   1540.114   2957.663 N000505
  2487.488   2907.570  -8.674   2496.300   2889.253  -8.670   0.0434  0.1259   2496.288   2971.925   2496.245   2971.799   2496.257   2889.128 N000506
  1044.353   2910.883 -10.554   1026.994   3015.877 -10.550  -0.1471 -0.1173   1053.099   2975.237   1053.247   2975.354   1027.144   3015.985 N000507
  1142.262   2912.284 -11.524   1128.057   3008.415 -11.520  -0.2383 -0.2157   1151.012   2976.638   1151.250   2976.854   1128.300   3008.615 N000508
     0.000      0.000   0.000      0.000      0.000   0.000   0.0000  0.0000      0.000      0.000   2051.784   2988.855   2047.949   2942.846 N000509
  2538.753   2927.011  -9.424   2547.717   2904.901  -9.420   0.0989  0.0496   2547.555   2991.366   2547.456   2991.317   2547.618   2904.859 N000510
  2792.205   2931.257 -10.375   2801.597   2889.097 -10.371   0.2045  0.0464   2801.016   2995.612   2800.812   2995.566   2801.393   2889.066 N000511
   719.736   2933.920 -10.362    689.848   3069.765 -10.358   0.1605 -0.0797    728.470   2998.274    728.309   2998.354    689.679   3069.862 N000512
     0.000      0.000   0.000      0.000      0.000   0.000   0.0000  0.0000      0.000      0.000   1649.769   3004.855   1639.241   2993.277 N000513
  1407.307   2948.121 -10.343   1400.139   3021.507 -10.339  -0.1926  0.1212   1416.067   3012.476   1416.260   3012.355   1400.338   3021.365 N000514
     0.000      0.000   0.000      0.000      0.000   0.000   0.0000  0.0000      0.000      0.000   1836.109   3012.605   1828.933   2985.262 N000515
     0.000      0.000   0.000      0.000      0.000   0.000   0.0000  0.0000      0.000      0.000   2162.288   3012.855   2159.571   2958.166 N000516
  2315.707   2949.814 -11.566   2323.287   2946.165 -11.562   0.1596 -0.1861   2324.501   3014.169   2324.341   3014.356   2323.125   2946.368 N000517
  1658.286   2954.727  -9.945   1656.727   3006.363  -9.941  -0.2136  0.1993   1667.056   3019.082   1667.269   3018.883   1656.947   3006.140 N000518
     0.000      0.000   0.000      0.000      0.000   0.000   0.0000  0.0000      0.000      0.000   2893.315   3022.356   2893.785   2908.996 N000519
     0.000      0.000   0.000      0.000      0.000   0.000   0.0000  0.0000      0.000      0.000   1737.272   3052.856   1727.956   3034.922 N000520
     0.000      0.000   0.000      0.000      0.000   0.000   0.0000  0.0000      0.000      0.000   3804.349   3056.357   3797.223   2874.792 N000521
  2429.691   3029.758  -9.448   2437.724   3018.315  -9.444   0.1911 -0.0545   2438.489   3094.115   2438.298   3094.170   2437.531   3018.387 N000522
     0.000      0.000   0.000      0.000      0.000   0.000   0.0000  0.0000      0.000      0.000   1499.263   3095.384   1484.360   3099.310 N000523
   770.984   3032.535 -12.342    741.368   3166.873 -12.338  -0.0158  0.0350    779.720   3096.891    779.736   3096.856    741.385   3166.836 N000524
   607.064   3036.035 -10.458    570.328   3186.176 -10.454   0.0640  0.0353    615.794   3100.391    615.730   3100.356    570.262   3186.145 N000525
  3828.492   3039.851 -11.804   3830.021   2920.740 -11.800  -0.0079 -0.1485   3837.342   3104.210   3837.350   3104.358   3830.029   2920.890 N000526
  2170.584   3050.424 -11.428   2176.180   3060.832 -11.424   0.0839 -0.0765   2179.372   3114.781   2179.288   3114.858   2176.095   3060.917 N000527
  3529.350   3055.698 -10.626   3534.757   2958.756 -10.622  -0.1495  0.1028   3538.189   3120.057   3538.338   3119.954   3534.904   2958.641 N000528
  3439.574   3072.657  -9.559   3445.939   2982.650  -9.555   0.0736  0.1572   3448.409   3137.016   3448.335   3136.859   3445.866   2982.496 N000529
     0.000      0.000   0.000      0.000      0.000   0.000   0.0000  0.0000      0.000      0.000    257.466   3142.464    193.116   3265.191 N000530
  1858.283   3083.747 -11.165   1859.148   3121.419 -11.161  -0.2168 -0.2198   1867.059   3148.105   1867.276   3148.325   1859.366   3121.626 N000531
     0.000      0.000   0.000      0.000      0.000   0.000   0.0000  0.0000      0.000      0.000   3342.131   3156.759   3340.621   3010.691 N000532
     0.000      0.000   0.000      0.000      0.000   0.000   0.0000  0.0000      0.000      0.000   1754.772   3174.358   1744.523   3158.066 N000533
     0.000      0.000   0.000      0.000      0.000   0.000   0.0000  0.0000      0.000      0.000   1931.251   3178.859   1924.128   3147.457 N000534
  1963.777   3115.285 -10.703   1966.082   3144.724 -10.699  -0.2229 -0.1861   1972.557   3179.643   1972.780   3179.829   1966.307   3144.896 N000535
  1848.712   3116.426  -9.671   1849.091   3155.773  -9.667   0.1064 -0.0745   1857.487   3180.784   1857.381   3180.859   1848.982   3155.859 N000536
     0.000      0.000   0.000      0.000      0.000   0.000   0.0000  0.0000      0.000      0.000   1552.764   3184.358   1538.038   3186.070 N000537
     0.000      0.000   0.000      0.000      0.000   0.000   0.0000  0.0000      0.000      0.000   2351.294   3185.404   2349.423   3118.684 N000538
     0.000      0.000   0.000      0.000      0.000   0.000   0.0000  0.0000      0.000      0.000   2469.548   3196.859   2468.539   3120.605 N000539
  1853.933   3142.997 -11.407   1854.144   3182.603 -11.403  -0.0669 -0.0030   1862.709   3207.356   1862.776   3207.359   1854.212   3182.600 N000540
  2266.219   3148.890  -9.661   2272.235   3153.533  -9.657   0.0405 -0.1098   2275.010   3213.250   2274.969   3213.360   2272.193   3153.649 N000541
   443.427   3167.969 -11.022    396.002   3339.277 -11.018  -0.0732 -0.0311    452.150   3232.328    452.223   3232.359    396.078   3339.302 N000542
   918.520   3179.094 -10.960    892.073   3304.642 -10.956   0.0197  0.0939    927.260   3243.453    927.241   3243.359    892.054   3304.546 N000543
  2339.138   3206.001 -10.597   2345.535   3205.878 -10.593   0.1382  0.0015   2347.932   3270.362   2347.793   3270.361   2345.395   3205.888 N000544
  2133.615   3213.232  -9.555   2137.583   3230.678  -9.551   0.1151 -0.0183   2142.401   3277.593   2142.286   3277.611   2137.466   3230.707 N000545
   538.949   3246.241 -11.131    494.516   3411.302 -11.127  -0.0512  0.2182    547.675   3310.601    547.726   3310.383    494.575   3411.069 N000546
   875.329   3253.101 -10.112    845.771   3385.552 -10.108  -0.1433  0.1012    884.068   3317.462    884.211   3317.361    845.922   3385.433 N000547
     0.000      0.000   0.000      0.000      0.000   0.000   0.0000  0.0000      0.000      0.000   1875.776   3334.362   1866.163   3312.050 N000548
   784.891   3276.226 -10.315    751.099   3418.327 -10.311  -0.1095  0.2255    793.626   3340.587    793.735   3340.361    751.218   3418.082 N000549
     0.000      0.000   0.000      0.000      0.000   0.000   0.0000  0.0000      0.000      0.000   2261.290   3409.864   2256.998   3356.323 N000550
  2506.761   3346.958 -14.257   2513.809   3336.280 -14.253  -0.1909  0.1486   2515.561   3411.322   2515.751   3411.173   2514.002   3336.111 N000551
     0.000      0.000   0.000      0.000      0.000   0.000   0.0000  0.0000      0.000      0.000   2428.296   3418.864   2425.759   3351.355 N000552
  1373.473   3356.560 -10.510   1359.604   3445.814 -10.506  -0.0266  0.0603   1382.230   3420.924   1382.257   3420.863   1359.632   3445.749 N000553
  2446.535   3410.149  -8.949   2452.704   3406.225  -8.945  -0.0211  0.1486   2455.331   3474.514   2455.352   3474.365   2452.726   3406.070 N000554
     0.000      0.000   0.000      0.000      0.000   0.000   0.0000  0.0000      0.000      0.000   1476.260   3474.864   1455.535   3493.033 N000555
  2330.114   3426.558 -11.395   2334.951   3433.022 -11.391   0.1137  0.0585   2338.906   3490.924   2338.792   3490.865   2334.836   3432.972 N000556
  2849.826   3439.772  -9.206   2858.276   3403.064  -9.202  -0.1742 -0.2281   2858.637   3504.138   2858.811   3504.366   2858.450   3403.283 N000557
     0.000      0.000   0.000      0.000      0.000   0.000   0.0000  0.0000      0.000      0.000   2342.149   3512.866   2338.074   3455.323 N000558
     0.000      0.000   0.000      0.000      0.000   0.000   0.0000  0.0000      0.000      0.000   3236.325   3535.367   3235.849   3404.623 N000559
  1980.574   3481.450  -9.503   1979.662   3520.092  -9.499   0.0744 -0.0498   1989.353   3545.816   1989.279   3545.866   1979.585   3520.150 N000560
   607.578   3488.035  -8.824    560.880   3657.003  -8.820   0.0775  0.0355    616.305   3552.401    616.228   3552.365    560.799   3656.974 N000561
  1739.030   3488.927  -9.580   1732.968   3549.484  -9.576   0.0305 -0.0733   1747.800   3553.293   1747.770   3553.366   1732.936   3549.562 N000562
  1844.446   3501.607 -10.120   1840.585   3553.092 -10.116  -0.0541  0.1066   1853.220   3565.973   1853.274   3565.867   1840.641   3552.977 N000563
     0.000      0.000   0.000      0.000      0.000   0.000   0.0000  0.0000      0.000      0.000   1845.523   3578.836   1832.569   3567.096 N000564
     0.000      0.000   0.000      0.000      0.000   0.000   0.0000  0.0000      0.000      0.000   1028.743   3587.766    990.885   3652.937 N000565
     0.000      0.000   0.000      0.000      0.000   0.000   0.0000  0.0000      0.000      0.000   3335.329   3610.869   3334.523   3474.085 N000566
     0.000      0.000   0.000      0.000      0.000   0.000   0.0000  0.0000      0.000      0.000   2194.786   3616.305   2187.878   3574.769 N000567
     0.000      0.000   0.000      0.000      0.000   0.000   0.0000  0.0000      0.000      0.000   2149.784   3621.368   2142.126   3583.955 N000568
     0.000      0.000   0.000      0.000      0.000   0.000   0.0000  0.0000      0.000      0.000   1608.864   3658.068   1589.099   3670.920 N000569
     0.000      0.000   0.000      0.000      0.000   0.000   0.0000  0.0000      0.000      0.000    844.673   3708.369    796.401   3797.352 N000570
     0.000      0.000   0.000      0.000      0.000   0.000   0.0000  0.0000      0.000      0.000    853.236   3708.369    805.352   3796.489 N000571
     0.000      0.000   0.000      0.000      0.000   0.000   0.0000  0.0000      0.000      0.000   2590.738   3721.245   2587.833   3648.807 N000572
     0.000      0.000   0.000      0.000      0.000   0.000   0.0000  0.0000      0.000      0.000   4052.799   3731.094   4046.461   3541.791 N000573
  2865.618   3674.141  -9.179   2873.352   3642.655  -9.175   0.1178  0.1409   2874.429   3738.512   2874.311   3738.371   2873.234   3642.520 N000574
     0.000      0.000   0.000      0.000      0.000   0.000   0.0000  0.0000      0.000      0.000    816.871   3751.506    766.316   3845.437 N000575
     0.000      0.000   0.000      0.000      0.000   0.000   0.0000  0.0000      0.000      0.000   3554.992   3753.372   3553.324   3602.851 N000576
  1981.059   3694.743 -10.496   1977.797   3740.902 -10.492   0.0589  0.1714   1989.837   3759.114   1989.778   3758.942   1977.739   3740.730 N000577
     0.000      0.000   0.000      0.000      0.000   0.000   0.0000  0.0000      0.000      0.000   1466.258   3760.370   1440.714   3790.838 N000578
  2608.387   3703.865  -8.748   2614.237   3695.068  -8.744  -0.1135 -0.1354   2617.188   3768.236   2617.301   3768.371   2614.351   3695.198 N000579
  3489.527   3720.216 -10.620   3497.040   3639.362 -10.616   0.0267  0.0157   3498.361   3784.588   3498.334   3784.572   3497.013   3639.348 N000580
     0.000      0.000   0.000      0.000      0.000   0.000   0.0000  0.0000      0.000      0.000    767.010   3786.315    713.253   3887.110 N000581
  3857.786   3732.591 -10.387   3862.722   3623.340 -10.383  -0.1879  0.0911   3866.633   3796.964   3866.821   3796.873   3862.907   3623.232 N000582
  1977.654   3747.483  -9.893   1973.695   3795.990  -9.889   0.1539 -0.0172   1986.431   3811.854   1986.277   3811.872   1973.538   3796.022 N000583
     0.000      0.000   0.000      0.000      0.000   0.000   0.0000  0.0000      0.000      0.000   1953.776   3843.872   1939.950   3832.268 N000584
     0.000      0.000   0.000      0.000      0.000   0.000   0.0000  0.0000      0.000      0.000   1521.760   3862.872   1496.216   3892.554 N000585
  1629.710   3801.662  -9.460   1616.366   3884.741  -9.456   0.0926  0.1621   1638.475   3866.035   1638.382   3865.873   1616.273   3884.581 N000586
     0.000      0.000   0.000      0.000      0.000   0.000   0.0000  0.0000      0.000      0.000   2635.801   3889.874   2632.241   3819.299 N000587
     0.000      0.000   0.000      0.000      0.000   0.000   0.0000  0.0000      0.000      0.000    926.138   3905.873    876.931   3996.616 N000588
  2034.911   3867.709 -10.347   2030.687   3915.862 -10.343  -0.0888  0.1731   2043.690   3932.083   2043.779   3931.910   2030.780   3915.673 N000589
  3376.343   3871.523 -10.260   3384.302   3804.150 -10.256  -0.1574  0.0229   3385.172   3935.898   3385.329   3935.875   3384.459   3804.114 N000590
     0.000      0.000   0.000      0.000      0.000   0.000   0.0000  0.0000      0.000      0.000   3854.947   3936.675   3851.695   3767.681 N000591
  1310.814   3904.936 -11.539   1285.186   4023.714 -11.535  -0.1859 -0.0644   1319.566   3969.310   1319.752   3969.374   1285.378   4023.763 N000592
   961.397   3908.514  -9.863    921.309   4062.725  -9.859  -0.0755  0.0141    970.136   3972.888    970.211   3972.874    921.388   4062.702 N000593
  1786.456   3908.748 -10.905   1775.772   3981.786 -10.901  -0.0161  0.0819   1795.226   3973.123   1795.242   3973.041   1775.790   3981.699 N000594
     0.000      0.000   0.000      0.000      0.000   0.000   0.0000  0.0000      0.000      0.000   1011.293   3979.374    964.156   4065.345 N000595
     0.000      0.000   0.000      0.000      0.000   0.000   0.0000  0.0000      0.000      0.000   3274.325   3983.876   3273.497   3862.716 N000596
  1338.238   3948.551 -12.539   1312.744   4066.819 -12.535   0.0639  0.0511   1346.991   4012.927   1346.927   4012.875   1312.679   4066.772 N000597
  1290.588   3957.114 -11.193   1263.134   4080.564 -11.189   0.0876  0.1137   1299.339   4021.489   1299.251   4021.376   1263.046   4080.453 N000598
  1938.462   3984.644 -11.536   1930.514   4046.856 -11.532  -0.0376  0.1444   1947.237   4049.021   1947.275   4048.877   1930.555   4046.702 N000599
  3642.811   3990.036  -9.257   3650.020   3905.015  -9.253  -0.1885  0.0027   3651.650   4054.414   3651.838   4054.411   3650.208   3904.997 N000600
     0.000      0.000   0.000      0.000      0.000   0.000   0.0000  0.0000      0.000      0.000   1786.769   4089.377     -1.000     -1.000 N000601
     0.000      0.000   0.000      0.000      0.000   0.000   0.0000  0.0000      0.000      0.000   2741.804   4101.378   2737.841   4029.632 N000602
     0.000      0.000   0.000      0.000      0.000   0.000   0.0000  0.0000      0.000      0.000   2378.190   4177.380     -1.000     -1.000 N000603
