   269.848   -151.783 -11.668    256.911     44.657 -11.669  -0.1517 -0.1159    281.596    -88.597    281.748    -88.481    257.067     44.761 N000001
   459.947   -127.889 -11.569    452.699     55.430 -11.569  -0.0532  0.1106    471.701    -64.707    471.754    -64.817    452.754     55.317 N000002
   864.941   -124.462  -8.722    867.038     31.989  -8.723  -0.0594  0.0380    876.707    -61.285    876.766    -61.323    867.099     31.948 N000003
   332.331    -48.898 -11.523    321.056    142.103 -11.524  -0.1408  0.1025    344.081     14.286    344.222     14.183    321.202    141.992 N000004
  2316.626    -26.252 -10.316   2324.155     37.093 -10.317   0.1264  0.0977   2328.438     36.905   2328.312     36.807   2324.030     37.005 N000005
   724.973     -9.137  -9.943    724.124    154.789  -9.944  -0.0266 -0.1366    736.735     54.041    736.762     54.177    724.151    154.922 N000006
  1272.474     -6.012 -10.357   1280.289    121.982 -10.358  -0.0255 -0.0116   1284.253     57.159   1284.279     57.170   1280.315    121.992 N000007
     0.000      0.000   0.000      0.000      0.000   0.000   0.0000  0.0000      0.000      0.000   2831.327     92.150   2820.616     60.662 N000008
     0.000      0.000   0.000      0.000      0.000   0.000   0.0000  0.0000      0.000      0.000    776.490    134.221    764.595    231.196 N000009
     0.000      0.000   0.000      0.000      0.000   0.000   0.0000  0.0000      0.000      0.000   2284.810    153.656   2281.486    153.576 N000010
  3387.655     96.239 -13.513   3377.333     92.414 -13.514   0.1553 -0.0530   3399.500    159.380   3399.345    159.433   3377.182     92.474 N000011
   132.935    102.737 -12.948    114.125    306.216 -12.949  -0.0653 -0.1757    144.677    165.921    144.742    166.096    114.192    306.386 N000012
   538.003    110.384  -9.571    532.245    285.492  -9.572  -0.0305 -0.1159    549.758    173.562    549.788    173.678    532.276    285.605 N000013
     0.000      0.000   0.000      0.000      0.000   0.000   0.0000  0.0000      0.000      0.000    453.252    202.179    432.883    320.495 N000014
  2368.344    183.342 -12.050   2376.398    238.315 -12.051  -0.1555 -0.1581   2380.157    246.495   2380.312    246.653   2376.553    238.460 N000015
  1833.941    187.389 -10.770   1844.658    275.741 -10.771  -0.0591 -0.1108   1845.736    250.550   1845.795    250.660   1844.717    275.846 N000016
  1619.931    221.177  -9.685   1630.320    322.592  -9.686  -0.0695  0.1546   1631.719    284.340   1631.789    284.185   1630.390    322.436 N000017
     0.000      0.000   0.000      0.000      0.000   0.000   0.0000  0.0000      0.000      0.000   2893.799    284.646   2883.346    244.129 N000018
     0.000      0.000   0.000      0.000      0.000   0.000   0.0000  0.0000      0.000      0.000   1950.798    354.157   1949.853    370.600 N000019
     0.000      0.000   0.000      0.000      0.000   0.000   0.0000  0.0000      0.000      0.000    699.696    365.548    685.351    465.111 N000020
     0.000      0.000   0.000      0.000      0.000   0.000   0.0000  0.0000      0.000      0.000   1881.796    385.158   1880.987    405.431 N000021
  1466.421    322.327  -8.760   1475.999    432.042  -8.761  -0.0790 -0.1727   1478.204    385.490   1478.283    385.663   1476.078    432.207 N000022
  2178.143    350.838 -11.770   2188.289    414.014 -11.771   0.1432 -0.1621   2189.949    413.991   2189.806    414.153   2188.147    414.182 N000023
  1247.422    353.504 -10.391   1254.861    477.340 -10.392  -0.0783  0.0041   1259.198    416.669   1259.276    416.665   1254.940    477.331 N000024
     0.000      0.000   0.000      0.000      0.000   0.000   0.0000  0.0000      0.000      0.000   3711.853    447.348   3684.171    353.427 N000025
  1498.030    391.467  -8.816   1507.829    498.020  -8.816   0.0300 -0.0330   1509.814    454.628   1509.784    454.662   1507.799    498.055 N000026
   997.378    398.960 -10.750   1000.979    539.255 -10.751  -0.1217 -0.0405   1009.146    462.127   1009.268    462.168   1001.103    539.287 N000027
     0.000      0.000   0.000      0.000      0.000   0.000   0.0000  0.0000      0.000      0.000   1094.271    471.667   1087.512    542.838 N000028
     0.000      0.000   0.000      0.000      0.000   0.000   0.0000  0.0000      0.000      0.000   1132.272    477.666   1126.091    546.165 N000029
     0.000      0.000   0.000      0.000      0.000   0.000   0.0000  0.0000      0.000      0.000   1106.371    483.666   1099.776    553.869 N000030
  3131.666    421.684 -10.349   3129.807    423.924 -10.350   0.1661  0.1508   3143.501    484.824   3143.335    484.673   3129.643    423.787 N000031
  3177.491    447.706 -13.312   3174.899    446.489 -13.313  -0.0088  0.1604   3189.328    510.845   3189.336    510.685   3174.907    446.332 N000032
     0.000      0.000   0.000      0.000      0.000   0.000   0.0000  0.0000      0.000      0.000   2479.814    522.148   2476.304    501.563 N000033
   195.786    478.381  -8.892    176.887    675.343  -8.893   0.1194 -0.0353    207.529    541.558    207.409    541.594    176.763    675.387 N000034
     0.000      0.000   0.000      0.000      0.000   0.000   0.0000  0.0000      0.000      0.000   2075.301    547.653   2074.496    552.441 N000035
   166.829    499.529 -12.821    146.660    698.580 -12.822  -0.1710  0.0289    178.571    562.706    178.742    562.677    146.838    698.538 N000036
     0.000      0.000   0.000      0.000      0.000   0.000   0.0000  0.0000      0.000      0.000   2329.609    585.649   2327.610    573.341 N000037
     0.000      0.000   0.000      0.000      0.000   0.000   0.0000  0.0000      0.000      0.000   1593.286    593.658   1591.796    629.455 N000038
  1791.303    555.929 -13.046   1802.479    640.517 -13.047  -0.1967 -0.0706   1803.096    619.085   1803.292    619.155   1802.676    640.573 N000039
  1434.837    560.708  -8.569   1443.975    669.165  -8.570  -0.1628  0.2085   1446.618    623.868   1446.781    623.660   1444.140    668.948 N000040
     0.000      0.000   0.000      0.000      0.000   0.000   0.0000  0.0000      0.000      0.000   2804.324    632.142   2797.389    588.745 N000041
  2406.470    570.548  -8.494   2415.755    614.771  -8.495  -0.1132  0.0483   2418.282    633.695   2418.395    633.647   2415.867    614.716 N000042
     0.000      0.000   0.000      0.000      0.000   0.000   0.0000  0.0000      0.000      0.000   3267.172    642.636   3252.105    570.231 N000043
     0.000      0.000   0.000      0.000      0.000   0.000   0.0000  0.0000      0.000      0.000   1826.593    643.155   1826.031    662.662 N000044
  2732.661    599.380 -10.274   2738.531    622.249 -10.275   0.1611 -0.1203   2744.483    662.522   2744.322    662.643   2738.373    622.377 N000045
     0.000      0.000   0.000      0.000      0.000   0.000   0.0000  0.0000      0.000      0.000     81.238    671.677     44.468    814.731 N000046
     0.000      0.000   0.000      0.000      0.000   0.000   0.0000  0.0000      0.000      0.000   2030.799    677.651   2030.313    683.111 N000047
  2900.245    615.942  -8.857   2903.772    627.893  -8.857   0.1381 -0.0584   2912.072    679.082   2911.934    679.140   2903.636    627.959 N000048
  1143.993    617.028  -9.292   1149.375    744.907  -9.293  -0.0072  0.0280   1155.765    680.191   1155.772    680.163   1149.382    744.879 N000049
  2361.168    627.448 -11.897   2370.985    673.516 -11.898   0.1675 -0.0517   2372.978    690.595   2372.810    690.647   2370.819    673.578 N000050
     0.000      0.000   0.000      0.000      0.000   0.000   0.0000  0.0000      0.000      0.000   2153.803    714.149   2153.069    710.925 N000051
  1650.049    666.811 -11.638   1660.657    759.311 -11.639   0.0486 -0.1890   1661.836    729.966   1661.788    730.155   1660.608    759.501 N000052
  1458.859    668.195  -8.521   1468.040    773.733  -8.522  -0.1415 -0.0051   1470.640    731.353   1470.782    731.358   1468.183    773.728 N000053
   397.890    671.550  -9.288    384.724    852.980  -9.289   0.8273  1.6121    409.638    734.721    408.811    733.109    383.882    851.433 N000054
  2584.562    677.274 -10.976   2592.546    708.017 -10.977   0.0623 -0.2265   2596.379    740.417   2596.317    740.643   2592.485    708.243 N000055
  3247.578    678.568 -12.392   3245.233    667.430 -12.393   0.0779  0.0685   3259.416    741.703   3259.338    741.635   3245.156    667.368 N000056
  1468.099    695.616 -10.161   1477.310    800.214 -10.162   0.0988  0.1165   1479.880    758.774   1479.782    758.657   1477.210    800.106 N000057
  4070.187    713.548 -11.488   4046.849    651.649 -11.489   0.1875  0.0476   4082.051    776.671   4081.863    776.624   4046.667    651.614 N000058
   585.644    729.112  -9.431    577.959    896.430  -9.432   0.1439  0.1120    597.398    792.280    597.254    792.168    577.812    896.329 N000059
     0.000      0.000   0.000      0.000      0.000   0.000   0.0000  0.0000      0.000      0.000   1784.191    794.053   1783.518    814.296 N000060
  2832.696    735.919 -10.426   2837.865    749.644 -10.427   0.1957 -0.0815   2844.520    799.058   2844.324    799.139   2837.672    749.736 N000061
     0.000      0.000   0.000      0.000      0.000   0.000   0.0000  0.0000      0.000      0.000   1316.376    805.959   1311.882    858.285 N000062
     0.000      0.000   0.000      0.000      0.000   0.000   0.0000  0.0000      0.000      0.000   3802.854    806.627   3776.136    697.537 N000063
  2520.513    744.427  -9.023   2529.382    778.060  -9.024   0.2006 -0.0103   2532.328    807.570   2532.127    807.581   2529.183    778.083 N000064
     0.000      0.000   0.000      0.000      0.000   0.000   0.0000  0.0000      0.000      0.000   3828.855    815.126   3801.493    704.253 N000065
     0.000      0.000   0.000      0.000      0.000   0.000   0.0000  0.0000      0.000      0.000   1740.290    820.653   1739.424    843.544 N000066
  3282.126    779.937  -9.599   3279.782    764.379  -9.600   0.1261 -0.0627   3293.964    843.070   3293.838    843.133   3279.659    764.448 N000067
  1326.779    782.478  -9.385   1334.217    896.056  -9.386  -0.2210 -0.0224   1338.556    845.635   1338.777    845.658   1334.441    896.063 N000068
     0.000      0.000   0.000      0.000      0.000   0.000   0.0000  0.0000      0.000      0.000    510.251    847.168    487.744    957.684 N000069
     0.000      0.000   0.000      0.000      0.000   0.000   0.0000  0.0000      0.000      0.000   1525.283    851.655   1522.935    888.979 N000070
     0.000      0.000   0.000      0.000      0.000   0.000   0.0000  0.0000      0.000      0.000   1629.286    852.154   1627.748    882.283 N000071
     0.000      0.000   0.000      0.000      0.000   0.000   0.0000  0.0000      0.000      0.000    949.265    856.663    938.300    934.770 N000072
     0.000      0.000   0.000      0.000      0.000   0.000   0.0000  0.0000      0.000      0.000   2857.241    863.305   2850.714    811.829 N000073
  1204.573    806.577 -12.019   1210.208    928.596 -12.020   0.0726  0.0767   1216.345    869.736   1216.273    869.659   1210.134    928.525 N000074
  2076.276    814.209  -9.551   2087.723    876.006  -9.552   0.7762  0.7091   2088.076    877.357   2087.300    876.648   2086.948    875.359 N000075
     0.000      0.000   0.000      0.000      0.000   0.000   0.0000  0.0000      0.000      0.000   2215.804    880.146   2215.118    870.227 N000076
  3008.935    818.753 -10.590   3011.850    819.615 -10.591  -0.0400 -0.1725   3020.765    881.888   3020.805    882.061   3011.890    819.781 N000077
  2107.424    840.992 -10.302   2118.837    900.331 -10.303  -0.0755 -0.0082   2119.226    904.139   2119.301    904.147   2118.912    900.334 N000078
     0.000      0.000   0.000      0.000      0.000   0.000   0.0000  0.0000      0.000      0.000    155.739    906.172    119.773   1043.806 N000079
  1604.630    846.776 -10.981   1614.682    940.350 -10.982   0.1300 -0.2237   1616.415    909.930   1616.285    910.153   1614.550    940.581 N000080
     0.000      0.000   0.000      0.000      0.000   0.000   0.0000  0.0000      0.000      0.000   1567.759    910.654   1565.643    944.448 N000081
     0.000      0.000   0.000      0.000      0.000   0.000   0.0000  0.0000      0.000      0.000   2194.303    931.114   2193.753    921.906 N000082
     0.000      0.000   0.000      0.000      0.000   0.000   0.0000  0.0000      0.000      0.000   2876.325    935.280   2869.868    881.237 N000083
  2768.806    873.203 -10.467   2775.439    888.462 -10.468  -0.1943  0.2035   2780.627    936.341   2780.822    936.138   2775.630    888.249 N000084
  2553.270    893.560  -8.690   2562.305    922.532  -8.691   0.0203 -0.0229   2565.085    956.701   2565.065    956.724   2562.284    922.556 N000085
     0.000      0.000   0.000      0.000      0.000   0.000   0.0000  0.0000      0.000      0.000   2343.308    966.143   2342.171    946.494 N000086
     0.000      0.000   0.000      0.000      0.000   0.000   0.0000  0.0000      0.000      0.000    403.247    980.543    376.015   1099.161 N000087
     0.000      0.000   0.000      0.000      0.000   0.000   0.0000  0.0000      0.000      0.000   1302.708    982.656   1297.399   1034.574 N000088
  2812.094    934.324 -10.077   2818.439    945.713 -10.078   0.0937 -0.1760   2823.917    997.461   2823.823    997.636   2818.347    945.892 N000089
  2391.532    936.920 -13.215   2401.921    975.930 -13.216   0.0325 -0.0800   2403.342   1000.062   2403.310   1000.142   2401.889    976.011 N000090
   538.654    937.377 -10.034    527.899   1107.913 -10.035   0.1538 -0.1225    550.405   1000.543    550.251   1000.666    527.739   1108.047 N000091
  2149.999    943.949  -9.236   2161.398    999.073  -9.237   0.3738 -0.0512   2161.801   1007.094   2161.427   1007.145   2161.025    999.149 N000092
  2880.605    947.334  -9.211   2886.091    954.053  -9.212   0.1045 -0.1662   2892.429   1010.469   2892.325   1010.635   2885.989    954.223 N000093
     0.000      0.000   0.000      0.000      0.000   0.000   0.0000  0.0000      0.000      0.000   1563.783   1013.652   1561.380   1046.818 N000094
     0.000      0.000   0.000      0.000      0.000   0.000   0.0000  0.0000      0.000      0.000   1819.327   1016.149   1818.593   1031.445 N000095
     0.000      0.000   0.000      0.000      0.000   0.000   0.0000  0.0000      0.000      0.000   2336.807   1019.642   2335.795    999.680 N000096
     0.000      0.000   0.000      0.000      0.000   0.000   0.0000  0.0000      0.000      0.000   2181.303   1021.644   2180.868   1012.123 N000097
  1059.269    965.045 -10.759   1061.615   1096.651 -10.760  -0.2016  0.0453   1071.037   1028.204   1071.238   1028.159   1061.821   1096.591 N000098
     0.000      0.000   0.000      0.000      0.000   0.000   0.0000  0.0000      0.000      0.000   2412.810   1032.266   2411.394   1007.049 N000099
  1086.875    974.141  -9.786   1089.699   1103.689  -9.787  -0.1252  0.1407   1098.643   1037.299   1098.768   1037.158   1089.827   1103.540 N000100
  2041.118    973.737  -8.590   2052.643   1035.906  -8.591   0.1176 -0.0629   2052.916   1036.883   2052.798   1036.946   2052.526   1035.976 N000101
     0.000      0.000   0.000      0.000      0.000   0.000   0.0000  0.0000      0.000      0.000   1966.296   1052.697   1965.947   1057.477 N000102
  1409.983   1007.823  -9.852   1417.669   1113.814  -9.853  -0.0173 -0.1509   1421.761   1070.976   1421.778   1071.127   1417.686   1113.963 N000103
  2129.914   1017.188 -10.654   2141.386   1072.799 -10.655  -0.0857  0.1883   2141.715   1080.332   2141.801   1080.144   2141.471   1072.607 N000104
     0.000      0.000   0.000      0.000      0.000   0.000   0.0000  0.0000      0.000      0.000   1984.296   1086.146   1983.958   1089.339 N000105
     0.000      0.000   0.000      0.000      0.000   0.000   0.0000  0.0000      0.000      0.000    544.751   1086.664    521.297   1194.546 N000106
     0.000      0.000   0.000      0.000      0.000   0.000   0.0000  0.0000      0.000      0.000   1811.291   1091.593   1810.415   1106.736 N000107
  3751.083   1029.805 -10.617   3739.844    979.694 -10.618   0.0834  0.2576   3762.935   1092.928   3762.852   1092.671   3739.761    979.447 N000108
     0.000      0.000   0.000      0.000      0.000   0.000   0.0000  0.0000      0.000      0.000   2371.808   1108.141   2370.744   1084.669 N000109
  1734.387   1052.029  -9.179   1744.904   1134.689  -9.180  -0.1126  0.0287   1746.176   1115.177   1746.288   1115.149   1745.018   1134.653 N000110
  1826.136   1056.972  -8.908   1837.124   1133.151  -8.909   0.1362 -0.0277   1837.927   1120.120   1837.791   1120.147   1836.987   1133.188 N000111
  3739.567   1057.350 -10.443   3728.856   1007.382 -10.444   0.0422 -0.1503   3751.418   1120.472   3751.376   1120.623   3728.817   1007.532 N000112
  3082.891   1059.401 -10.208   3085.880   1051.092 -10.209  -0.1091 -0.0993   3094.722   1122.532   3094.831   1122.631   3085.988   1051.183 N000113
     0.000      0.000   0.000      0.000      0.000   0.000   0.0000  0.0000      0.000      0.000   1408.278   1131.153   1403.782   1174.618 N000114
  2833.808   1072.069 -10.429   2840.427   1079.810 -10.430  -0.1920  0.0693   2845.631   1135.203   2845.823   1135.134   2840.616   1079.729 N000115
     0.000      0.000   0.000      0.000      0.000   0.000   0.0000  0.0000      0.000      0.000   1852.292   1140.147   1851.520   1152.002 N000116
   950.160   1091.257 -11.865    949.386   1230.633 -11.866   0.1596 -0.2431    961.923   1154.415    961.764   1154.658    949.221   1230.888 N000117
     0.000      0.000   0.000      0.000      0.000   0.000   0.0000  0.0000      0.000      0.000   2747.320   1154.635   2743.332   1105.443 N000118
  1511.484   1095.014 -10.643   1520.018   1193.212 -10.644  -0.0156  0.0144   1523.266   1158.165   1523.281   1158.151   1520.034   1193.197 N000119
  1721.836   1099.408 -10.720   1732.164   1182.591 -10.721  -0.1640 -0.0919   1733.624   1162.556   1733.788   1162.648   1732.329   1182.671 N000120
     0.000      0.000   0.000      0.000      0.000   0.000   0.0000  0.0000      0.000      0.000   1225.272   1176.092   1217.829   1232.704 N000121
  2263.834   1113.156 -12.393   2275.043   1158.545 -12.394  -0.1663  0.1562   2275.638   1176.297   2275.805   1176.141   2275.209   1158.379 N000122
  1165.662   1119.813 -10.455   1169.112   1243.090 -10.456   0.1619  0.2381   1177.432   1182.968   1177.270   1182.730   1168.948   1242.864 N000123
  2215.410   1121.561  -9.179   2226.752   1170.170  -9.180   1.3103 -0.8393   2227.214   1184.702   2225.903   1185.541   2225.448   1171.090 N000124
     0.000      0.000   0.000      0.000      0.000   0.000   0.0000  0.0000      0.000      0.000    467.248   1193.164    440.151   1307.362 N000125
  1378.418   1148.672  -9.768   1385.104   1256.238  -9.769  -0.0825  0.1717   1390.194   1211.823   1390.277   1211.652   1385.188   1256.061 N000126
  2630.429   1168.142 -12.866   2639.504   1188.060 -12.867  -0.0709  0.1420   2642.245   1231.277   2642.316   1231.135   2639.574   1187.915 N000127
     0.000      0.000   0.000      0.000      0.000   0.000   0.0000  0.0000      0.000      0.000    201.239   1245.166    163.299   1380.876 N000128
  1485.481   1197.564 -10.410   1493.313   1297.144 -10.411  -0.0191  0.0372   1497.261   1260.713   1497.280   1260.676   1493.333   1297.106 N000129
  1014.417   1211.758 -10.869   1014.211   1346.245 -10.870  -0.0601 -0.2190   1026.182   1274.914   1026.242   1275.133   1014.271   1346.459 N000130
   772.309   1212.574  -9.759    766.080   1365.563  -9.760  -0.1195  0.5028    784.067   1275.733    784.186   1275.230    766.207   1365.050 N000131
  2029.227   1212.489  -9.837   2040.590   1273.163  -9.838   0.2266 -0.0114   2041.024   1275.631   2040.797   1275.642   2040.363   1273.190 N000132
  3113.071   1219.639 -14.121   3116.369   1206.815 -14.122   0.0709 -0.1733   3124.902   1282.768   3124.831   1282.941   3116.300   1206.990 N000133
  1083.741   1226.657 -11.187   1084.911   1355.910 -11.188   0.2179  0.1575   1095.508   1289.812   1095.290   1289.654   1084.690   1355.769 N000134
     0.000      0.000   0.000      0.000      0.000   0.000   0.0000  0.0000      0.000      0.000   1373.109   1291.651   1367.382   1337.065 N000135
  1437.025   1229.073  -8.833   1444.116   1332.078  -8.834   0.0247  0.0732   1448.803   1292.223   1448.778   1292.150   1444.091   1332.007 N000136
  2254.421   1233.589  -8.911   2265.690   1278.408  -8.912   0.3494 -0.3395   2266.225   1296.728   2265.875   1297.068   2265.341   1278.768 N000137
  2133.127   1238.137 -12.772   2144.544   1291.340 -12.773   0.1267  0.1372   2144.927   1301.278   2144.800   1301.141   2144.418   1291.213 N000138
     0.000      0.000   0.000      0.000      0.000   0.000   0.0000  0.0000      0.000      0.000   1484.279   1307.649   1479.965   1344.860 N000139
  1563.649   1253.036 -10.245   1572.123   1346.713 -10.246   0.1485  0.0357   1575.431   1316.183   1575.282   1316.148   1571.973   1346.688 N000140
     0.000      0.000   0.000      0.000      0.000   0.000   0.0000  0.0000      0.000      0.000   1892.892   1316.644   1891.947   1324.343 N000141
     0.000      0.000   0.000      0.000      0.000   0.000   0.0000  0.0000      0.000      0.000   1794.989   1317.645   1793.525   1332.323 N000142
     0.000      0.000   0.000      0.000      0.000   0.000   0.0000  0.0000      0.000      0.000   2129.300   1323.607   2128.897   1314.586 N000143
     0.000      0.000   0.000      0.000      0.000   0.000   0.0000  0.0000      0.000      0.000   1515.917   1331.057   1511.882   1365.880 N000144
  2436.594   1269.986 -10.349   2447.192   1301.919 -10.350   0.0938 -0.0138   2448.403   1333.122   2448.309   1333.136   2447.098   1301.939 N000145
  1932.059   1271.643  -9.491   1943.078   1338.755  -9.492   0.0588  0.1434   1943.852   1334.786   1943.794   1334.643   1943.019   1338.617 N000146
  1282.864   1276.371  -9.283   1287.422   1390.669  -9.284  -0.1920 -0.1288   1294.637   1339.522   1294.829   1339.651   1287.617   1390.783 N000147
  3627.285   1281.741 -10.968   3621.029   1234.670 -10.969  -0.2155  0.0830   3639.131   1344.862   3639.347   1344.779   3621.239   1234.575 N000148
  1348.544   1288.350  -9.003   1354.080   1397.744  -9.004   0.0444 -0.1497   1360.320   1351.500   1360.275   1351.650   1354.034   1397.897 N000149
     0.000      0.000   0.000      0.000      0.000   0.000   0.0000  0.0000      0.000      0.000   2006.724   1358.570   2006.100   1357.936 N000150
  2789.749   1307.650 -10.984   2797.633   1315.170 -10.985   0.1439  0.1500   2801.570   1370.781   2801.426   1370.631   2797.490   1315.032 N000151
     0.000      0.000   0.000      0.000      0.000   0.000   0.0000  0.0000      0.000      0.000   1359.275   1372.150   1352.903   1418.444 N000152
  1259.057   1313.869 -11.068   1262.985   1429.921 -11.069   0.0569 -0.1308   1270.829   1377.020   1270.772   1377.151   1262.926   1430.056 N000153
     0.000      0.000   0.000      0.000      0.000   0.000   0.0000  0.0000      0.000      0.000   1467.778   1407.648   1462.770   1445.840 N000154
  3638.645   1344.401 -14.310   3632.582   1295.588 -14.311  -0.0720 -0.1207   3650.492   1407.521   3650.564   1407.641   3632.653   1295.702 N000155
  1954.417   1350.004 -10.983   1965.348   1415.085 -10.984  -0.0832  0.0035   1966.211   1413.145   1966.294   1413.141   1965.431   1415.076 N000156
     0.000      0.000   0.000      0.000      0.000   0.000   0.0000  0.0000      0.000      0.000   2600.314   1414.883   2598.267   1372.474 N000157
  1462.665   1355.215  -8.903   1469.464   1456.046  -8.904   0.0648 -0.0846   1474.443   1418.363   1474.378   1418.448   1469.398   1456.136 N000158
     0.000      0.000   0.000      0.000      0.000   0.000   0.0000  0.0000      0.000      0.000   1740.787   1420.144   1738.608   1438.283 N000159
     0.000      0.000   0.000      0.000      0.000   0.000   0.0000  0.0000      0.000      0.000   1382.401   1421.149   1376.103   1465.677 N000160
  3972.415   1361.136  -9.331   3958.268   1290.885  -9.332  -0.0851  0.1359   3984.272   1424.251   3984.357   1424.115   3958.350   1290.746 N000161
  1747.058   1367.977 -11.108   1756.765   1447.913 -11.109   0.0583 -0.0232   1758.846   1431.120   1758.787   1431.144   1756.706   1447.940 N000162
     0.000      0.000   0.000      0.000      0.000   0.000   0.0000  0.0000      0.000      0.000   2212.302   1431.138   2211.790   1415.532 N000163
     0.000      0.000   0.000      0.000      0.000   0.000   0.0000  0.0000      0.000      0.000   2520.811   1432.509   2519.297   1395.401 N000164
  2192.661   1374.689 -10.963   2203.950   1422.729 -10.964   0.1613  0.1886   2204.463   1437.826   2204.301   1437.638   2203.789   1422.553 N000165
  2942.807   1378.826  -9.267   2949.155   1375.223  -9.268  -0.1933 -0.0626   2954.632   1441.954   2954.825   1442.017   2949.346   1375.272 N000166
     0.000      0.000   0.000      0.000      0.000   0.000   0.0000  0.0000      0.000      0.000   1415.777   1450.648   1409.800   1492.668 N000167
  1001.744   1388.119 -10.794    999.855   1523.867 -10.795  -0.2243  0.1188   1013.508   1451.272   1013.733   1451.153   1000.086   1523.731 N000168
     0.000      0.000   0.000      0.000      0.000   0.000   0.0000  0.0000      0.000      0.000   3379.767   1454.622   3367.736   1359.529 N000169
     0.000      0.000   0.000      0.000      0.000   0.000   0.0000  0.0000      0.000      0.000   2190.301   1465.538   2189.762   1451.271 N000170
  1666.413   1403.189 -11.183   1675.294   1488.912 -11.184  -0.0874  0.1890   1678.197   1466.333   1678.285   1466.144   1675.383   1488.717 N000171
     0.000      0.000   0.000      0.000      0.000   0.000   0.0000  0.0000      0.000      0.000   3378.338   1466.622   3366.402   1371.460 N000172
  1633.749   1412.329  -9.646   1642.269   1500.435  -9.647  -0.1679 -0.1706   1645.532   1475.474   1645.700   1475.644   1642.438   1500.593 N000173
     0.000      0.000   0.000      0.000      0.000   0.000   0.0000  0.0000      0.000      0.000   1162.268   1485.150   1151.622   1546.389 N000174
     0.000      0.000   0.000      0.000      0.000   0.000   0.0000  0.0000      0.000      0.000   2184.300   1488.262   2183.733   1474.292 N000175
     0.000      0.000   0.000      0.000      0.000   0.000   0.0000  0.0000      0.000      0.000   3252.834   1491.624   3243.232   1404.404 N000176
  1903.015   1429.128  -9.594   1913.529   1497.565  -9.595  -0.0109  0.1540   1914.807   1492.268   1914.818   1492.114   1913.540   1497.411 N000177
     0.000      0.000   0.000      0.000      0.000   0.000   0.0000  0.0000      0.000      0.000   1409.776   1495.618   1403.447   1538.089 N000178
     0.000      0.000   0.000      0.000      0.000   0.000   0.0000  0.0000      0.000      0.000    621.751   1498.657    596.546   1602.369 N000179
  2587.942   1456.122  -9.772   2597.840   1475.969  -9.773  -0.0583  0.1221   2599.755   1519.254   2599.813   1519.132   2597.898   1475.844 N000180
     0.000      0.000   0.000      0.000      0.000   0.000   0.0000  0.0000      0.000      0.000   2429.808   1522.634   2428.771   1491.158 N000181
     0.000      0.000   0.000      0.000      0.000   0.000   0.0000  0.0000      0.000      0.000   2132.799   1529.637   2132.137   1519.125 N000182
     0.000      0.000   0.000      0.000      0.000   0.000   0.0000  0.0000      0.000      0.000    932.039   1532.764    915.644   1612.045 N000183
  2899.674   1480.377 -10.163   2906.844   1478.626 -10.164   0.1481 -0.1229   2911.498   1543.504   2911.349   1543.627   2906.698   1478.758 N000184
     0.000      0.000   0.000      0.000      0.000   0.000   0.0000  0.0000      0.000      0.000   1221.970   1547.849   1212.036   1604.673 N000185
     0.000      0.000   0.000      0.000      0.000   0.000   0.0000  0.0000      0.000      0.000   1848.290   1550.641   1846.442   1560.606 N000186
  1463.716   1490.418  -9.823   1469.774   1591.135  -9.824   0.1831 -0.0818   1475.494   1553.564   1475.311   1553.645   1469.588   1591.231 N000187
  1754.191   1492.410 -10.289   1763.493   1571.539 -10.290   0.1910 -0.0900   1765.978   1555.552   1765.787   1555.642   1763.300   1571.643 N000188
     0.000      0.000   0.000      0.000      0.000   0.000   0.0000  0.0000      0.000      0.000   1542.280   1559.644   1537.420   1592.213 N000189
     0.000      0.000   0.000      0.000      0.000   0.000   0.0000  0.0000      0.000      0.000   1575.781   1565.144   1571.308   1595.212 N000190
  2124.783   1503.678 -10.553   2135.861   1555.872 -10.554  -0.1895  0.1777   2136.581   1566.814   2136.771   1566.637   2136.051   1555.682 N000191
  1161.234   1507.448  -9.113   1161.907   1631.269  -9.114   0.0976 -0.0523   1173.002   1570.597   1172.905   1570.649   1161.807   1631.329 N000192
     0.000      0.000   0.000      0.000      0.000   0.000   0.0000  0.0000      0.000      0.000   2274.886   1575.218   2274.188   1554.371 N000193
  1399.491   1535.278 -11.689   1404.311   1640.909 -11.690  -0.0086 -0.2220   1411.267   1598.424   1411.276   1598.646   1404.318   1641.131 N000194
  2175.729   1535.561 -10.290   2186.804   1583.978 -10.291   0.1455  0.0612   2187.529   1598.697   2187.383   1598.636   2186.659   1583.928 N000195
  2231.957   1536.787 -10.448   2243.045   1581.178 -10.449  -0.0162 -0.1343   2243.759   1599.922   2243.775   1600.056   2243.061   1581.310 N000196
  4004.595   1538.919 -12.320   3991.186   1463.783 -12.321   0.0949 -0.0813   4016.452   1602.031   4016.358   1602.112   3991.094   1463.869 N000197
     0.000      0.000   0.000      0.000      0.000   0.000   0.0000  0.0000      0.000      0.000    933.094   1603.568    916.033   1683.180 N000198
  2332.754   1544.835 -10.941   2343.732   1582.016 -10.942  -0.0987 -0.1651   2344.559   1607.968   2344.658   1608.133   2343.830   1582.173 N000199
     0.000      0.000   0.000      0.000      0.000   0.000   0.0000  0.0000      0.000      0.000    498.247   1610.157    467.311   1724.934 N000200
  1848.443   1561.185  -8.835   1858.204   1633.293  -8.836  -0.0574  0.1134   1860.232   1624.324   1860.290   1624.211   1858.262   1633.176 N000201
  1673.892   1563.567 -10.436   1682.129   1648.599 -10.437  -0.1082  0.0666   1685.676   1626.708   1685.784   1626.642   1682.239   1648.524 N000202
     0.000      0.000   0.000      0.000      0.000   0.000   0.0000  0.0000      0.000      0.000   1897.291   1627.639   1895.486   1633.881 N000203
  3054.159   1577.811  -9.581   3059.754   1564.652  -9.582   0.1588 -0.1891   3065.986   1640.935   3065.827   1641.124   3059.598   1564.850 N000204
     0.000      0.000   0.000      0.000      0.000   0.000   0.0000  0.0000      0.000      0.000   1842.289   1648.639   1840.036   1658.909 N000205
  2022.167   1585.861 -11.558   2032.775   1645.215 -11.559   0.1669 -0.1388   2033.962   1648.998   2033.795   1649.137   2032.607   1645.366 N000206
   595.706   1597.758  -9.530    579.786   1767.262  -9.531   0.2058 -0.1266    607.456   1660.913    607.250   1661.040    579.572   1767.407 N000207
     0.000      0.000   0.000      0.000      0.000   0.000   0.0000  0.0000      0.000      0.000   1263.271   1661.647   1253.253   1715.697 N000208
     0.000      0.000   0.000      0.000      0.000   0.000   0.0000  0.0000      0.000      0.000   1857.289   1669.639   1855.065   1678.787 N000209
     0.000      0.000   0.000      0.000      0.000   0.000   0.0000  0.0000      0.000      0.000   1688.784   1670.141   1685.059   1691.826 N000210
  1394.967   1608.438  -9.443   1399.214   1714.609  -9.444  -0.0334 -0.0291   1406.742   1671.582   1406.775   1671.611   1399.248   1714.636 N000211
  1714.129   1611.831 -11.181   1722.550   1693.885 -11.182   0.1027 -0.1687   1725.914   1674.972   1725.812   1675.140   1722.445   1694.061 N000212
  2032.921   1627.481 -11.110   2043.455   1685.968 -11.111  -0.0789 -0.0189   2044.716   1690.617   2044.795   1690.636   2043.534   1685.981 N000213
     0.000      0.000   0.000      0.000      0.000   0.000   0.0000  0.0000      0.000      0.000   2222.301   1702.134   2221.428   1684.565 N000214
  2771.163   1651.484 -10.858   2779.944   1657.237 -10.859   0.1275 -0.0160   2782.981   1714.610   2782.854   1714.626   2779.818   1657.262 N000215
     0.000      0.000   0.000      0.000      0.000   0.000   0.0000  0.0000      0.000      0.000   1072.265   1716.148   1057.617   1785.486 N000216
  1932.734   1653.031 -11.526   1942.694   1718.847 -11.527   0.2339  0.0310   1944.526   1716.168   1944.292   1716.137   1942.459   1718.833 N000217
     0.000      0.000   0.000      0.000      0.000   0.000   0.0000  0.0000      0.000      0.000   2422.279   1716.603   2421.196   1684.659 N000218
     0.000      0.000   0.000      0.000      0.000   0.000   0.0000  0.0000      0.000      0.000   1210.269   1731.646   1198.592   1790.196 N000219
     0.000      0.000   0.000      0.000      0.000   0.000   0.0000  0.0000      0.000      0.000   1285.771   1731.645   1275.615   1784.286 N000220
     0.000      0.000   0.000      0.000      0.000   0.000   0.0000  0.0000      0.000      0.000   1227.269   1735.646   1215.908   1792.886 N000221
  2390.006   1673.713 -10.124   2400.762   1706.288 -10.125   0.0683 -0.0060   2401.812   1736.844   2401.744   1736.850   2400.694   1706.299 N000222
  2110.855   1693.535  -8.882   2121.480   1746.223  -8.883   0.0545  0.2353   2122.652   1756.669   2122.597   1756.434   2121.426   1745.992 N000223
     0.000      0.000   0.000      0.000      0.000   0.000   0.0000  0.0000      0.000      0.000   2520.310   1758.171   2518.883   1719.087 N000224
   165.667   1695.493 -10.720    130.798   1902.536 -10.721   0.1670 -0.0402    177.403   1758.652    177.236   1758.692    130.623   1902.591 N000225
  3356.275   1697.668 -10.597   3357.867   1663.010 -10.598  -0.2493  0.1444   3368.111   1760.786   3368.360   1760.642   3358.111   1662.850 N000226
     0.000      0.000   0.000      0.000      0.000   0.000   0.0000  0.0000      0.000      0.000   1275.354   1768.145   1264.690   1821.811 N000227
  2072.741   1707.126 -10.075   2083.199   1762.592 -10.076  -0.0341  0.1263   2084.537   1770.261   2084.571   1770.134   2083.234   1762.463 N000228
     0.000      0.000   0.000      0.000      0.000   0.000   0.0000  0.0000      0.000      0.000   1690.284   1779.039   1686.002   1800.805 N000229
     0.000      0.000   0.000      0.000      0.000   0.000   0.0000  0.0000      0.000      0.000   1527.778   1791.641   1521.316   1825.848 N000230
  2963.115   1729.001  -9.972   2970.215   1720.944  -9.973   0.1148  0.0012   2974.939   1792.124   2974.824   1792.123   2970.102   1720.951 N000231
  2320.431   1730.636  -8.914   2331.221   1768.051  -8.915  -0.0694  0.1358   2332.234   1793.767   2332.304   1793.631   2331.290   1767.910 N000232
     0.000      0.000   0.000      0.000      0.000   0.000   0.0000  0.0000      0.000      0.000   3715.347   1808.213   3698.768   1686.894 N000233
  2118.854   1765.213  -9.347   2129.311   1817.263  -9.348  -0.1461  0.0132   2130.651   1828.346   2130.797   1828.333   2129.458   1817.239 N000234
  1931.110   1767.338 -10.590   1940.611   1833.315 -10.591   0.1095 -0.1616   1942.901   1830.474   1942.791   1830.635   1940.500   1833.485 N000235
     0.000      0.000   0.000      0.000      0.000   0.000   0.0000  0.0000      0.000      0.000   2260.301   1834.131   2259.216   1813.565 N000236
  1415.743   1773.231 -10.349   1419.121   1878.566 -10.350  -0.0217  0.0547   1427.518   1836.373   1427.540   1836.318   1419.144   1878.509 N000237
  1996.207   1773.867 -10.953   2006.085   1834.994 -10.954   0.1825 -0.1328   2008.001   1837.002   2007.818   1837.134   2005.901   1835.140 N000238
  1544.851   1778.029  -9.131   1550.253   1873.384  -9.132  -0.0577 -0.0163   1556.630   1841.169   1556.688   1841.185   1550.312   1873.396 N000239
     0.000      0.000   0.000      0.000      0.000   0.000   0.0000  0.0000      0.000      0.000   1544.779   1848.140   1538.184   1881.304 N000240
  1644.650   1786.240 -10.014   1651.346   1873.961 -10.015   0.1496 -0.0271   1656.432   1849.378   1656.282   1849.405   1651.194   1874.000 N000241
     0.000      0.000   0.000      0.000      0.000   0.000   0.0000  0.0000      0.000      0.000   1969.792   1855.135   1967.570   1855.999 N000242
  1452.815   1795.004  -9.940   1456.660   1897.583  -9.941  -0.5782  0.0040   1464.591   1858.145   1465.169   1858.141   1457.248   1897.534 N000243
     0.000      0.000   0.000      0.000      0.000   0.000   0.0000  0.0000      0.000      0.000   1417.275   1862.642   1408.493   1905.799 N000244
  1178.321   1805.325  -9.491   1176.701   1929.627  -9.492  -0.1794 -0.1364   1190.088   1868.469   1190.268   1868.606   1176.883   1929.750 N000245
  2945.008   1806.708 -10.465   2952.461   1799.497 -10.466   0.0080  0.2083   2956.831   1869.830   2956.823   1869.622   2952.453   1799.290 N000246
  2039.686   1808.626 -10.242   2049.665   1866.557 -10.243   0.1859  0.1263   2051.480   1871.760   2051.295   1871.633   2049.478   1866.444 N000247
     0.000      0.000   0.000      0.000      0.000   0.000   0.0000  0.0000      0.000      0.000   1276.104   1872.143   1264.536   1926.483 N000248
     0.000      0.000   0.000      0.000      0.000   0.000   0.0000  0.0000      0.000      0.000    773.754   1874.702    748.900   1969.819 N000249
     0.000      0.000   0.000      0.000      0.000   0.000   0.0000  0.0000      0.000      0.000   2461.307   1876.128   2459.988   1840.967 N000250
     0.000      0.000   0.000      0.000      0.000   0.000   0.0000  0.0000      0.000      0.000   2100.796   1879.490   2099.182   1870.637 N000251
     0.000      0.000   0.000      0.000      0.000   0.000   0.0000  0.0000      0.000      0.000   1871.289   1880.135   1868.231   1888.471 N000252
     0.000      0.000   0.000      0.000      0.000   0.000   0.0000  0.0000      0.000      0.000   1286.771   1885.643   1275.296   1939.245 N000253
  1978.115   1822.236  -8.967   1987.691   1884.784  -8.968   0.0320  0.0688   1989.908   1885.369   1989.876   1885.301   1987.659   1884.718 N000254
  1193.020   1823.612 -11.810   1191.551   1946.899 -11.811   0.0197  0.1117   1204.788   1886.756   1204.768   1886.644   1191.532   1946.788 N000255
     0.000      0.000   0.000      0.000      0.000   0.000   0.0000  0.0000      0.000      0.000   2365.304   1886.538   2364.125   1858.306 N000256
     0.000      0.000   0.000      0.000      0.000   0.000   0.0000  0.0000      0.000      0.000   2780.317   1886.624   2777.487   1828.634 N000257
  2273.040   1825.436  -9.361   2283.668   1866.185  -9.362   0.0402 -0.0641   2284.842   1888.566   2284.802   1888.630   2283.628   1866.252 N000258
  1870.785   1825.926  -9.658   1879.563   1896.568  -9.659  -0.1436 -0.0736   1882.574   1889.062   1882.718   1889.135   1879.707   1896.631 N000259
  2808.416   1832.586 -10.509   2817.121   1834.868 -10.510  -0.0843  0.0857   2820.234   1895.709   2820.319   1895.623   2817.205   1834.777 N000260
  2151.686   1833.806 -11.380   2162.048   1883.466 -11.381   0.1864 -0.1944   2163.484   1896.937   2163.298   1897.131   2161.861   1883.675 N000261
     0.000      0.000   0.000      0.000      0.000   0.000   0.0000  0.0000      0.000      0.000   1163.850   1900.227   1149.541   1963.777 N000262
     0.000      0.000   0.000      0.000      0.000   0.000   0.0000  0.0000      0.000      0.000   1477.776   1901.203   1469.734   1939.885 N000263
  3810.213   1846.923 -11.065   3803.879   1780.722 -11.066   0.0225 -0.0774   3822.063   1910.033   3822.040   1910.110   3803.858   1780.800 N000264
     0.000      0.000   0.000      0.000      0.000   0.000   0.0000  0.0000      0.000      0.000   1506.277   1911.140   1498.628   1947.660 N000265
  2993.118   1848.745 -11.052   3000.160   1837.988 -11.053   0.1183  0.1258   3004.943   1911.865   3004.824   1911.740   3000.043   1837.871 N000266
  1041.145   1852.347 -10.453   1035.705   1988.164 -10.454   0.1449 -0.1535   1052.908   1915.492   1052.763   1915.645   1035.555   1988.331 N000267
  1016.386   1855.432 -10.928   1010.254   1993.298 -10.929  -0.1142 -0.0684   1028.148   1918.577   1028.262   1918.646   1010.370   1993.358 N000268
  2242.440   1862.648 -11.770   2252.944   1905.651 -11.771  -0.0602  0.1480   2254.240   1925.778   2254.301   1925.630   2253.005   1905.499 N000269
     0.000      0.000   0.000      0.000      0.000   0.000   0.0000  0.0000      0.000      0.000   1773.286   1927.597   1769.050   1943.563 N000270
     0.000      0.000   0.000      0.000      0.000   0.000   0.0000  0.0000      0.000      0.000    284.239   1936.655     -1.000     -1.000 N000271
  2148.562   1872.912 -14.231   2158.794   1922.857 -14.232   0.0617 -0.1099   2160.359   1936.043   2160.298   1936.153   2158.732   1922.972 N000272
     0.000      0.000   0.000      0.000      0.000   0.000   0.0000  0.0000      0.000      0.000   1220.732   1940.000   1207.320   1999.360 N000273
     0.000      0.000   0.000      0.000      0.000   0.000   0.0000  0.0000      0.000      0.000   2292.302   1942.129   2291.015   1919.221 N000274
  2585.670   1882.616 -13.217   2595.664   1900.675 -13.218   0.1696  0.1158   2597.481   1945.741   2597.311   1945.625   2595.495   1900.572 N000275
     0.000      0.000   0.000      0.000      0.000   0.000   0.0000  0.0000      0.000      0.000   1643.231   1950.187   1637.321   1976.290 N000276
  1370.709   1888.146 -10.072   1372.323   1997.844 -10.073   0.1732  0.1465   1382.482   1951.287   1382.309   1951.141   1372.148   1997.710 N000277
  2720.269   1890.677  -9.896   2729.600   1899.069  -9.897  -0.1999  0.1774   2732.084   1953.801   2732.284   1953.623   2729.799   1898.877 N000278
  1071.491   1896.433 -10.012   1066.343   2030.268 -10.013  -0.0085 -0.0666   1083.255   1959.578   1083.264   1959.644   1066.351   2030.335 N000279
     0.000      0.000   0.000      0.000      0.000   0.000   0.0000  0.0000      0.000      0.000    965.189   1962.646    945.041   2043.044 N000280
  1788.140   1903.151 -10.207   1795.740   1980.395 -10.208   0.1395  0.1508   1799.926   1966.286   1799.786   1966.135   1795.600   1980.254 N000281
  2476.283   1903.926 -11.650   2486.602   1929.878 -11.651  -0.2171 -0.0740   2488.091   1967.052   2488.308   1967.126   2486.819   1929.936 N000282
  1733.323   1907.490 -11.303   1740.306   1988.971 -11.304  -0.1768 -0.0097   1745.108   1970.626   1745.285   1970.636   1740.485   1988.967 N000283
     0.000      0.000   0.000      0.000      0.000   0.000   0.0000  0.0000      0.000      0.000   1293.170   1979.641   1280.946   2033.572 N000284
     0.000      0.000   0.000      0.000      0.000   0.000   0.0000  0.0000      0.000      0.000    977.260   1988.708     -1.000     -1.000 N000285
   488.699   1928.683 -10.184    468.318   2060.169 -10.185   0.1986  0.1834    500.444   1991.835    500.245   1991.651    468.114   2060.000 N000286
     0.000      0.000   0.000      0.000      0.000   0.000   0.0000  0.0000      0.000      0.000   2673.814   1997.552   2671.640   1946.944 N000287
  2625.092   1936.793  -9.036   2634.896   1951.968  -9.037   0.0084 -0.2071   2636.904   1999.917   2636.896   2000.124   2634.887   1952.176 N000288
  2719.989   1937.552 -10.120   2729.325   1945.897 -10.121  -0.0114  0.0520   2731.804   2000.675   2731.815   2000.623   2729.336   1945.844 N000289
     0.000      0.000   0.000      0.000      0.000   0.000   0.0000  0.0000      0.000      0.000   2297.052   2007.191   2295.605   1984.028 N000290
     0.000      0.000   0.000      0.000      0.000   0.000   0.0000  0.0000      0.000      0.000   2463.807   2017.626   2462.292   1982.242 N000291
  2648.125   1955.007 -10.451   2657.818   1968.513 -10.452   0.1254  0.0071   2659.938   2018.130   2659.813   2018.123   2657.693   1968.515 N000292
     0.000      0.000   0.000      0.000      0.000   0.000   0.0000  0.0000      0.000      0.000   3194.330   2019.616   3187.601   1932.122 N000293
     0.000      0.000   0.000      0.000      0.000   0.000   0.0000  0.0000      0.000      0.000   1413.774   2024.639     -1.000     -1.000 N000294
     0.000      0.000   0.000      0.000      0.000   0.000   0.0000  0.0000      0.000      0.000   3874.051   2024.608   3855.543   1890.928 N000295
   523.239   1963.483 -10.374    503.786   2092.490 -10.375   0.2387 -0.0166    534.985   2026.634    534.746   2026.650    503.538   2092.527 N000296
  2103.839   1963.605 -11.535   2113.551   2017.140 -11.535  -0.1611  0.1051   2115.635   2026.735   2115.796   2026.630   2113.713   2017.022 N000297
     0.000      0.000   0.000      0.000      0.000   0.000   0.0000  0.0000      0.000      0.000   1132.265   2029.143     -1.000     -1.000 N000298
     0.000      0.000   0.000      0.000      0.000   0.000   0.0000  0.0000      0.000      0.000   2458.807   2036.626   2457.266   2001.630 N000299
   583.382   1980.670 -10.138    566.034   2104.712 -10.139  -0.1178  0.1702    595.130   2043.820    595.248   2043.649    566.158   2104.529 N000300
     0.000      0.000   0.000      0.000      0.000   0.000   0.0000  0.0000      0.000      0.000   2886.620   2042.920   2883.107   1977.038 N000301
     0.000      0.000   0.000      0.000      0.000   0.000   0.0000  0.0000      0.000      0.000   2562.410   2062.124   2560.604   2019.597 N000302
     0.000      0.000   0.000      0.000      0.000   0.000   0.0000  0.0000      0.000      0.000   2832.318   2068.120   2829.224   2006.092 N000303
   167.969   2007.849 -13.363    132.486   2168.897 -13.364  -0.0312 -0.1509    179.704   2071.003    179.735   2071.154    132.516   2169.048 N000304
  1392.788   2011.361 -10.634   1397.746   2068.086 -10.635  -0.1620 -0.1392   1404.561   2074.499   1404.723   2074.639   1397.910   2068.213 N000305
     0.000      0.000   0.000      0.000      0.000   0.000   0.0000  0.0000      0.000      0.000   2022.293   2077.631     -1.000     -1.000 N000306
  3153.495   2021.477  -8.778   3159.124   1998.939  -8.779  -0.2051  0.0771   3165.323   2084.593   3165.529   2084.516   3159.326   1998.848 N000307
     0.000      0.000   0.000      0.000      0.000   0.000   0.0000  0.0000      0.000      0.000   2473.807   2093.125     -1.000     -1.000 N000308
     0.000      0.000   0.000      0.000      0.000   0.000   0.0000  0.0000      0.000      0.000   2386.804   2094.076     -1.000     -1.000 N000309
  3055.490   2046.129  -9.916   3062.247   2030.453  -9.917  -0.0095  0.1292   3067.316   2109.246   3067.325   2109.117   3062.256   2030.323 N000310
     0.000      0.000   0.000      0.000      0.000   0.000   0.0000  0.0000      0.000      0.000   2169.297   2111.128     -1.000     -1.000 N000311
     0.000      0.000   0.000      0.000      0.000   0.000   0.0000  0.0000      0.000      0.000   2365.803   2119.188     -1.000     -1.000 N000312
     0.000      0.000   0.000      0.000      0.000   0.000   0.0000  0.0000      0.000      0.000   2569.381   2123.480     -1.000     -1.000 N000313
     0.000      0.000   0.000      0.000      0.000   0.000   0.0000  0.0000      0.000      0.000   3131.327   2135.615     -1.000     -1.000 N000314
  2527.595   2092.940 -10.324   2540.663   2062.961 -10.325   0.0947 -0.0605   2539.403   2156.062   2539.309   2156.123   2540.569   2063.029 N000315
  1732.903   2095.066 -11.726   1742.451   2125.440 -11.727  -0.0971  0.0656   1744.687   2158.198   1744.784   2158.133   1742.550   2125.366 N000316
     0.000      0.000   0.000      0.000      0.000   0.000   0.0000  0.0000      0.000      0.000   1616.391   2164.134   1612.470   2141.536 N000317
  1967.791   2121.550 -11.500   1979.468   2133.857 -11.501  -0.2091  0.0502   1979.582   2184.680   1979.791   2184.629   1979.679   2133.790 N000318
     0.000      0.000   0.000      0.000      0.000   0.000   0.0000  0.0000      0.000      0.000   1380.272   2189.137   1372.115   2185.799 N000319
     0.000      0.000   0.000      0.000      0.000   0.000   0.0000  0.0000      0.000      0.000    823.255   2193.644    800.399   2237.095 N000320
  1447.243   2138.996  -9.813   1452.268   2192.522  -9.814   0.1279 -0.0036   1459.018   2202.132   1458.890   2202.136   1452.138   2192.536 N000321
     0.000      0.000   0.000      0.000      0.000   0.000   0.0000  0.0000      0.000      0.000   1953.790   2202.567   1953.409   2153.844 N000322
  2323.971   2141.369  -9.412   2337.196   2126.644  -9.413  -0.0286  0.3273   2335.773   2204.494   2335.802   2204.166   2337.225   2126.313 N000323
  1969.457   2154.123  -9.921   1981.026   2166.505  -9.922  -0.0428  0.1230   1981.248   2217.252   1981.291   2217.129   1981.070   2166.378 N000324
  2225.197   2155.911 -11.331   2238.182   2148.708 -11.332  -0.2764 -0.0888   2236.996   2219.037   2237.272   2219.126   2238.459   2148.776 N000325
   509.049   2157.396 -11.715    486.435   2290.936 -11.716   0.0488 -0.1042    520.794   2220.543    520.745   2220.648    486.383   2291.047 N000326
  2086.294   2159.396 -10.313   2098.643   2162.815 -10.314  -0.2061 -0.1039   2098.088   2222.523   2098.294   2222.627   2098.850   2162.904 N000327
  2050.811   2164.486 -12.475   2062.929   2170.663 -12.476  -0.1649 -0.0135   2062.604   2227.614   2062.769   2227.628   2063.095   2170.664 N000328
  2163.633   2166.210 -11.984   2176.362   2163.746 -11.985   0.1331  0.2101   2175.430   2229.336   2175.297   2229.126   2176.229   2163.545 N000329
  1638.324   2175.109 -11.606   1646.197   2213.628 -11.607  -0.1757  0.1088   1650.105   2238.242   1650.280   2238.133   1646.376   2213.504 N000330
     0.000      0.000   0.000      0.000      0.000   0.000   0.0000  0.0000      0.000      0.000   1740.283   2238.132   1737.566   2206.361 N000331
     0.000      0.000   0.000      0.000      0.000   0.000   0.0000  0.0000      0.000      0.000   2460.806   2242.122   2462.204   2155.021 N000332
     0.000      0.000   0.000      0.000      0.000   0.000   0.0000  0.0000      0.000      0.000   2259.799   2245.125   2261.004   2173.186 N000333
  1763.297   2185.205 -11.273   1772.721   2213.907 -11.274  -0.1765  0.1782   1775.081   2248.336   1775.258   2248.158   1772.901   2213.713 N000334
     0.000      0.000   0.000      0.000      0.000   0.000   0.0000  0.0000      0.000      0.000   2514.307   2254.122   2515.634   2163.062 N000335
     0.000      0.000   0.000      0.000      0.000   0.000   0.0000  0.0000      0.000      0.000   1460.774   2255.135   1453.641   2245.963 N000336
  1330.190   2198.745  -9.718   1332.391   2262.545  -9.719   0.1903  0.1784   1341.961   2261.882   1341.771   2261.703   1332.198   2262.380 N000337
     0.000      0.000   0.000      0.000      0.000   0.000   0.0000  0.0000      0.000      0.000   1189.766   2263.638   1176.688   2276.978 N000338
  3152.977   2200.399 -11.294   3162.011   2125.023 -11.295  -0.0229 -0.1006   3164.805   2263.512   3164.828   2263.613   3162.035   2125.122 N000339
  3571.124   2200.417 -10.323   3574.179   2095.695 -10.324   0.1239 -0.0828   3582.965   2263.525   3582.841   2263.608   3574.057   2095.786 N000340
     0.000      0.000   0.000      0.000      0.000   0.000   0.0000  0.0000      0.000      0.000   1119.764   2269.139   1104.847   2288.440 N000341
  1236.258   2216.744 -11.128   1236.188   2288.577 -11.129   0.0196 -0.0891   1248.025   2279.882   1248.006   2279.971   1236.167   2288.669 N000342
  2552.401   2220.828 -11.137   2565.449   2189.259 -11.138  -0.0986 -0.1720   2564.210   2283.948   2564.309   2284.120   2565.548   2189.424 N000343
     0.000      0.000   0.000      0.000      0.000   0.000   0.0000  0.0000      0.000      0.000   1510.864   2300.134   1504.284   2287.409 N000344
     0.000      0.000   0.000      0.000      0.000   0.000   0.0000  0.0000      0.000      0.000   3045.824   2304.153   3044.415   2174.162 N000345
  2149.891   2248.557 -10.100   2162.314   2247.638 -10.101  -0.1086  0.0569   2161.688   2311.682   2161.796   2311.625   2162.423   2247.572 N000346
   437.592   2251.683 -11.516    410.588   2393.509 -11.517   0.0921  0.1832    449.334   2314.830    449.242   2314.647    410.495   2393.330 N000347
     0.000      0.000   0.000      0.000      0.000   0.000   0.0000  0.0000      0.000      0.000   3193.078   2321.112   3190.219   2180.529 N000348
  1379.202   2258.419 -10.458   1381.909   2318.944 -10.459   0.2016 -0.0813   1390.973   2321.554   1390.772   2321.635   1381.702   2319.043 N000349
  1305.812   2261.564 -12.363   1306.910   2328.222 -12.364  -0.1884  0.0638   1317.581   2324.700   1317.769   2324.636   1307.103   2328.141 N000350
  2148.731   2272.385 -10.288   2161.072   2271.718 -10.289   0.2309 -0.1154   2160.527   2335.510   2160.296   2335.625   2160.839   2271.852 N000351
     0.000      0.000   0.000      0.000      0.000   0.000   0.0000  0.0000      0.000      0.000   2603.310   2337.619   2604.474   2240.197 N000352
  1352.309   2277.151 -11.217   1354.277   2340.161 -11.218  -0.1906  0.1272   1364.080   2340.286   1364.271   2340.159   1354.473   2340.016 N000353
     0.000      0.000   0.000      0.000      0.000   0.000   0.0000  0.0000      0.000      0.000   3241.830   2340.611   3238.504   2196.523 N000354
  2303.190   2279.301 -11.305   2316.127   2266.802 -11.306  -0.2680  0.8008   2314.991   2342.424   2315.259   2341.623   2316.398   2265.976 N000355
     0.000      0.000   0.000      0.000      0.000   0.000   0.0000  0.0000      0.000      0.000   2755.315   2342.617   2755.984   2233.922 N000356
   985.378   2282.689  -9.709    977.929   2376.802  -9.710  -0.1225  0.1890    997.137   2345.829    997.259   2345.640    978.057   2376.599 N000357
   389.763   2287.715 -10.488    360.104   2434.655 -10.488  -0.0148 -0.0906    401.504   2350.862    401.518   2350.953    360.118   2434.746 N000358
     0.000      0.000   0.000      0.000      0.000   0.000   0.0000  0.0000      0.000      0.000   1751.283   2351.180   1748.037   2319.637 N000359
     0.000      0.000   0.000      0.000      0.000   0.000   0.0000  0.0000      0.000      0.000   1251.767   2355.708   1239.277   2365.187 N000360
     0.000      0.000   0.000      0.000      0.000   0.000   0.0000  0.0000      0.000      0.000   2669.840   2358.618   2670.840   2256.315 N000361
  1725.979   2300.986  -9.488   1734.255   2333.795  -9.489  -0.0210 -0.0137   1737.761   2364.116   1737.783   2364.130   1734.276   2333.807 N000362
  1251.269   2303.906  -9.981   1250.703   2375.746  -9.982  -0.1154 -0.0939   1263.037   2367.042   1263.152   2367.136   1250.820   2375.832 N000363
     0.000      0.000   0.000      0.000      0.000   0.000   0.0000  0.0000      0.000      0.000   1727.782   2366.963   1724.122   2337.474 N000364
  1986.796   2306.645 -10.469   1997.881   2318.854 -10.470   0.0460  0.1445   1998.587   2369.771   1998.541   2369.626   1997.835   2318.712 N000365
     0.000      0.000   0.000      0.000      0.000   0.000   0.0000  0.0000      0.000      0.000   3449.336   2371.608   3443.413   2212.767 N000366
     0.000      0.000   0.000      0.000      0.000   0.000   0.0000  0.0000      0.000      0.000   1408.772   2372.134   1399.622   2368.747 N000367
   563.855   2310.057  -9.253    541.227   2441.789  -9.254  -0.6451  0.4564    575.601   2373.201    576.246   2372.745    541.905   2441.265 N000368
   600.079   2309.733  -9.091    578.907   2438.214  -9.092   0.0788  0.0904    611.826   2372.877    611.747   2372.787    578.827   2438.129 N000369
   925.646   2309.778  -8.549    916.035   2409.540  -8.550   0.1465  0.0785    937.404   2372.918    937.257   2372.840    915.885   2409.472 N000370
     0.000      0.000   0.000      0.000      0.000   0.000   0.0000  0.0000      0.000      0.000   2265.299   2375.623   2266.204   2304.030 N000371
     0.000      0.000   0.000      0.000      0.000   0.000   0.0000  0.0000      0.000      0.000   2716.813   2377.617   2717.669   2271.889 N000372
     0.000      0.000   0.000      0.000      0.000   0.000   0.0000  0.0000      0.000      0.000   1681.826   2379.040   1677.434   2353.389 N000373
  1187.791   2324.688 -10.272   1185.452   2402.212 -10.273  -0.2446  0.1883   1199.557   2387.825   1199.801   2387.636   1185.705   2402.000 N000374
     0.000      0.000   0.000      0.000      0.000   0.000   0.0000  0.0000      0.000      0.000   2440.733   2389.049   2441.983   2304.118 N000375
     0.000      0.000   0.000      0.000      0.000   0.000   0.0000  0.0000      0.000      0.000   2116.794   2390.625   2116.888   2330.651 N000376
  1675.788   2333.921  -9.528   1683.129   2371.153  -9.529  -0.1121 -0.0790   1687.569   2397.051   1687.681   2397.130   1683.242   2371.224 N000377
  2144.117   2336.122 -11.521   2156.221   2336.296 -11.522   0.1174  0.1216   2155.913   2399.246   2155.795   2399.124   2156.103   2336.182 N000378
     0.000      0.000   0.000      0.000      0.000   0.000   0.0000  0.0000      0.000      0.000    571.746   2406.613    536.706   2476.278 N000379
     0.000      0.000   0.000      0.000      0.000   0.000   0.0000  0.0000      0.000      0.000   1109.292   2410.637   1092.545   2433.101 N000380
  1461.754   2349.565  -9.315   1465.317   2404.522  -9.316   0.0460  0.1065   1473.528   2412.697   1473.482   2412.591   1465.271   2404.418 N000381
     0.000      0.000   0.000      0.000      0.000   0.000   0.0000  0.0000      0.000      0.000   1669.225   2427.630   1664.294   2403.602 N000382
     0.000      0.000   0.000      0.000      0.000   0.000   0.0000  0.0000      0.000      0.000   2456.805   2429.932   2458.012   2344.031 N000383
     0.000      0.000   0.000      0.000      0.000   0.000   0.0000  0.0000      0.000      0.000   2518.307   2430.119   2519.533   2339.544 N000384
  2015.902   2372.628 -11.784   2026.930   2383.168 -11.785  -0.0984  0.1278   2027.693   2435.753   2027.791   2435.625   2027.030   2383.031 N000385
     0.000      0.000   0.000      0.000      0.000   0.000   0.0000  0.0000      0.000      0.000   1279.218   2437.085   1266.558   2445.536 N000386
  2680.503   2373.995  -9.579   2693.290   2333.468  -9.580   0.0028 -0.0047   2692.315   2437.112   2692.312   2437.117   2693.287   2333.473 N000387
   346.801   2387.041 -10.028    313.526   2540.286 -10.029  -0.1986  0.0415    358.540   2450.188    358.739   2450.146    313.735   2540.225 N000388
  2072.276   2386.866  -9.179   2083.694   2393.109  -9.180  -0.0366 -0.1337   2084.069   2449.990   2084.105   2450.124   2083.730   2393.241 N000389
     0.000      0.000   0.000      0.000      0.000   0.000   0.0000  0.0000      0.000      0.000   1699.781   2455.629   1695.101   2429.484 N000390
  1180.164   2393.440  -9.654   1176.881   2472.775  -9.655   0.1342 -0.0010   1191.929   2456.576   1191.794   2456.577   1176.743   2472.787 N000391
     0.000      0.000   0.000      0.000      0.000   0.000   0.0000  0.0000      0.000      0.000    683.249   2457.642    651.845   2518.422 N000392
     0.000      0.000   0.000      0.000      0.000   0.000   0.0000  0.0000      0.000      0.000    398.677   2471.145    355.143   2558.080 N000393
  1635.547   2418.510 -10.317   1641.634   2460.132 -10.318   0.0473  0.0099   1647.326   2481.639   1647.279   2481.629   1641.586   2460.126 N000394
     0.000      0.000   0.000      0.000      0.000   0.000   0.0000  0.0000      0.000      0.000   2774.314   2489.615   2775.050   2380.092 N000395
  1724.475   2429.614 -11.339   1731.843   2464.129 -11.340  -0.0254  0.1145   1736.256   2492.742   1736.282   2492.628   1731.870   2464.011 N000396
  1602.283   2433.150 -10.232   1607.699   2477.718 -10.233  -0.1544  0.1503   1614.061   2496.280   1614.216   2496.129   1607.857   2477.553 N000397
  1672.236   2434.318 -11.029   1678.785   2473.160 -11.030   0.2070 -0.1818   1684.017   2497.447   1683.810   2497.629   1678.573   2473.361 N000398
     0.000      0.000   0.000      0.000      0.000   0.000   0.0000  0.0000      0.000      0.000   1323.769   2498.133   1311.528   2503.844 N000399
  2477.063   2440.477  -9.141   2489.999   2415.771  -9.142   0.1535  0.0681   2488.868   2503.595   2488.715   2503.527   2489.846   2415.714 N000400
  1978.140   2443.391 -10.553   1988.484   2457.673 -10.554   0.1404 -0.1089   1989.930   2506.516   1989.790   2506.625   1988.342   2457.794 N000401
  2961.067   2447.525 -12.561   2972.632   2386.403 -12.562   0.0666  0.0249   2972.887   2510.637   2972.821   2510.612   2972.566   2386.383 N000402
     0.000      0.000   0.000      0.000      0.000   0.000   0.0000  0.0000      0.000      0.000   3894.350   2515.656   3881.812   2325.547 N000403
  2506.411   2455.306 -11.085   2519.347   2428.469 -11.086  -0.0888 -0.1659   2518.218   2518.424   2518.306   2518.590   2519.436   2428.630 N000404
     0.000      0.000   0.000      0.000      0.000   0.000   0.0000  0.0000      0.000      0.000    474.242   2520.644    433.239   2601.891 N000405
  1639.236   2459.261 -12.794   1645.056   2501.175 -12.795   0.2364  0.1021   1651.016   2522.390   1650.779   2522.288   1644.816   2501.091 N000406
  1392.992   2475.191  -9.889   1393.942   2537.887  -9.890  -0.0076  0.1907   1404.764   2538.322   1404.771   2538.132   1393.952   2537.692 N000407
     0.000      0.000   0.000      0.000      0.000   0.000   0.0000  0.0000      0.000      0.000   2287.999   2540.720   2288.500   2468.747 N000408
  1824.579   2490.590  -9.892   1832.891   2517.811  -9.893   0.0785  0.0901   1836.363   2553.716   1836.285   2553.626   1832.812   2517.726 N000409
  2498.604   2490.246 -10.642   2511.483   2464.294 -10.643   0.3035 -0.1535   2510.409   2553.364   2510.106   2553.517   2511.178   2464.472 N000410
  2378.287   2491.883  -9.366   2390.928   2475.226  -9.367  -0.1849 -0.1174   2390.089   2555.001   2390.274   2555.119   2391.113   2475.330 N000411
  1743.827   2492.312 -11.121   1751.007   2526.135 -11.122  -0.1734 -0.1876   1755.609   2555.439   1755.782   2555.627   1751.182   2526.311 N000412
     0.000      0.000   0.000      0.000      0.000   0.000   0.0000  0.0000      0.000      0.000    716.750   2559.140    685.096   2619.244 N000413
     0.000      0.000   0.000      0.000      0.000   0.000   0.0000  0.0000      0.000      0.000   2275.799   2560.620   2276.178   2489.802 N000414
  2120.837   2501.020  -9.294   2132.114   2504.638  -9.295  -0.1243  0.0589   2132.631   2564.142   2132.755   2564.083   2132.240   2504.569 N000415
  3015.578   2502.609 -10.105   3026.893   2437.696 -10.106   0.0783  0.1094   3027.400   2565.720   3027.322   2565.610   3026.815   2437.592 N000416
  1317.296   2505.212 -10.519   1316.206   2574.865 -10.520  -0.1452  0.2122   1329.065   2568.344   1329.210   2568.132   1316.357   2574.637 N000417
     0.000      0.000   0.000      0.000      0.000   0.000   0.0000  0.0000      0.000      0.000   4094.356   2577.096   4078.209   2373.180 N000418
  2289.196   2514.186  -9.179   2301.433   2504.690  -9.180   0.1056  0.0956   2300.996   2577.306   2300.890   2577.210   2301.327   2504.602 N000419
  2656.173   2516.548  -9.004   2669.007   2478.762  -9.005   0.1729  0.0479   2667.984   2579.663   2667.811   2579.615   2668.834   2478.727 N000420
     0.000      0.000   0.000      0.000      0.000   0.000   0.0000  0.0000      0.000      0.000   2010.290   2580.157   2008.642   2530.588 N000421
     0.000      0.000   0.000      0.000      0.000   0.000   0.0000  0.0000      0.000      0.000   2279.298   2590.620   2279.593   2519.849 N000422
  2220.462   2527.980  -9.798   2232.289   2524.035  -9.799  -0.0380 -0.0200   2232.259   2591.100   2232.297   2591.120   2232.327   2524.053 N000423
     0.000      0.000   0.000      0.000      0.000   0.000   0.0000  0.0000      0.000      0.000   2192.740   2592.065   2192.523   2528.130 N000424
     0.000      0.000   0.000      0.000      0.000   0.000   0.0000  0.0000      0.000      0.000   2584.975   2597.116   2586.032   2502.704 N000425
  2793.413   2533.759 -11.151   2805.925   2485.679 -11.152  -0.0874 -0.2409   2805.228   2596.872   2805.315   2597.113   2806.012   2485.915 N000426
  3088.680   2537.322 -11.704   3099.544   2467.159 -11.705   0.1802 -0.1784   3100.504   2600.430   3100.324   2600.609   3099.366   2467.352 N000427
     0.000      0.000   0.000      0.000      0.000   0.000   0.0000  0.0000      0.000      0.000    484.780   2611.142    442.683   2693.805 N000428
     0.000      0.000   0.000      0.000      0.000   0.000   0.0000  0.0000      0.000      0.000    804.252   2631.238    774.779   2685.178 N000429
  1399.569   2568.795 -11.573   1399.699   2632.641 -11.574   0.0693 -0.2052   1411.340   2631.925   1411.271   2632.130   1399.626   2632.856 N000430
   802.202   2569.597  -9.795    784.810   2685.835  -9.796   0.2016  0.0967    813.954   2632.734    813.752   2632.638    784.603   2685.754 N000431
     0.000      0.000   0.000      0.000      0.000   0.000   0.0000  0.0000      0.000      0.000   1498.224   2634.629   1488.415   2628.032 N000432
  2637.175   2573.987 -12.970   2649.986   2538.138 -12.971   0.1747 -0.0130   2648.985   2637.101   2648.810   2637.114   2649.812   2538.165 N000433
  1166.340   2576.559 -10.135   1160.524   2660.651 -10.136  -0.1340  0.0592   1178.103   2639.692   1178.237   2639.633   1160.663   2660.579 N000434
     0.000      0.000   0.000      0.000      0.000   0.000   0.0000  0.0000      0.000      0.000   2108.793   2646.121   2107.685   2589.543 N000435
     0.000      0.000   0.000      0.000      0.000   0.000   0.0000  0.0000      0.000      0.000   2332.800   2646.618   2333.162   2572.287 N000436
   944.275   2589.332 -10.708    931.516   2693.301 -10.709  -0.2250 -0.1683    956.032   2652.467    956.257   2652.636    931.746   2693.453 N000437
     0.000      0.000   0.000      0.000      0.000   0.000   0.0000  0.0000      0.000      0.000   1730.386   2654.126   1724.623   2628.455 N000438
     0.000      0.000   0.000      0.000      0.000   0.000   0.0000  0.0000      0.000      0.000   2516.306   2659.115   2517.205   2570.607 N000439
  1263.938   2597.885  -9.813   1260.484   2673.948  -9.814  -0.0621 -0.1155   1275.705   2661.016   1275.767   2661.131   1260.546   2674.061 N000440
     0.000      0.000   0.000      0.000      0.000   0.000   0.0000  0.0000      0.000      0.000   2171.395   2662.520   2170.708   2601.162 N000441
     0.000      0.000   0.000      0.000      0.000   0.000   0.0000  0.0000      0.000      0.000   1713.780   2669.126   1707.620   2645.093 N000442
     0.000      0.000   0.000      0.000      0.000   0.000   0.0000  0.0000      0.000      0.000   1120.262   2671.580   1100.620   2698.307 N000443
     0.000      0.000   0.000      0.000      0.000   0.000   0.0000  0.0000      0.000      0.000   2866.261   2683.111   2866.787   2567.950 N000444
     0.000      0.000   0.000      0.000      0.000   0.000   0.0000  0.0000      0.000      0.000    683.948   2684.639    649.012   2750.901 N000445
     0.000      0.000   0.000      0.000      0.000   0.000   0.0000  0.0000      0.000      0.000   2583.408   2684.514   2584.347   2591.073 N000446
  1419.987   2627.645 -12.302   1419.947   2690.904 -12.303  -0.0129  0.1450   1431.759   2690.774   1431.771   2690.629   1419.962   2690.755 N000447
     0.000      0.000   0.000      0.000      0.000   0.000   0.0000  0.0000      0.000      0.000   2581.308   2691.614   2582.234   2598.410 N000448
   273.866   2638.518 -10.101    232.388   2805.686 -10.102  -0.1344  0.0179    285.601   2701.661    285.735   2701.643    232.530   2805.655 N000449
  1262.782   2645.538 -11.737   1258.731   2722.722 -11.738  -0.2177  0.0383   1274.549   2708.669   1274.766   2708.631   1258.955   2722.664 N000450
    92.147   2649.592 -10.051     40.831   2834.625 -10.052   0.1466  0.0917    103.876   2712.737    103.730   2712.646     40.678   2834.544 N000451
  3528.489   2658.273 -10.470   3535.096   2556.495 -10.471  -0.0109  0.1059   3540.327   2721.374   3540.338   2721.268   3535.107   2556.388 N000452
     0.000      0.000   0.000      0.000      0.000   0.000   0.0000  0.0000      0.000      0.000   2970.292   2724.081   2970.406   2601.376 N000453
  3749.252   2660.738  -9.782   3752.555   2543.195  -9.783  -0.2146  0.1710   3761.096   2723.836   3761.311   2723.665   3752.765   2543.008 N000454
  2453.801   2663.094 -11.103   2466.236   2642.425 -11.104  -0.1778  0.0941   2465.604   2726.209   2465.782   2726.115   2466.415   2642.316 N000455
     0.000      0.000   0.000      0.000      0.000   0.000   0.0000  0.0000      0.000      0.000   2251.397   2727.118   2250.988   2660.272 N000456
     0.000      0.000   0.000      0.000      0.000   0.000   0.0000  0.0000      0.000      0.000   1371.269   2727.629   1357.649   2733.717 N000457
  2758.997   2670.227  -9.129   2771.613   2625.931  -9.130  -0.0027  0.2268   2770.811   2733.338   2770.813   2733.111   2771.616   2625.702 N000458
  3616.243   2669.714  -9.420   3621.679   2561.677  -9.421  -0.1635  0.1201   3628.083   2732.814   3628.246   2732.694   3621.840   2561.545 N000459
     0.000      0.000   0.000      0.000      0.000   0.000   0.0000  0.0000      0.000      0.000   1430.604   2747.545   1418.149   2748.949 N000460
  2685.552   2684.516 -13.421   2698.238   2646.038 -13.422   0.0524  0.0164   2697.363   2747.628   2697.311   2747.612   2698.185   2646.026 N000461
     0.000      0.000   0.000      0.000      0.000   0.000   0.0000  0.0000      0.000      0.000   3193.326   2749.505   3192.010   2610.247 N000462
     0.000      0.000   0.000      0.000      0.000   0.000   0.0000  0.0000      0.000      0.000   2950.319   2751.008   2950.558   2630.050 N000463
     0.000      0.000   0.000      0.000      0.000   0.000   0.0000  0.0000      0.000      0.000   1592.243   2756.626   1583.109   2744.435 N000464
     0.000      0.000   0.000      0.000      0.000   0.000   0.0000  0.0000      0.000      0.000   1956.788   2763.121   1953.389   2720.664 N000465
  3009.120   2715.978  -8.524   3020.868   2653.021  -8.525   0.1205 -0.0220   3020.941   2779.085   3020.821   2779.107   3020.748   2653.052 N000466
     0.000      0.000   0.000      0.000      0.000   0.000   0.0000  0.0000      0.000      0.000    314.236   2780.642    260.863   2884.445 N000467
  2035.986   2723.355 -11.198   2045.274   2736.969 -11.199  -0.0140 -0.1454   2047.776   2786.474   2047.790   2786.620   2045.287   2737.116 N000468
     0.000      0.000   0.000      0.000      0.000   0.000   0.0000  0.0000      0.000      0.000   2773.001   2793.048   2773.764   2686.101 N000469
     0.000      0.000   0.000      0.000      0.000   0.000   0.0000  0.0000      0.000      0.000    495.395   2793.639    450.461   2880.604 N000470
     0.000      0.000   0.000      0.000      0.000   0.000   0.0000  0.0000      0.000      0.000   1784.782   2797.211   1778.684   2769.631 N000471
   938.840   2751.038  -9.069    923.504   2859.584  -9.070  -0.0603  0.0882    950.595   2814.171    950.656   2814.083    923.568   2859.488 N000472
     0.000      0.000   0.000      0.000      0.000   0.000   0.0000  0.0000      0.000      0.000   1745.281   2814.623   1738.383   2790.694 N000473
  1623.121   2752.040  -9.492   1626.009   2800.561  -9.493   0.1210  0.0404   1634.898   2815.165   1634.777   2815.124   1625.886   2800.530 N000474
     0.000      0.000   0.000      0.000      0.000   0.000   0.0000  0.0000      0.000      0.000   2495.804   2827.613   2496.260   2742.781 N000475
     0.000      0.000   0.000      0.000      0.000   0.000   0.0000  0.0000      0.000      0.000   2050.290   2832.119   2047.523   2783.204 N000476
     0.000      0.000   0.000      0.000      0.000   0.000   0.0000  0.0000      0.000      0.000    819.252   2832.349    787.135   2890.256 N000477
  1162.632   2775.408 -10.187   1154.109   2864.487 -10.188  -0.7249 -0.9488   1174.395   2838.538   1175.120   2839.487   1154.843   2865.396 N000478
     0.000      0.000   0.000      0.000      0.000   0.000   0.0000  0.0000      0.000      0.000   3352.621   2842.760   3350.130   2692.362 N000479
     0.000      0.000   0.000      0.000      0.000   0.000   0.0000  0.0000      0.000      0.000   2477.554   2847.613   2477.887   2764.510 N000480
  2231.663   2792.591  -9.932   2242.391   2791.479  -9.933   0.1631  0.0910   2243.459   2855.707   2243.296   2855.616   2242.227   2791.400 N000481
     0.000      0.000   0.000      0.000      0.000   0.000   0.0000  0.0000      0.000      0.000   1097.337   2856.131   1074.450   2889.427 N000482
     0.000      0.000   0.000      0.000      0.000   0.000   0.0000  0.0000      0.000      0.000   2773.313   2856.109   2774.032   2749.875 N000483
     0.000      0.000   0.000      0.000      0.000   0.000   0.0000  0.0000      0.000      0.000   2012.789   2859.119   2009.407   2813.783 N000484
  1779.044   2796.843 -11.895   1784.284   2833.127 -11.896   0.0445 -0.1569   1790.826   2859.965   1790.782   2860.122   1784.237   2833.291 N000485
  1917.363   2801.198 -10.289   1924.644   2826.007 -10.290  -0.1371  0.1977   1929.149   2864.318   1929.286   2864.120   1924.784   2825.794 N000486
  3779.168   2803.220 -12.441   3782.926   2684.209 -12.442   0.1685  0.2204   3791.013   2866.316   3790.845   2866.096   3782.759   2683.999 N000487
     0.000      0.000   0.000      0.000      0.000   0.000   0.0000  0.0000      0.000      0.000   2468.103   2866.613   2468.340   2784.538 N000488
  2687.594   2812.871  -9.893   2700.128   2775.770  -9.894   0.0944 -0.1289   2699.405   2875.981   2699.310   2876.110   2700.033   2775.908 N000489
     0.000      0.000   0.000      0.000      0.000   0.000   0.0000  0.0000      0.000      0.000   2589.369   2880.111   2589.946   2788.610 N000490
  2312.165   2829.234  -9.354   2323.314   2822.229  -9.355   0.1292  0.1622   2323.963   2892.348   2323.834   2892.186   2323.185   2822.074 N000491
     0.000      0.000   0.000      0.000      0.000   0.000   0.0000  0.0000      0.000      0.000   1961.829   2896.536   1957.516   2856.139 N000492
     0.000      0.000   0.000      0.000      0.000   0.000   0.0000  0.0000      0.000      0.000   2113.959   2904.117   2111.418   2851.294 N000493
  2464.548   2842.701  -9.954   2476.498   2823.676  -9.955   0.0481  0.2012   2476.351   2905.813   2476.303   2905.612   2476.450   2823.476 N000494
     0.000      0.000   0.000      0.000      0.000   0.000   0.0000  0.0000      0.000      0.000   1100.760   2907.539   1077.235   2941.918 N000495
     0.000      0.000   0.000      0.000      0.000   0.000   0.0000  0.0000      0.000      0.000    753.749   2911.849    717.721   2978.197 N000496
  2503.945   2851.241 -13.102   2516.021   2829.202 -13.103  -0.0547  0.1762   2515.750   2914.353   2515.804   2914.177   2516.076   2829.019 N000497
     0.000      0.000   0.000      0.000      0.000   0.000   0.0000  0.0000      0.000      0.000    767.749   2928.134    731.988   2993.683 N000498
     0.000      0.000   0.000      0.000      0.000   0.000   0.0000  0.0000      0.000      0.000   1264.765   2935.127   1245.783   2955.541 N000499
  1217.205   2878.782 -11.289   1208.860   2965.704 -11.290   0.1799 -0.2176   1228.969   2941.910   1228.789   2942.128   1208.672   2965.943 N000500
  1956.767   2884.107 -10.274   1963.942   2907.295 -10.275   2.2674  0.1069   1968.555   2947.225   1966.287   2947.118   1961.644   2907.376 N000501
  1918.773   2889.684 -11.536   1925.371   2916.170 -11.537  -0.2266  0.1844   1930.559   2952.803   1930.786   2952.619   1925.602   2915.962 N000502
     0.000      0.000   0.000      0.000      0.000   0.000   0.0000  0.0000      0.000      0.000   1777.281   2956.620   1769.626   2932.998 N000503
     0.000      0.000   0.000      0.000      0.000   0.000   0.0000  0.0000      0.000      0.000    531.742   2957.136    485.308   3045.959 N000504
  1543.365   2897.518  -9.166   1543.111   2956.168  -9.167  -0.0896  0.0183   1555.139   2960.642   1555.229   2960.623   1543.202   2956.142 N000505
  2487.536   2907.586  -8.699   2499.369   2887.759  -8.700   0.0921  0.1415   2499.340   2970.697   2499.248   2970.555   2499.277   2887.623 N000506
  1044.348   2910.890 -10.560   1030.122   3014.349 -10.561  -0.1515 -0.1102   1056.107   2974.019   1056.258   2974.129   1030.277   3014.449 N000507
  1142.284   2912.305 -11.515   1131.205   3006.901 -11.516  -0.2164 -0.1953   1154.045   2975.433   1154.261   2975.628   1131.425   3007.082 N000508
     0.000      0.000   0.000      0.000      0.000   0.000   0.0000  0.0000      0.000      0.000   2054.790   2987.616   2051.002   2941.331 N000509
  2538.737   2926.978  -9.471   2550.719   2903.362  -9.472   0.0832  0.0164   2550.542   2990.088   2550.459   2990.071   2550.635   2903.352 N000510
  2792.189   2931.272 -10.378   2804.584   2887.611 -10.379   0.1888  0.0615   2804.002   2994.379   2803.813   2994.317   2804.395   2887.563 N000511
     0.000      0.000   0.000      0.000      0.000   0.000   0.0000  0.0000      0.000      0.000    731.323   2997.133    692.840   3068.317 N000512
     0.000      0.000   0.000      0.000      0.000   0.000   0.0000  0.0000      0.000      0.000   1652.777   3003.621   1642.324   2991.754 N000513
  1407.306   2948.193 -10.352   1403.240   3020.051 -10.353  -0.1941  0.1929   1419.075   3011.317   1419.270   3011.124   1403.442   3019.836 N000514
  1827.744   2948.254  -8.568   1832.419   2983.711  -8.569   0.4108  0.0037   1839.527   3011.373   1839.116   3011.369   1832.001   2983.742 N000515
     0.000      0.000   0.000      0.000      0.000   0.000   0.0000  0.0000      0.000      0.000   2165.293   3011.615   2162.616   2956.651 N000516
  2315.725   2949.842 -11.570   2326.339   2944.680 -11.571   0.1770 -0.1585   2327.523   3012.954   2327.346   3013.113   2326.160   2944.856 N000517
     0.000      0.000   0.000      0.000      0.000   0.000   0.0000  0.0000      0.000      0.000   1670.277   3017.649   1660.027   3004.616 N000518
     0.000      0.000   0.000      0.000      0.000   0.000   0.0000  0.0000      0.000      0.000   2896.316   3021.105   2896.783   2907.492 N000519
  1728.580   2988.556  -9.185   1731.113   3033.447  -9.186   0.0801  0.0560   1740.360   3051.676   1740.279   3051.620   1731.032   3033.396 N000520
     0.000      0.000   0.000      0.000      0.000   0.000   0.0000  0.0000      0.000      0.000   3807.344   3055.093   3800.166   2873.299 N000521
     0.000      0.000   0.000      0.000      0.000   0.000   0.0000  0.0000      0.000      0.000   2441.301   3092.922   2440.560   3016.870 N000522
  1490.620   3031.073 -10.212   1487.579   3097.811 -10.213   0.1197  0.0453   1502.391   3094.195   1502.272   3094.150   1487.457   3097.775 N000523
   771.000   3032.515 -12.339    744.545   3165.298 -12.340   0.0005  0.0154    782.750   3095.646    782.749   3095.631    744.545   3165.282 N000524
   607.003   3036.073 -10.536    573.440   3184.663 -10.537   0.0032  0.0734    618.747   3099.207    618.744   3099.133    573.438   3184.587 N000525
  3828.466   3039.869 -11.812   3832.938   2919.262 -11.813  -0.0344 -0.1313   3840.311   3102.960   3840.345   3103.092   3832.973   2919.392 N000526
  2170.575   3050.434 -11.317   2179.219   3059.320 -11.318   0.0746 -0.0660   2182.368   3113.547   2182.293   3113.613   2179.143   3059.393 N000527
  3529.449   3055.699 -10.802   3537.815   2957.247 -10.803  -0.0511  0.1033   3541.285   3118.794   3541.336   3118.691   3537.865   2957.139 N000528
     0.000      0.000   0.000      0.000      0.000   0.000   0.0000  0.0000      0.000      0.000   3451.333   3135.596   3448.830   2980.991 N000529
     0.000      0.000   0.000      0.000      0.000   0.000   0.0000  0.0000      0.000      0.000    260.483   3141.244    196.328   3263.618 N000530
  1858.308   3083.873 -11.281   1862.243   3120.015 -11.282  -0.1923 -0.0935   1870.091   3146.990   1870.283   3147.083   1862.438   3120.094 N000531
     0.000      0.000   0.000      0.000      0.000   0.000   0.0000  0.0000      0.000      0.000   3345.129   3155.497   3343.593   3009.183 N000532
  1746.043   3109.834 -10.536   1747.649   3156.356 -10.537   0.0425 -0.1656   1757.822   3172.952   1757.779   3173.117   1747.604   3156.530 N000533
  1922.537   3114.440 -11.267   1927.262   3145.856 -11.268   0.0644 -0.0599   1934.322   3177.555   1934.257   3177.615   1927.196   3145.923 N000534
  1963.761   3115.289 -10.654   1969.130   3143.198 -10.655  -0.2387 -0.1815   1975.548   3178.404   1975.786   3178.585   1969.371   3143.363 N000535
     0.000      0.000   0.000      0.000      0.000   0.000   0.0000  0.0000      0.000      0.000   1860.388   3179.616   1852.055   3154.324 N000536
     0.000      0.000   0.000      0.000      0.000   0.000   0.0000  0.0000      0.000      0.000   1555.773   3183.120   1541.136   3184.528 N000537
     0.000      0.000   0.000      0.000      0.000   0.000   0.0000  0.0000      0.000      0.000   2354.298   3184.155   2352.460   3117.157 N000538
     0.000      0.000   0.000      0.000      0.000   0.000   0.0000  0.0000      0.000      0.000   2472.552   3195.608   2471.569   3119.080 N000539
  1853.941   3143.022 -11.264   1857.225   3181.091 -11.265  -0.0591  0.0216   1865.724   3206.137   1865.783   3206.116   1857.285   3181.063 N000540
  2266.255   3148.938  -9.611   2275.314   3152.049  -9.612   0.0762 -0.0616   2278.050   3212.049   2277.974   3212.110   2275.236   3152.118 N000541
   443.461   3167.958 -11.011    399.235   3337.686 -11.012  -0.0386 -0.0417    455.200   3231.092    455.238   3231.133    399.275   3337.726 N000542
     0.000      0.000   0.000      0.000      0.000   0.000   0.0000  0.0000      0.000      0.000    930.253   3242.127    895.207   3302.984 N000543
     0.000      0.000   0.000      0.000      0.000   0.000   0.0000  0.0000      0.000      0.000   2350.798   3269.108   2348.437   3204.354 N000544
  2133.606   3213.269  -9.587   2140.628   3229.178  -9.588   0.1058  0.0190   2145.397   3276.380   2145.291   3276.361   2140.521   3229.168 N000545
     0.000      0.000   0.000      0.000      0.000   0.000   0.0000  0.0000      0.000      0.000    550.741   3309.154    497.765   3409.488 N000546
   875.341   3253.110 -10.116    848.943   3383.988 -10.117  -0.1312  0.1099    887.092   3316.236    887.224   3316.126    849.082   3383.861 N000547
     0.000      0.000   0.000      0.000      0.000   0.000   0.0000  0.0000      0.000      0.000   1878.783   3333.113   1869.240   3310.502 N000548
     0.000      0.000   0.000      0.000      0.000   0.000   0.0000  0.0000      0.000      0.000    796.749   3339.127    754.386   3416.506 N000549
     0.000      0.000   0.000      0.000      0.000   0.000   0.0000  0.0000      0.000      0.000   2264.294   3408.607   2260.051   3354.775 N000550
     0.000      0.000   0.000      0.000      0.000   0.000   0.0000  0.0000      0.000      0.000   2518.755   3409.914   2517.036   3334.568 N000551
  2419.462   3354.721  -8.625   2428.761   3350.039  -8.626  -0.0378  0.2208   2431.262   3417.826   2431.300   3417.605   2428.800   3349.809 N000552
     0.000      0.000   0.000      0.000      0.000   0.000   0.0000  0.0000      0.000      0.000   1385.267   3419.619   1362.752   3444.181 N000553
  2446.705   3410.907  -9.510   2455.911   3405.440  -9.511   0.1493  0.9068   2458.505   3474.011   2458.356   3473.104   2455.766   3404.521 N000554
     0.000      0.000   0.000      0.000      0.000   0.000   0.0000  0.0000      0.000      0.000   1479.269   3473.617   1458.647   3491.463 N000555
  2330.132   3426.588 -11.381   2338.018   3431.497 -11.382   0.1318  0.0882   2341.928   3489.693   2341.796   3489.605   2337.886   3431.418 N000556
  2849.809   3439.834  -9.203   2861.272   3401.584  -9.204  -0.1913 -0.1657   2861.621   3502.933   2861.813   3503.098   2861.463   3401.738 N000557
     0.000      0.000   0.000      0.000      0.000   0.000   0.0000  0.0000      0.000      0.000   2345.154   3511.605   2341.123   3453.768 N000558
     0.000      0.000   0.000      0.000      0.000   0.000   0.0000  0.0000      0.000      0.000   3239.324   3534.093   3238.839   3403.082 N000559
     0.000      0.000   0.000      0.000      0.000   0.000   0.0000  0.0000      0.000      0.000   1992.285   3544.609   1982.661   3518.584 N000560
     0.000      0.000   0.000      0.000      0.000   0.000   0.0000  0.0000      0.000      0.000    619.242   3551.126    563.995   3655.370 N000561
  1739.067   3488.926  -9.609   1736.100   3547.908  -9.610   0.0667 -0.0745   1750.844   3552.037   1750.778   3552.112   1736.031   3547.991 N000562
  1844.447   3501.618 -10.120   1843.672   3551.533 -10.121  -0.0533  0.1177   1856.228   3564.728   1856.281   3564.610   1843.728   3551.406 N000563
  1836.724   3514.301  -9.077   1835.632   3565.353  -9.078  -0.0262 -0.1681   1848.504   3577.411   1848.530   3577.579   1835.657   3565.525 N000564
     0.000      0.000   0.000      0.000      0.000   0.000   0.0000  0.0000      0.000      0.000   1031.755   3586.520    994.043   3651.343 N000565
     0.000      0.000   0.000      0.000      0.000   0.000   0.0000  0.0000      0.000      0.000   3338.327   3609.591   3337.510   3472.539 N000566
  2186.227   3552.063  -8.929   2191.171   3573.311  -8.930   0.2268  0.1251   2198.018   3615.168   2197.791   3615.043   2190.942   3573.202 N000567
     0.000      0.000   0.000      0.000      0.000   0.000   0.0000  0.0000      0.000      0.000   2152.790   3620.106   2145.193   3582.386 N000568
     0.000      0.000   0.000      0.000      0.000   0.000   0.0000  0.0000      0.000      0.000   1611.873   3656.812   1592.207   3669.335 N000569
     0.000      0.000   0.000      0.000      0.000   0.000   0.0000  0.0000      0.000      0.000    847.686   3707.121    799.579   3795.740 N000570
     0.000      0.000   0.000      0.000      0.000   0.000   0.0000  0.0000      0.000      0.000    856.249   3707.121    808.529   3794.878 N000571
  2581.922   3656.935  -8.484   2590.855   3647.301  -8.485  -0.0159  0.0597   2593.725   3720.033   2593.741   3719.974   2590.871   3647.238 N000572
     0.000      0.000   0.000      0.000      0.000   0.000   0.0000  0.0000      0.000      0.000   4055.793   3729.802   4049.409   3540.246 N000573
     0.000      0.000   0.000      0.000      0.000   0.000   0.0000  0.0000      0.000      0.000   2877.312   3737.095   2876.254   3640.955 N000574
     0.000      0.000   0.000      0.000      0.000   0.000   0.0000  0.0000      0.000      0.000    819.884   3750.257    769.500   3843.820 N000575
  3546.218   3688.984 -10.231   3556.364   3601.276 -10.232   0.0621 -0.0156   3558.052   3752.070   3557.990   3752.086   3556.302   3601.297 N000576
  1981.064   3694.749 -10.495   1980.885   3739.323 -10.496   0.0642  0.1778   1992.848   3757.855   1992.784   3757.677   1980.822   3739.144 N000577
  1457.660   3696.009 -10.110   1444.003   3789.233 -10.111   0.1598  0.0085   1469.428   3759.121   1469.268   3759.112   1443.838   3789.239 N000578
     0.000      0.000   0.000      0.000      0.000   0.000   0.0000  0.0000      0.000      0.000   2620.304   3767.097   2617.388   3693.625 N000579
     0.000      0.000   0.000      0.000      0.000   0.000   0.0000  0.0000      0.000      0.000   3501.331   3783.286   3499.996   3637.790 N000580
     0.000      0.000   0.000      0.000      0.000   0.000   0.0000  0.0000      0.000      0.000    770.023   3785.065    716.440   3885.487 N000581
  3857.788   3732.619 -10.392   3865.681   3621.815 -10.393  -0.1853  0.1190   3869.631   3795.700   3869.817   3795.581   3865.863   3621.679 N000582
  1977.683   3747.489  -9.948   1976.810   3794.404  -9.949   0.1829 -0.0107   1989.467   3810.594   1989.284   3810.605   1976.623   3794.432 N000583
  1944.998   3779.417 -10.122   1943.036   3830.588 -10.123  -0.0021 -0.0826   1956.781   3842.522   1956.783   3842.605   1943.037   3830.674 N000584
     0.000      0.000   0.000      0.000      0.000   0.000   0.0000  0.0000      0.000      0.000   1524.769   3861.610   1499.341   3890.946 N000585
  1629.734   3801.660  -9.434   1619.505   3883.132  -9.435   0.1167  0.1598   1641.507   3864.768   1641.390   3864.609   1619.388   3882.976 N000586
     0.000      0.000   0.000      0.000      0.000   0.000   0.0000  0.0000      0.000      0.000   2638.804   3888.595   2635.282   3817.715 N000587
     0.000      0.000   0.000      0.000      0.000   0.000   0.0000  0.0000      0.000      0.000    929.150   3904.617    880.111   3994.986 N000588
  2035.225   3867.000 -10.800   2034.101   3913.494 -10.801   0.2246 -0.5355   2047.010   3930.103   2046.785   3930.638   2033.865   3914.072 N000589
  3376.352   3871.520 -10.265   3387.302   3802.573 -10.266  -0.1480  0.0199   3388.179   3934.605   3388.327   3934.585   3387.449   3802.540 N000590
     0.000      0.000   0.000      0.000      0.000   0.000   0.0000  0.0000      0.000      0.000   3857.942   3935.379   3854.659   3766.115 N000591
  1310.843   3904.956 -11.539   1288.362   4022.108 -11.540  -0.1575 -0.0444   1322.605   3968.067   1322.762   3968.111   1288.524   4022.139 N000592
     0.000      0.000   0.000      0.000      0.000   0.000   0.0000  0.0000      0.000      0.000    973.223   3971.616    924.568   4061.066 N000593
     0.000      0.000   0.000      0.000      0.000   0.000   0.0000  0.0000      0.000      0.000   1798.249   3971.771   1778.897   3980.088 N000594
  1002.727   3915.067  -9.816    967.512   4063.762  -9.817   0.1741  0.0665   1014.479   3978.181   1014.305   3978.115    967.332   4063.710 N000595
     0.000      0.000   0.000      0.000      0.000   0.000   0.0000  0.0000      0.000      0.000   3277.324   3982.586   3276.499   3861.137 N000596
  1338.254   3948.579 -12.537   1315.907   4065.218 -12.538   0.0799  0.0786   1350.017   4011.689   1349.937   4011.610   1315.826   4065.143 N000597
     0.000      0.000   0.000      0.000      0.000   0.000   0.0000  0.0000      0.000      0.000   1302.261   4020.111   1266.198   4078.822 N000598
     0.000      0.000   0.000      0.000      0.000   0.000   0.0000  0.0000      0.000      0.000   1950.282   4047.602   1933.650   4045.087 N000599
     0.000      0.000   0.000      0.000      0.000   0.000   0.0000  0.0000      0.000      0.000   3654.835   4053.113   3653.187   3903.418 N000600
     0.000      0.000   0.000      0.000      0.000   0.000   0.0000  0.0000      0.000      0.000   1789.776   4088.103     -1.000     -1.000 N000601
     0.000      0.000   0.000      0.000      0.000   0.000   0.0000  0.0000      0.000      0.000   2744.806   4100.091   2740.882   4028.030 N000602
     0.000      0.000   0.000      0.000      0.000   0.000   0.0000  0.0000      0.000      0.000   2381.194   4176.094     -1.000     -1.000 N000603
