   269.808   -151.733 -11.661    254.667     59.349 -11.744  -0.1920 -0.0662    279.471    -73.878    279.663    -73.812    254.865     59.401 N000001
   459.887   -127.850 -11.187    450.465     70.094 -11.269  -0.1131  0.1498    469.558    -49.995    469.671    -50.145    450.582     69.939 N000002
   864.896   -124.351  -8.722    864.867     46.676  -8.804  -0.1036  0.1492    874.583    -46.495    874.687    -46.644    864.973     46.522 N000003
   332.297    -48.854 -11.508    318.823    156.803 -11.591  -0.1754  0.1465    341.963     29.004    342.138     28.857    319.004    156.646 N000004
  2316.606    -26.237 -10.349   2322.165     51.559 -10.432   0.1063  0.1130   2326.352     51.625   2326.246     51.512   2322.059     51.455 N000005
   724.958     -9.070  -9.943    721.957    169.471 -10.026  -0.0424 -0.0695    734.639     68.790    734.682     68.859    722.000    169.537 N000006
  1272.422     -5.949 -10.356   1278.151    136.602 -10.439  -0.0785  0.0512   1282.125     71.911   1282.204     71.860   1278.230    136.547 N000007
  2819.515     28.849  -8.770   2818.708     74.935  -8.853   0.0151 -0.1512   2829.281    106.713   2829.266    106.864   2818.694     75.083 N000008
     0.000      0.000   0.000      0.000      0.000   0.000   0.0000  0.0000      0.000      0.000    774.411    148.907    762.439    245.827 N000009
  2272.991     90.623 -11.140   2279.496    168.176 -11.223  -0.0090  0.1227   2282.735    168.487   2282.744    168.365   2279.504    168.056 N000010
  3387.688     96.244 -13.494   3375.498    106.809 -13.577   0.1883 -0.0481   3397.478    174.110   3397.289    174.158   3375.315    106.867 N000011
   132.922    102.788 -12.943    111.868    320.986 -13.026  -0.0780 -0.1254    142.580    180.649    142.658    180.774    111.948    321.105 N000012
   537.956    110.406  -9.602    530.008    300.185  -9.685  -0.0772 -0.0942    547.631    188.268    547.708    188.362    530.087    300.273 N000013
   441.571    138.830 -10.306    430.751    335.010 -10.389   0.0708 -0.1701    451.241    216.692    451.171    216.863    430.677    335.183 N000014
  2368.334    183.361 -12.037   2374.410    252.828 -12.119  -0.1659 -0.1386   2378.083    261.229   2378.248    261.367   2374.575    252.953 N000015
  1833.940    187.387 -10.748   1842.622    290.282 -10.830  -0.0600 -0.1126   1843.667    265.254   1843.727    265.366   1842.682    290.389 N000016
  1619.916    221.208  -9.667   1628.242    337.196  -9.750  -0.0842  0.1857   1629.634    299.075   1629.718    298.890   1628.326    337.008 N000017
  2881.761    221.441 -10.943   2881.217    258.542 -11.025  -0.2096 -0.0588   2891.530    299.310   2891.740    299.369   2881.423    258.587 N000018
     0.000      0.000   0.000      0.000      0.000   0.000   0.0000  0.0000      0.000      0.000   1948.731    368.869   1947.822    385.158 N000019
     0.000      0.000   0.000      0.000      0.000   0.000   0.0000  0.0000      0.000      0.000    697.618    380.242    683.164    479.809 N000020
  1869.890    322.146  -8.753   1878.836    420.153  -8.836  -0.1102  0.1455   1879.619    400.016   1879.729    399.870   1878.946    420.003 N000021
     0.000      0.000   0.000      0.000      0.000   0.000   0.0000  0.0000      0.000      0.000   1476.212    400.369   1473.995    446.819 N000022
  2178.124    350.839 -11.758   2186.263    428.566 -11.840   0.1235 -0.1608   2187.865    428.711   2187.741    428.871   2186.141    428.731 N000023
  1247.425    353.539 -10.401   1252.746    492.018 -10.484  -0.0748  0.0394   1257.129    431.409   1257.204    431.370   1252.822    491.974 N000024
     0.000      0.000   0.000      0.000      0.000   0.000   0.0000  0.0000      0.000      0.000   3709.803    462.089   3682.324    367.862 N000025
  1498.075    391.485  -8.823   1505.784    512.661  -8.906   0.0749 -0.0152   1507.789    469.356   1507.714    469.371   1505.709    512.681 N000026
   997.370    398.997 -10.742    998.816    553.976 -10.824  -0.1298 -0.0033   1007.064    476.867   1007.194    476.871    998.948    553.970 N000027
  1082.400    408.722  -8.779   1085.264    557.741  -8.862  -0.0998  0.2218   1092.097    486.593   1092.197    486.371   1085.366    557.515 N000028
  1120.553    414.378  -8.835   1124.006    560.715  -8.918   0.0529 -0.1219   1130.252    492.249   1130.199    492.371   1123.952    560.839 N000029
     0.000      0.000   0.000      0.000      0.000   0.000   0.0000  0.0000      0.000      0.000   1104.298    498.371   1097.630    568.547 N000030
  3131.678    421.671 -10.356   3127.913    438.394 -10.438   0.1782  0.1378   3141.458    499.546   3141.280    499.408   3127.737    438.271 N000031
  3177.508    447.705 -13.300   3173.014    460.973 -13.382   0.0076  0.1594   3187.289    525.581   3187.282    525.421   3173.005    460.818 N000032
     0.000      0.000   0.000      0.000      0.000   0.000   0.0000  0.0000      0.000      0.000   2477.753    536.875   2474.324    516.111 N000033
     0.000      0.000   0.000      0.000      0.000   0.000   0.0000  0.0000      0.000      0.000    205.328    556.288    174.491    690.192 N000034
  2063.257    484.538  -9.240   2072.226    567.084  -9.323  -0.2425  0.0384   2072.994    562.413   2073.237    562.375   2072.468    567.031 N000035
   166.785    499.592 -12.820    144.335    713.461 -12.902  -0.2149  0.0917    176.446    577.464    176.661    577.372    144.559    713.353 N000036
  2317.751    522.325  -9.009   2325.560    587.748  -9.092  -0.0488 -0.1745   2327.499    600.202   2327.547    600.376   2325.609    587.916 N000037
     0.000      0.000   0.000      0.000      0.000   0.000   0.0000  0.0000      0.000      0.000   1591.218    608.375   1589.708    644.106 N000038
  1791.310    555.940 -13.043   1800.420    655.163 -13.125  -0.1901 -0.0597   1801.036    633.817   1801.226    633.876   1800.611    655.209 N000039
     0.000      0.000   0.000      0.000      0.000   0.000   0.0000  0.0000      0.000      0.000   1444.712    638.376   1442.029    683.622 N000040
  2792.405    569.007  -8.809   2795.344    603.304  -8.892  -0.0947  0.0067   2802.172    646.885   2802.267    646.878   2795.437    603.291 N000041
     0.000      0.000   0.000      0.000      0.000   0.000   0.0000  0.0000      0.000      0.000   2416.334    648.378   2413.873    629.296 N000042
  3255.330    579.639  -8.716   3250.208    584.878  -8.798  -0.0028  0.1390   3265.116    657.518   3265.119    657.379   3250.210    584.742 N000043
     0.000      0.000   0.000      0.000      0.000   0.000   0.0000  0.0000      0.000      0.000   1824.527    657.877   1823.968    677.301 N000044
  2732.700    599.411 -10.249   2736.610    636.837 -10.332   0.1999 -0.0885   2742.464    677.291   2742.264    677.379   2736.413    636.936 N000045
    69.437    608.733 -10.061     42.098    829.826 -10.144  -0.0632  0.2333     79.094    686.608     79.157    686.374     42.166    829.588 N000046
     0.000      0.000   0.000      0.000      0.000   0.000   0.0000  0.0000      0.000      0.000   2028.735    692.378   2028.271    697.737 N000047
     0.000      0.000   0.000      0.000      0.000   0.000   0.0000  0.0000      0.000      0.000   2909.878    693.880   2901.694    642.508 N000048
     0.000      0.000   0.000      0.000      0.000   0.000   0.0000  0.0000      0.000      0.000   1153.700    694.877   1147.230    759.600 N000049
  2361.154    627.442 -11.899   2368.970    688.108 -11.982   0.1540 -0.0578   2370.903    705.321   2370.749    705.379   2368.817    688.175 N000050
     0.000      0.000   0.000      0.000      0.000   0.000   0.0000  0.0000      0.000      0.000   2151.741    728.879   2151.040    725.547 N000051
  1650.053    666.831 -11.384   1658.571    774.007 -11.466   0.0528 -0.1695   1659.774    744.709   1659.721    744.879   1658.518    774.178 N000052
  1458.838    668.250  -8.582   1465.905    788.488  -8.665  -0.1615  0.0499   1468.552    746.129   1468.713    746.079   1466.068    788.427 N000053
     0.000      0.000   0.000      0.000      0.000   0.000   0.0000  0.0000      0.000      0.000    406.733    747.814    381.625    866.262 N000054
     0.000      0.000   0.000      0.000      0.000   0.000   0.0000  0.0000      0.000      0.000   2594.258    755.381   2590.506    722.833 N000055
  3247.589    678.564 -12.379   3243.337    681.963 -12.462   0.0893  0.0643   3257.375    756.446   3257.285    756.382   3243.249    681.906 N000056
  1468.070    695.640 -10.122   1475.169    814.945 -10.205   0.0696  0.1405   1477.783    773.520   1477.714    773.379   1475.099    814.811 N000057
  4070.230    713.523 -11.475   4045.068    666.112 -11.557   0.2301  0.0230   4080.049    791.407   4079.818    791.384   4044.844    666.103 N000058
     0.000      0.000   0.000      0.000      0.000   0.000   0.0000  0.0000      0.000      0.000    595.178    806.879    575.572    911.148 N000059
  1772.344    731.094  -8.649   1781.381    829.172  -8.731  -0.0564  0.1941   1782.069    808.975   1782.126    808.781   1781.438    828.977 N000060
  2832.700    735.924 -10.424   2835.913    764.233 -10.507   0.1996 -0.0756   2842.468    813.807   2842.269    813.883   2835.717    764.320 N000061
     0.000      0.000   0.000      0.000      0.000   0.000   0.0000  0.0000      0.000      0.000   1314.307    820.680   1309.739    873.020 N000062
  3791.100    743.642  -9.423   3774.383    712.183  -9.506   0.0997  0.1421   3800.907    821.527   3800.807    821.385   3774.285    712.050 N000063
     0.000      0.000   0.000      0.000      0.000   0.000   0.0000  0.0000      0.000      0.000   2530.069    822.320   2527.192    792.695 N000064
  3816.861    751.914  -9.391   3799.506    718.692  -9.473  -0.1394 -0.0862   3826.669    829.799   3826.808    829.885   3799.642    718.768 N000065
  1728.689    757.626  -9.183   1737.527    858.348  -9.266   0.1889  0.1260   1738.413    835.507   1738.224    835.381   1737.337    858.236 N000066
  3282.170    779.929  -9.661   3277.917    778.928  -9.744   0.1702 -0.0708   3291.957    857.814   3291.787    857.885   3277.751    779.008 N000067
     0.000      0.000   0.000      0.000      0.000   0.000   0.0000  0.0000      0.000      0.000   1336.708    860.381   1332.298    910.805 N000068
   498.538    784.009 -10.643    485.524    972.535 -10.726   0.0382  0.0088    508.213    861.889    508.175    861.880    485.485    972.529 N000069
  1513.536    788.656  -9.411   1520.853    903.855  -9.494   0.0359  0.1564   1523.251    866.538   1523.216    866.382   1520.817    903.703 N000070
     0.000      0.000   0.000      0.000      0.000   0.000   0.0000  0.0000      0.000      0.000   1627.220    866.882   1625.643    896.996 N000071
   937.576    793.568 -10.421    936.180    949.626 -10.504   0.0758  0.0682    947.268    871.449    947.192    871.381    936.103    949.564 N000072
     0.000      0.000   0.000      0.000      0.000   0.000   0.0000  0.0000      0.000      0.000   2855.186    878.051   2848.757    826.427 N000073
  1204.566    806.596 -12.016   1208.040    943.379 -12.099   0.0661  0.0956   1214.269    884.477   1214.203    884.382   1207.973    943.289 N000074
  2075.548    813.669  -8.561   2084.946    890.194  -8.644   0.0483  0.1685   2085.287    891.552   2085.238    891.384   2084.898    890.031 N000075
  2203.945    816.897  -8.923   2213.031    884.790  -9.006  -0.0548 -0.1029   2213.689    894.781   2213.744    894.884   2213.086    884.888 N000076
  3008.944    818.736 -10.589   3009.919    834.189 -10.671  -0.0308 -0.1892   3018.720    896.621   3018.751    896.810   3009.951    834.372 N000077
  2107.460    841.028 -10.318   2116.826    915.041 -10.400  -0.0400  0.0278   2117.200    918.912   2117.240    918.884   2116.866    915.011 N000078
   144.185    843.078 -11.611    117.644   1058.781 -11.694   0.1845  0.0777    153.845    920.959    153.661    920.881    117.453   1058.718 N000079
  1604.635    846.793 -10.968   1612.578    955.096 -11.051   0.1347 -0.2068   1614.354    924.677   1614.219    924.884   1612.443    955.310 N000080
  1555.803    847.328 -10.397   1563.352    959.024 -10.480  -0.1724 -0.1718   1565.520    925.212   1565.692    925.384   1563.525    959.182 N000081
  2182.709    867.761 -10.339   2191.923    936.363 -10.422   0.2089 -0.2076   2192.452    945.646   2192.243    945.854   2191.715    936.582 N000082
     0.000      0.000   0.000      0.000      0.000   0.000   0.0000  0.0000      0.000      0.000   2874.270    950.029   2867.909    895.853 N000083
  2768.838    873.191 -10.130   2773.503    903.071 -10.213  -0.1617  0.1909   2778.605    951.077   2778.766    950.886   2773.662    902.873 N000084
  2553.212    894.083 -10.353   2560.254    937.698 -10.436  -0.0376  0.4997   2562.970    971.970   2563.008    971.470   2560.289    937.204 N000085
  2331.472    902.932  -8.494   2340.121    961.099  -8.577  -0.0282 -0.0678   2341.221    980.819   2341.249    980.886   2340.149    961.164 N000086
     0.000      0.000   0.000      0.000      0.000   0.000   0.0000  0.0000      0.000      0.000    401.171    995.258    373.729   1114.057 N000087
  1290.756    919.477  -8.981   1295.062   1049.346  -9.064  -0.1772 -0.0232   1300.463    997.362   1300.640    997.385   1295.242   1049.356 N000088
     0.000      0.000   0.000      0.000      0.000   0.000   0.0000  0.0000      0.000      0.000   2821.768   1012.388   2816.380    960.528 N000089
  2391.545    936.914 -13.216   2399.917    990.597 -13.299   0.0450 -0.0858   2401.296   1014.802   2401.251   1014.887   2399.872    990.685 N000090
   538.662    937.433 -10.019    525.639   1122.850 -10.101   0.1619 -0.0670    548.339   1015.317    548.177   1015.384    525.471   1122.929 N000091
  2149.679    943.965  -8.974   2159.032   1013.809  -9.057   0.0540 -0.0354   2159.421   1021.852   2159.367   1021.887   2158.978   1013.848 N000092
  2880.684    947.375  -8.678   2884.209    968.721  -8.761   0.1837 -0.1252   2890.455   1025.263   2890.271   1025.389   2884.029    968.856 N000093
     0.000      0.000   0.000      0.000      0.000   0.000   0.0000  0.0000      0.000      0.000   1561.718   1028.386   1559.255   1061.580 N000094
  1807.721    952.807  -9.400   1816.693   1045.976  -9.483   0.1853 -0.1931   1817.449   1030.694   1817.264   1030.887   1816.507   1046.180 N000095
  2325.113    956.523 -11.506   2333.882   1014.380 -11.588   0.1133  0.0230   2334.862   1034.411   2334.749   1034.388   2333.769   1014.365 N000096
  2169.600    958.526  -9.310   2178.922   1026.842  -9.393   0.1000  0.0261   2179.343   1036.414   2179.242   1036.388   2178.822   1026.823 N000097
     0.000      0.000   0.000      0.000      0.000   0.000   0.0000  0.0000      0.000      0.000   1069.168   1042.886   1059.625   1111.414 N000098
  2401.166    969.254  -8.912   2409.543   1021.846  -8.994   0.1659  0.1287   2410.918   1047.142   2410.752   1047.013   2409.378   1021.730 N000099
     0.000      0.000   0.000      0.000      0.000   0.000   0.0000  0.0000      0.000      0.000   1096.699   1051.886   1087.636   1118.362 N000100
     0.000      0.000   0.000      0.000      0.000   0.000   0.0000  0.0000      0.000      0.000   2050.737   1051.688   2050.463   1050.692 N000101
     0.000      0.000   0.000      0.000      0.000   0.000   0.0000  0.0000      0.000      0.000   1964.234   1067.438   1963.872   1072.206 N000102
     0.000      0.000   0.000      0.000      0.000   0.000   0.0000  0.0000      0.000      0.000   1419.712   1085.861   1415.537   1128.756 N000103
  2129.894   1017.199 -10.630   2139.311   1087.530 -10.713  -0.1063  0.1986   2139.635   1095.088   2139.741   1094.889   2139.417   1087.326 N000104
  1972.597   1023.081 -10.509   1981.979   1104.149 -10.592   0.0969  0.0812   1982.332   1100.970   1982.235   1100.889   1981.882   1104.075 N000105
   533.152   1023.641 -10.650    519.181   1209.583 -10.733   0.1519  0.1414    542.829   1101.528    542.677   1101.386    519.026   1209.453 N000106
     0.000      0.000   0.000      0.000      0.000   0.000   0.0000  0.0000      0.000      0.000   1809.228   1106.333   1808.318   1121.492 N000107
  3751.082   1029.682 -10.527   3737.974    994.162 -10.609   0.0820  0.1346   3760.888   1107.575   3760.806   1107.440   3737.893    994.035 N000108
  2360.211   1044.810 -10.943   2368.926   1099.172 -11.026   0.2115 -0.1899   2369.962   1122.700   2369.750   1122.890   2368.716   1099.374 N000109
     0.000      0.000   0.000      0.000      0.000   0.000   0.0000  0.0000      0.000      0.000   1744.225   1129.889   1742.907   1149.422 N000110
     0.000      0.000   0.000      0.000      0.000   0.000   0.0000  0.0000      0.000      0.000   1835.729   1134.890   1834.890   1147.949 N000111
     0.000      0.000   0.000      0.000      0.000   0.000   0.0000  0.0000      0.000      0.000   3749.331   1135.393   3726.951   1022.128 N000112
  3082.910   1059.409 -10.173   3083.956   1065.745 -10.256  -0.0897 -0.0906   3092.690   1137.301   3092.780   1137.392   3084.045   1065.828 N000113
  1396.361   1068.060 -11.676   1401.484   1189.499 -11.759  -0.1391  0.0596   1406.073   1145.949   1406.212   1145.889   1401.625   1189.430 N000114
  2833.833   1072.049 -10.213   2838.479   1094.458 -10.296  -0.1673  0.0493   2843.602   1149.941   2843.770   1149.892   2838.644   1094.398 N000115
     0.000      0.000   0.000      0.000      0.000   0.000   0.0000  0.0000      0.000      0.000   1850.230   1154.890   1849.423   1166.767 N000116
   950.134   1091.287 -11.868    947.137   1245.538 -11.951   0.1340 -0.2132    959.828   1169.176    959.694   1169.389    946.998   1245.761 N000117
  2735.675   1091.457  -8.736   2741.519   1120.071  -8.819   0.1747 -0.0433   2745.440   1169.349   2745.266   1169.392   2741.346   1120.125 N000118
  1511.505   1095.095 -10.571   1517.897   1208.096 -10.654   0.0046  0.0949   1521.221   1172.985   1521.216   1172.890   1517.893   1208.002 N000119
  1721.838   1099.423 -10.717   1730.053   1197.388 -10.800  -0.1618 -0.0775   1731.563   1177.313   1731.725   1177.391   1730.216   1197.454 N000120
     0.000      0.000   0.000      0.000      0.000   0.000   0.0000  0.0000      0.000      0.000   1223.204   1190.828   1215.644   1247.550 N000121
  2263.835   1113.142 -12.386   2273.001   1173.262 -12.469  -0.1649  0.1424   2273.582   1191.034   2273.747   1190.892   2273.166   1173.110 N000122
  1165.664   1119.636 -10.456   1166.922   1257.767 -10.539   0.1640  0.0611   1175.366   1197.526   1175.202   1197.465   1166.755   1257.718 N000123
     0.000      0.000   0.000      0.000      0.000   0.000   0.0000  0.0000      0.000      0.000   2223.845   1200.292   2223.398   1185.828 N000124
   455.372   1130.219 -10.927    437.715   1322.541 -11.009  -0.1283  0.2192    465.046   1208.108    465.174   1207.889    437.850   1322.311 N000125
  1378.401   1148.687  -9.822   1382.924   1271.090  -9.905  -0.0988  0.1867   1388.112   1226.578   1388.211   1226.391   1383.025   1270.897 N000126
     0.000      0.000   0.000      0.000      0.000   0.000   0.0000  0.0000      0.000      0.000   2640.262   1245.894   2637.572   1202.628 N000127
   189.442   1182.099  -9.642    160.886   1395.985  -9.725  -0.0575  0.0993    199.106   1259.989    199.163   1259.890    160.947   1395.880 N000128
  1485.461   1197.686 -10.274   1491.139   1312.104 -10.356  -0.0393  0.1594   1495.176   1275.579   1495.216   1275.419   1491.179   1311.942 N000129
  1014.423   1211.772 -10.855   1011.993   1361.157 -10.937  -0.0544 -0.2051   1024.120   1289.665   1024.174   1289.870   1012.047   1361.358 N000130
     0.000      0.000   0.000      0.000      0.000   0.000   0.0000  0.0000      0.000      0.000    782.115   1289.963    763.946   1379.980 N000131
     0.000      0.000   0.000      0.000      0.000   0.000   0.0000  0.0000      0.000      0.000   2038.738   1290.394   2038.282   1287.973 N000132
  3113.065   1219.720 -14.123   3114.419   1221.581 -14.205   0.0647 -0.0922   3122.846   1297.617   3122.781   1297.709   3114.356   1221.676 N000133
  1083.722   1226.689 -11.187   1082.677   1370.837 -11.270   0.1990  0.1889   1093.421   1304.582   1093.222   1304.393   1082.475   1370.663 N000134
     0.000      0.000   0.000      0.000      0.000   0.000   0.0000  0.0000      0.000      0.000   1371.044   1306.393   1365.209   1351.926 N000135
     0.000      0.000   0.000      0.000      0.000   0.000   0.0000  0.0000      0.000      0.000   1446.714   1306.894   1441.929   1346.858 N000136
     0.000      0.000   0.000      0.000      0.000   0.000   0.0000  0.0000      0.000      0.000   2263.818   1311.824   2263.288   1293.535 N000137
  2133.142   1238.136 -12.773   2142.489   1306.118 -12.855   0.1415  0.1357   2142.883   1316.031   2142.742   1315.895   2142.348   1305.993 N000138
  1472.600   1244.433  -8.832   1477.908   1359.637  -8.915   0.1000 -0.0666   1482.315   1322.327   1482.215   1322.394   1477.806   1359.711 N000139
     0.000      0.000   0.000      0.000      0.000   0.000   0.0000  0.0000      0.000      0.000   1573.219   1330.894   1569.826   1361.531 N000140
     0.000      0.000   0.000      0.000      0.000   0.000   0.0000  0.0000      0.000      0.000   1890.832   1331.395   1889.844   1339.152 N000141
  1783.218   1254.595  -8.836   1791.426   1347.236  -8.919   0.0179  0.0950   1792.946   1332.490   1792.928   1332.395   1791.408   1347.143 N000142
  2117.490   1260.336  -9.226   2126.814   1329.245  -9.309  -0.0100 -0.1309   2127.231   1338.231   2127.241   1338.362   2126.824   1329.374 N000143
     0.000      0.000   0.000      0.000      0.000   0.000   0.0000  0.0000      0.000      0.000   1513.853   1345.804   1509.726   1380.734 N000144
  2436.578   1270.002 -10.364   2445.144   1316.694 -10.447   0.0777  0.0020   2446.332   1347.898   2446.254   1347.896   2445.066   1316.697 N000145
  1932.054   1271.581  -9.503   1940.977   1353.504  -9.586   0.0541  0.0815   1941.788   1349.477   1941.734   1349.396   1940.923   1353.427 N000146
     0.000      0.000   0.000      0.000      0.000   0.000   0.0000  0.0000      0.000      0.000   1292.763   1354.395   1285.429   1405.667 N000147
     0.000      0.000   0.000      0.000      0.000   0.000   0.0000  0.0000      0.000      0.000   3637.302   1359.557   3619.346   1249.239 N000148
  1347.725   1288.863 -10.808   1351.066   1413.196 -10.891  -0.7748  0.3628   1357.435   1366.758   1358.210   1366.395   1351.855   1412.776 N000149
  1994.870   1295.535  -8.404   2003.950   1372.857  -8.486  -0.0580  0.1060   2004.607   1373.431   2004.665   1373.325   2004.008   1372.748 N000150
     0.000      0.000   0.000      0.000      0.000   0.000   0.0000  0.0000      0.000      0.000   2799.374   1385.398   2795.499   1329.769 N000151
  1347.554   1308.844  -9.759   1350.778   1433.169  -9.842   0.0545 -0.1560   1357.265   1386.740   1357.210   1386.896   1350.722   1433.329 N000152
     0.000      0.000   0.000      0.000      0.000   0.000   0.0000  0.0000      0.000      0.000   1268.707   1391.896   1260.733   1444.953 N000153
  1455.875   1344.622 -12.712   1460.474   1460.853 -12.795  -0.1247  0.1221   1465.590   1422.519   1465.715   1422.397   1460.601   1460.722 N000154
  3638.671   1344.422 -14.317   3630.714   1310.287 -14.400  -0.0462 -0.0998   3648.474   1422.323   3648.520   1422.422   3630.760   1310.382 N000155
  1954.384   1350.017 -10.957   1963.216   1429.932 -11.040  -0.1160  0.0169   1964.119   1427.915   1964.235   1427.898   1963.333   1429.907 N000156
     0.000      0.000   0.000      0.000      0.000   0.000   0.0000  0.0000      0.000      0.000   2598.260   1429.649   2596.248   1387.241 N000157
     0.000      0.000   0.000      0.000      0.000   0.000   0.0000  0.0000      0.000      0.000   1472.315   1433.197   1467.230   1471.020 N000158
     0.000      0.000   0.000      0.000      0.000   0.000   0.0000  0.0000      0.000      0.000   1738.726   1434.898   1736.479   1453.140 N000159
  1370.734   1357.857 -11.841   1374.032   1480.422 -11.924   0.1091 -0.1427   1380.445   1435.754   1380.336   1435.897   1373.920   1480.573 N000160
     0.000      0.000   0.000      0.000      0.000   0.000   0.0000  0.0000      0.000      0.000   3982.316   1438.902   3956.495   1305.407 N000161
  1747.075   1368.023 -11.103   1754.653   1462.815 -11.186   0.0753  0.0227   1756.802   1445.921   1756.727   1445.898   1754.577   1462.798 N000162
  2200.725   1367.840  -8.749   2209.946   1430.168  -8.831   0.2249 -0.1601   2210.470   1445.739   2210.245   1445.899   2209.721   1430.343 N000163
  2508.970   1369.598  -8.847   2517.237   1410.403  -8.930  -0.0305  0.2226   2518.727   1447.497   2518.757   1447.274   2517.267   1410.180 N000164
  2192.669   1374.717 -11.053   2201.888   1437.571 -11.136   0.1690  0.2174   2202.414   1452.616   2202.245   1452.399   2201.719   1437.367 N000165
  2942.813   1378.776  -9.250   2947.185   1389.916  -9.333  -0.1869 -0.1133   2952.588   1456.676   2952.775   1456.789   2947.370   1390.015 N000166
     0.000      0.000   0.000      0.000      0.000   0.000   0.0000  0.0000      0.000      0.000   1413.713   1465.398   1407.621   1507.569 N000167
  1002.080   1388.067 -10.429    997.960   1538.741 -10.512   0.1111  0.0666   1011.776   1465.964   1011.665   1465.897    997.847   1538.683 N000168
  3367.974   1391.429  -8.815   3365.857   1374.169  -8.898   0.0459 -0.0709   3377.766   1469.330   3377.720   1469.401   3365.812   1374.242 N000169
     0.000      0.000   0.000      0.000      0.000   0.000   0.0000  0.0000      0.000      0.000   2188.244   1480.300   2187.688   1466.094 N000170
  1666.422   1403.189 -11.206   1673.160   1503.789 -11.289  -0.0780  0.1891   1676.145   1481.088   1676.223   1480.899   1673.240   1503.594 N000171
     0.000      0.000   0.000      0.000      0.000   0.000   0.0000  0.0000      0.000      0.000   3376.292   1481.402   3364.478   1386.176 N000172
     0.000      0.000   0.000      0.000      0.000   0.000   0.0000  0.0000      0.000      0.000   1643.639   1490.399   1640.289   1515.477 N000173
  1150.411   1421.975 -10.063   1149.309   1561.314 -10.146  -0.0893 -0.0252   1160.113   1499.873   1160.203   1499.898   1149.400   1561.332 N000174
  2172.578   1425.202 -10.972   2181.736   1489.192 -11.055   0.0784  0.0767   2182.322   1503.102   2182.244   1503.025   2181.658   1489.121 N000175
  3240.976   1428.362  -9.317   3241.267   1419.002  -9.400  -0.0235 -0.1377   3250.763   1506.264   3250.787   1506.402   3241.291   1419.137 N000176
  1903.024   1429.108  -9.578   1911.426   1512.403  -9.661  -0.0027  0.1341   1912.757   1507.007   1912.759   1506.873   1911.429   1512.269 N000177
     0.000      0.000   0.000      0.000      0.000   0.000   0.0000  0.0000      0.000      0.000   1407.713   1510.370   1401.260   1553.004 N000178
     0.000      0.000   0.000      0.000      0.000   0.000   0.0000  0.0000      0.000      0.000    619.681   1513.398    594.235   1617.389 N000179
     0.000      0.000   0.000      0.000      0.000   0.000   0.0000  0.0000      0.000      0.000   2597.761   1533.902   2595.873   1490.641 N000180
  2418.015   1459.631  -8.798   2426.739   1506.103  -8.881   0.0152  0.1312   2427.769   1537.533   2427.754   1537.401   2426.724   1505.974 N000181
     0.000      0.000   0.000      0.000      0.000   0.000   0.0000  0.0000      0.000      0.000   2130.742   1544.401   2130.052   1533.971 N000182
     0.000      0.000   0.000      0.000      0.000   0.000   0.0000  0.0000      0.000      0.000    929.971   1547.510    913.379   1627.033 N000183
  2899.673   1480.378 -10.120   2904.856   1493.403 -10.202   0.1471 -0.1217   2909.447   1558.281   2909.300   1558.403   2904.710   1493.534 N000184
     0.000      0.000   0.000      0.000      0.000   0.000   0.0000  0.0000      0.000      0.000   1219.905   1562.600   1209.817   1619.628 N000185
  1836.344   1487.298 -12.732   1844.161   1575.297 -12.815  -0.1564 -0.2023   1846.074   1565.199   1846.231   1565.401   1844.318   1575.487 N000186
     0.000      0.000   0.000      0.000      0.000   0.000   0.0000  0.0000      0.000      0.000   1473.249   1568.401   1467.408   1606.155 N000187
  1754.197   1492.450 -10.742   1761.362   1586.471 -10.825   0.1969 -0.0504   1763.924   1570.351   1763.727   1570.401   1761.163   1586.536 N000188
  1530.646   1496.459  -8.946   1535.400   1607.080  -9.029   0.1464 -0.0407   1540.365   1574.360   1540.218   1574.401   1535.252   1607.132 N000189
     0.000      0.000   0.000      0.000      0.000   0.000   0.0000  0.0000      0.000      0.000   1573.720   1579.901   1569.143   1610.128 N000190
     0.000      0.000   0.000      0.000      0.000   0.000   0.0000  0.0000      0.000      0.000   2134.714   1581.402   2133.964   1570.536 N000191
     0.000      0.000   0.000      0.000      0.000   0.000   0.0000  0.0000      0.000      0.000   1170.840   1585.401   1159.579   1646.297 N000192
  2263.624   1512.704  -9.136   2272.659   1569.794  -9.218   0.5408  0.6204   2273.372   1590.606   2272.831   1589.986   2272.119   1569.215 N000193
  1399.493   1535.300 -11.690   1402.118   1655.876 -11.773  -0.0067 -0.2000   1409.206   1613.202   1409.213   1613.402   1402.123   1656.076 N000194
  2175.733   1535.559 -10.313   2184.725   1598.835 -10.396   0.1495  0.0593   2185.477   1613.462   2185.328   1613.403   2184.575   1598.786 N000195
  2231.955   1536.776 -10.436   2240.967   1596.022 -10.519  -0.0188 -0.1446   2241.701   1614.680   2241.720   1614.824   2240.985   1596.164 N000196
  4004.619   1538.839 -12.306   3989.353   1478.411 -12.389   0.1190 -0.1606   4014.437   1616.746   4014.318   1616.906   3989.239   1478.577 N000197
     0.000      0.000   0.000      0.000      0.000   0.000   0.0000  0.0000      0.000      0.000    931.027   1618.318    913.762   1698.191 N000198
  2332.778   1544.850 -10.927   2341.694   1596.876 -11.010  -0.0746 -0.1502   2342.529   1622.753   2342.604   1622.904   2341.769   1597.020 N000199
   486.669   1546.919  -9.581    465.143   1739.913  -9.664   0.1694 -0.0814    496.346   1624.819    496.176   1624.900    464.966   1740.009 N000200
     0.000      0.000   0.000      0.000      0.000   0.000   0.0000  0.0000      0.000      0.000   1858.231   1638.975   1856.133   1648.075 N000201
  1673.873   1563.547 -10.410   1679.963   1663.502 -10.493  -0.1275  0.0468   1683.597   1641.450   1683.724   1641.403   1680.092   1663.446 N000202
     0.000      0.000   0.000      0.000      0.000   0.000   0.0000  0.0000      0.000      0.000   1895.233   1642.403   1893.362   1648.778 N000203
     0.000      0.000   0.000      0.000      0.000   0.000   0.0000  0.0000      0.000      0.000   3063.780   1655.906   3057.625   1579.640 N000204
  1830.513   1585.669 -10.461   1837.915   1673.985 -10.544   0.0126  0.1689   1840.243   1663.573   1840.231   1663.404   1837.903   1673.817 N000205
  2022.180   1585.848 -11.547   2030.682   1660.088 -11.630   0.1804 -0.1523   2031.919   1663.752   2031.738   1663.904   2030.500   1660.253 N000206
     0.000      0.000   0.000      0.000      0.000   0.000   0.0000  0.0000      0.000      0.000    605.181   1675.787    577.242   1782.483 N000207
     0.000      0.000   0.000      0.000      0.000   0.000   0.0000  0.0000      0.000      0.000   1261.207   1676.403   1251.031   1730.680 N000208
  1845.613   1606.392  -9.799   1853.047   1693.582  -9.882   0.1134 -0.1084   1855.345   1684.296   1855.231   1684.404   1852.932   1693.699 N000209
     0.000      0.000   0.000      0.000      0.000   0.000   0.0000  0.0000      0.000      0.000   1686.724   1684.904   1682.904   1706.759 N000210
  1394.950   1608.430  -9.425   1396.999   1729.571  -9.508  -0.0497 -0.0367   1404.663   1686.334   1404.713   1686.370   1397.049   1729.604 N000211
  1714.138   1611.815 -11.211   1720.408   1708.798 -11.294   0.1119 -0.1848   1723.864   1689.719   1723.752   1689.904   1720.294   1708.991 N000212
  2032.902   1627.480 -11.109   2041.327   1700.864 -11.192  -0.0984 -0.0197   2042.640   1705.386   2042.739   1705.405   2041.426   1700.876 N000213
     0.000      0.000   0.000      0.000      0.000   0.000   0.0000  0.0000      0.000      0.000   2220.246   1716.906   2219.345   1699.446 N000214
     0.000      0.000   0.000      0.000      0.000   0.000   0.0000  0.0000      0.000      0.000   2780.804   1729.407   2777.805   1672.098 N000215
     0.000      0.000   0.000      0.000      0.000   0.000   0.0000  0.0000      0.000      0.000   1070.200   1730.904   1055.361   1800.512 N000216
  1932.736   1653.049 -11.506   1940.573   1733.779 -11.588   0.2358  0.0485   1942.471   1730.954   1942.235   1730.906   1940.336   1733.748 N000217
  2410.290   1653.298 -10.267   2418.958   1699.367 -10.349  -0.1823 -0.1738   2420.044   1731.205   2420.226   1731.379   2419.140   1699.527 N000218
     0.000      0.000   0.000      0.000      0.000   0.000   0.0000  0.0000      0.000      0.000   1208.205   1746.405   1196.352   1805.208 N000219
  1273.889   1668.528  -9.379   1273.276   1799.325  -9.462  -0.1110  0.0277   1283.597   1746.433   1283.708   1746.405   1273.389   1799.288 N000220
  1215.627   1672.528 -12.443   1213.802   1807.915 -12.526   0.1272  0.0276   1225.333   1750.433   1225.206   1750.405   1213.672   1807.897 N000221
     0.000      0.000   0.000      0.000      0.000   0.000   0.0000  0.0000      0.000      0.000   2399.691   1751.626   2398.632   1721.175 N000222
     0.000      0.000   0.000      0.000      0.000   0.000   0.0000  0.0000      0.000      0.000   2120.542   1771.207   2119.325   1760.898 N000223
  2508.465   1695.139  -9.127   2516.799   1734.059  -9.209  -0.0345  0.0973   2518.224   1773.047   2518.258   1772.950   2516.833   1733.960 N000224
     0.000      0.000   0.000      0.000      0.000   0.000   0.0000  0.0000      0.000      0.000    175.164   1773.437    128.205   1917.764 N000225
  3356.772   1697.930 -11.069   3356.416   1678.036 -11.151   0.2484  0.4060   3366.565   1775.839   3366.316   1775.433   3356.170   1677.650 N000226
     0.000      0.000   0.000      0.000      0.000   0.000   0.0000  0.0000      0.000      0.000   1273.291   1782.906   1262.459   1836.826 N000227
  2072.748   1707.126 -10.079   2081.100   1777.505 -10.162  -0.0270  0.1256   2082.489   1785.033   2082.516   1784.907   2081.127   1777.377 N000228
     0.000      0.000   0.000      0.000      0.000   0.000   0.0000  0.0000      0.000      0.000   1688.225   1793.807   1683.837   1815.771 N000229
     0.000      0.000   0.000      0.000      0.000   0.000   0.0000  0.0000      0.000      0.000   1525.718   1806.407   1519.125   1840.838 N000230
     0.000      0.000   0.000      0.000      0.000   0.000   0.0000  0.0000      0.000      0.000   2972.777   1806.910   2968.111   1735.793 N000231
     0.000      0.000   0.000      0.000      0.000   0.000   0.0000  0.0000      0.000      0.000   2330.251   1808.409   2329.218   1782.808 N000232
     0.000      0.000   0.000      0.000      0.000   0.000   0.0000  0.0000      0.000      0.000   3713.306   1823.011   3696.867   1701.681 N000233
     0.000      0.000   0.000      0.000      0.000   0.000   0.0000  0.0000      0.000      0.000   2128.743   1843.109   2127.354   1832.168 N000234
  1931.188   1767.342 -10.559   1938.556   1848.262 -10.642   0.1880 -0.1579   1940.923   1845.251   1940.735   1845.409   1938.366   1848.434 N000235
     0.000      0.000   0.000      0.000      0.000   0.000   0.0000  0.0000      0.000      0.000   2258.248   1848.910   2257.130   1828.482 N000236
  1415.764   1773.261 -10.311   1416.931   1893.612 -10.393  -0.0006  0.0846   1425.478   1851.169   1425.479   1851.085   1416.932   1893.527 N000237
  1996.220   1773.852 -10.968   2003.973   1849.922 -11.051   0.1949 -0.1476   2005.958   1851.762   2005.763   1851.909   2003.776   1850.084 N000238
     0.000      0.000   0.000      0.000      0.000   0.000   0.0000  0.0000      0.000      0.000   1554.629   1855.954   1548.122   1888.397 N000239
  1533.043   1785.222 -10.456   1536.034   1896.529 -10.538   0.0425  0.2224   1542.762   1863.131   1542.719   1862.909   1535.992   1896.309 N000240
  1644.621   1786.268 -10.037   1649.142   1888.981 -10.119   0.1214  0.0014   1654.345   1864.177   1654.224   1864.176   1649.019   1888.989 N000241
  1958.000   1791.804  -9.919   1965.439   1870.759 -10.002  -0.0000 -0.1958   1967.736   1869.714   1967.736   1869.910   1965.438   1870.955 N000242
     0.000      0.000   0.000      0.000      0.000   0.000   0.0000  0.0000      0.000      0.000   1463.109   1872.909   1455.042   1912.553 N000243
     0.000      0.000   0.000      0.000      0.000   0.000   0.0000  0.0000      0.000      0.000   1415.214   1877.409   1406.283   1920.826 N000244
     0.000      0.000   0.000      0.000      0.000   0.000   0.0000  0.0000      0.000      0.000   1188.205   1883.370   1174.628   1944.810 N000245
  2945.056   1806.649 -10.474   2950.509   1814.302 -10.557   0.0562  0.1486   2954.832   1884.560   2954.776   1884.412   2950.453   1814.158 N000246
  2039.687   1808.659 -10.213   2047.545   1881.542 -10.295   0.1869  0.1592   2049.427   1886.569   2049.240   1886.410   2047.358   1881.396 N000247
     0.000      0.000   0.000      0.000      0.000   0.000   0.0000  0.0000      0.000      0.000   1274.042   1886.909   1262.296   1941.533 N000248
   762.164   1811.739 -10.355    746.740   1985.114 -10.438   0.1640  0.1864    771.852   1889.647    771.688   1889.461    746.573   1984.939 N000249
  2449.632   1813.004  -9.909   2458.057   1855.873  -9.992   0.1316  0.0040   2459.388   1890.915   2459.256   1890.911   2457.926   1855.878 N000250
  2088.879   1816.256  -8.842   2096.947   1885.494  -8.925  -0.1210 -0.1011   2098.621   1894.167   2098.742   1894.268   2097.068   1885.586 N000251
     0.000      0.000   0.000      0.000      0.000   0.000   0.0000  0.0000      0.000      0.000   1869.232   1894.910   1866.082   1903.444 N000252
  1274.966   1822.398  -9.713   1273.022   1954.198  -9.796  -0.0340 -0.1015   1284.675   1900.308   1284.709   1900.409   1273.056   1954.298 N000253
     0.000      0.000   0.000      0.000      0.000   0.000   0.0000  0.0000      0.000      0.000   1987.820   1900.077   1985.528   1899.680 N000254
  1193.007   1823.640 -11.805   1189.285   1961.992 -11.888   0.0071  0.1398   1202.713   1901.549   1202.705   1901.409   1189.279   1961.851 N000255
     0.000      0.000   0.000      0.000      0.000   0.000   0.0000  0.0000      0.000      0.000   2363.252   1901.320   2362.055   1873.228 N000256
     0.000      0.000   0.000      0.000      0.000   0.000   0.0000  0.0000      0.000      0.000   2778.269   1901.412   2775.463   1843.521 N000257
     0.000      0.000   0.000      0.000      0.000   0.000   0.0000  0.0000      0.000      0.000   2282.749   1903.411   2281.542   1881.184 N000258
     0.000      0.000   0.000      0.000      0.000   0.000   0.0000  0.0000      0.000      0.000   1880.661   1903.910   1877.560   1911.606 N000259
     0.000      0.000   0.000      0.000      0.000   0.000   0.0000  0.0000      0.000      0.000   2818.271   1910.412   2815.186   1849.663 N000260
  2151.687   1833.793 -11.390   2159.944   1898.402 -11.473   0.1872 -0.2071   2161.431   1911.704   2161.244   1911.911   2159.756   1898.623 N000261
     0.000      0.000   0.000      0.000      0.000   0.000   0.0000  0.0000      0.000      0.000   1161.787   1914.993   1147.279   1978.851 N000262
  1465.801   1838.069  -9.336   1467.323   1954.938  -9.419  -0.1986  0.0066   1475.518   1915.979   1475.717   1915.972   1467.525   1954.916 N000263
  3810.254   1846.884 -11.076   3802.027   1795.491 -11.158   0.0637 -0.1155   3820.065   1924.799   3820.001   1924.914   3801.966   1795.610 N000264
  1494.339   1847.969  -9.321   1496.257   1962.672  -9.403  -0.1613 -0.0306   1504.056   1925.880   1504.218   1925.910   1496.421   1962.690 N000265
  2993.108   1848.732 -11.039   2998.154   1852.852 -11.122   0.1079  0.1127   3002.886   1926.645   3002.778   1926.532   2998.047   1852.747 N000266
  1041.152   1852.373 -10.503   1033.429   2003.284 -10.586   0.1519 -0.1268   1050.851   1930.283   1050.699   1930.410   1033.272   2003.425 N000267
  1016.371   1855.430 -10.925   1007.951   2008.396 -11.008  -0.1290 -0.0697   1026.069   1933.340   1026.198   1933.410   1008.083   2008.456 N000268
  2242.430   1862.605 -11.275   2250.841   1920.556 -11.358  -0.0702  0.1052   2252.178   1940.517   2252.248   1940.412   2250.912   1920.446 N000269
  1761.523   1864.282 -10.861   1766.907   1958.382 -10.943   0.0226 -0.1798   1771.251   1942.193   1771.228   1942.373   1766.883   1958.564 N000270
     0.000      0.000   0.000      0.000      0.000   0.000   0.0000  0.0000      0.000      0.000    282.168   1951.409     -1.000     -1.000 N000271
  2148.610   1873.106 -14.214   2156.736   1938.011 -14.297   0.1096  0.0844   2158.354   1951.018   2158.244   1950.934   2156.626   1937.935 N000272
  1208.790   1876.755  -9.782   1204.887   2014.349  -9.865  -0.1743 -0.1026   1218.496   1954.665   1218.670   1954.768   1205.064   2014.439 N000273
     0.000      0.000   0.000      0.000      0.000   0.000   0.0000  0.0000      0.000      0.000   2290.249   1956.912   2288.924   1934.171 N000274
  2585.685   1882.602 -13.185   2593.627   1915.580 -13.268   0.1848  0.1018   2595.447   1960.515   2595.262   1960.413   2593.443   1915.492 N000275
  1631.283   1887.182  -9.119   1634.963   1991.460  -9.202  -0.1667  0.1322   1641.007   1965.094   1641.173   1964.962   1635.133   1991.314 N000276
     0.000      0.000   0.000      0.000      0.000   0.000   0.0000  0.0000      0.000      0.000   1380.249   1965.911   1369.916   2012.770 N000277
  2720.512   1890.595  -9.563   2727.806   1913.881  -9.646   0.0428  0.0951   2730.279   1968.509   2730.236   1968.414   2727.764   1913.789 N000278
     0.000      0.000   0.000      0.000      0.000   0.000   0.0000  0.0000      0.000      0.000   1081.201   1974.411   1064.072   2045.439 N000279
     0.000      0.000   0.000      0.000      0.000   0.000   0.0000  0.0000      0.000      0.000    963.125   1977.411     -1.000     -1.000 N000280
     0.000      0.000   0.000      0.000      0.000   0.000   0.0000  0.0000      0.000      0.000   1797.730   1980.912   1793.435   1995.266 N000281
  2476.292   1903.889 -11.659   2484.545   1944.778 -11.742  -0.2081 -0.1105   2486.049   1981.803   2486.257   1981.913   2484.753   1944.873 N000282
  1733.314   1907.474 -11.314   1738.125   2003.974 -11.397  -0.1862 -0.0260   1743.041   1985.386   1743.227   1985.412   1738.313   2003.986 N000283
     0.000      0.000   0.000      0.000      0.000   0.000   0.0000  0.0000      0.000      0.000   1291.109   1994.412     -1.000     -1.000 N000284
     0.000      0.000   0.000      0.000      0.000   0.000   0.0000  0.0000      0.000      0.000    975.197   2003.474     -1.000     -1.000 N000285
   488.668   1928.678 -10.149    465.950   2075.324 -10.232   0.1677  0.1777    498.345   2006.588    498.177   2006.411    465.778   2075.158 N000286
     0.000      0.000   0.000      0.000      0.000   0.000   0.0000  0.0000      0.000      0.000   2671.765   2012.343   2669.596   1961.875 N000287
     0.000      0.000   0.000      0.000      0.000   0.000   0.0000  0.0000      0.000      0.000   2634.847   2014.915   2632.838   1967.110 N000288
  2720.016   1937.543 -10.164   2727.315   1960.813 -10.247   0.0156  0.0432   2729.783   2015.458   2729.767   2015.415   2727.300   1960.771 N000289
  2285.254   1944.164  -9.078   2293.520   1999.099  -9.161   0.0043  0.1018   2295.004   2022.078   2295.000   2021.977   2293.516   1998.997 N000290
  2451.796   1954.335 -11.050   2460.016   1997.047 -11.133  -0.2038 -0.1654   2461.553   2032.249   2461.757   2032.415   2460.219   1997.198 N000291
  2648.141   1954.970 -10.418   2655.786   1983.413 -10.501   0.1408 -0.0300   2657.905   2032.885   2657.764   2032.915   2655.646   1983.453 N000292
  3182.592   1956.459 -12.041   3185.714   1946.966 -12.124   0.0921 -0.0414   3192.378   2034.375   3192.286   2034.416   3185.623   1947.014 N000293
     0.000      0.000   0.000      0.000      0.000   0.000   0.0000  0.0000      0.000      0.000   1411.714   2039.413     -1.000     -1.000 N000294
     0.000      0.000   0.000      0.000      0.000   0.000   0.0000  0.0000      0.000      0.000   3872.014   2039.418   3853.655   1905.765 N000295
   523.205   1963.561 -10.361    501.414   2107.738 -10.444   0.2047  0.0614    532.884   2041.473    532.679   2041.412    501.202   2107.693 N000296
  2103.838   1963.597 -11.555   2111.427   2032.129 -11.638  -0.1615  0.0973   2113.581   2041.512   2113.743   2041.414   2111.590   2032.019 N000297
     0.000      0.000   0.000      0.000      0.000   0.000   0.0000  0.0000      0.000      0.000   1130.203   2043.913   1117.737   2059.539 N000298
  2446.971   1973.326 -10.278   2455.163   2016.419 -10.361  -0.0294 -0.1743   2456.727   2051.241   2456.756   2051.415   2455.192   2016.592 N000299
   583.387   1980.702 -10.141    563.711   2119.908 -10.224  -0.1125  0.2021    593.069   2058.614    593.181   2058.412    563.830   2119.693 N000300
  2873.917   1980.563  -9.044   2880.211   1992.789  -9.127  -0.8833  0.7629   2883.690   2058.479   2884.574   2057.716   2881.087   1991.964 N000301
     0.000      0.000   0.000      0.000      0.000   0.000   0.0000  0.0000      0.000      0.000   2560.361   2076.916   2558.542   2034.557 N000302
     0.000      0.000   0.000      0.000      0.000   0.000   0.0000  0.0000      0.000      0.000   2830.272   2082.917   2827.197   2021.030 N000303
   167.948   2007.867 -13.366    130.065   2184.149 -13.449  -0.0517 -0.1328    177.613   2085.779    177.665   2085.912    130.117   2184.280 N000304
  1392.762   2011.383 -10.634   1395.518   2083.179 -10.717  -0.1875 -0.1171   1402.476   2089.297   1402.664   2089.414   1395.708   2083.282 N000305
     0.000      0.000   0.000      0.000      0.000   0.000   0.0000  0.0000      0.000      0.000   2020.239   2092.416     -1.000     -1.000 N000306
     0.000      0.000   0.000      0.000      0.000   0.000   0.0000  0.0000      0.000      0.000   3163.485   2099.318   3157.341   2013.763 N000307
     0.000      0.000   0.000      0.000      0.000   0.000   0.0000  0.0000      0.000      0.000   2471.757   2107.917     -1.000     -1.000 N000308
     0.000      0.000   0.000      0.000      0.000   0.000   0.0000  0.0000      0.000      0.000   2384.754   2108.867     -1.000     -1.000 N000309
     0.000      0.000   0.000      0.000      0.000   0.000   0.0000  0.0000      0.000      0.000   3065.281   2123.918   3060.258   2045.255 N000310
  2157.617   2048.078  -9.063   2168.497   2060.574  -9.146   0.1168  0.0776   2167.362   2125.994   2167.245   2125.917   2168.380   2060.505 N000311
     0.000      0.000   0.000      0.000      0.000   0.000   0.0000  0.0000      0.000      0.000   2363.753   2133.980   2365.257   2053.853 N000312
     0.000      0.000   0.000      0.000      0.000   0.000   0.0000  0.0000      0.000      0.000   2567.333   2138.275     -1.000     -1.000 N000313
     0.000      0.000   0.000      0.000      0.000   0.000   0.0000  0.0000      0.000      0.000   3129.284   2150.419     -1.000     -1.000 N000314
  2527.631   2092.893 -10.304   2538.663   2077.873 -10.387   0.1311 -0.1069   2537.391   2170.812   2537.260   2170.919   2538.532   2077.989 N000315
     0.000      0.000   0.000      0.000      0.000   0.000   0.0000  0.0000      0.000      0.000   1742.728   2172.917   1740.393   2140.421 N000316
     0.000      0.000   0.000      0.000      0.000   0.000   0.0000  0.0000      0.000      0.000   1614.334   2178.917   1610.294   2156.608 N000317
  1967.778   2121.555 -11.454   1977.331   2148.900 -11.536  -0.2224  0.0550   1977.515   2199.473   1977.738   2199.418   1977.555   2148.828 N000318
     0.000      0.000   0.000      0.000      0.000   0.000   0.0000  0.0000      0.000      0.000   1378.213   2203.917   1369.893   2200.910 N000319
     0.000      0.000   0.000      0.000      0.000   0.000   0.0000  0.0000      0.000      0.000    821.191   2208.417    798.088   2252.281 N000320
  1447.239   2139.031  -9.884   1450.053   2207.663  -9.967   0.1239  0.0308   1456.956   2216.949   1456.832   2216.918   1449.927   2207.642 N000321
     0.000      0.000   0.000      0.000      0.000   0.000   0.0000  0.0000      0.000      0.000   1951.737   2217.356   1951.282   2168.891 N000322
  2323.957   2141.160  -9.484   2335.109   2141.437  -9.566  -0.0429  0.1183   2333.709   2219.080   2333.752   2218.961   2335.152   2141.315 N000323
     0.000      0.000   0.000      0.000      0.000   0.000   0.0000  0.0000      0.000      0.000   1979.238   2231.919   1978.943   2181.426 N000324
  2225.350   2155.910 -11.216   2236.246   2163.714 -11.299  -0.1240 -0.0904   2235.098   2233.829   2235.222   2233.920   2236.370   2163.796 N000325
   509.031   2157.400 -11.723    484.055   2306.175 -11.806   0.0310 -0.1003    518.710   2235.316    518.679   2235.417    484.021   2306.280 N000326
  2086.298   2159.385 -10.359   2096.537   2177.840 -10.442  -0.2021 -0.1152   2096.040   2237.304   2096.242   2237.420   2096.740   2177.940 N000327
  2050.823   2164.479 -12.453   2060.824   2185.696 -12.536  -0.1536 -0.0213   2060.563   2242.398   2060.717   2242.420   2060.979   2185.706 N000328
  2163.636   2166.196 -11.954   2174.266   2178.762 -12.037   0.1363  0.1963   2173.382   2244.116   2173.246   2243.920   2174.129   2178.575 N000329
     0.000      0.000   0.000      0.000      0.000   0.000   0.0000  0.0000      0.000      0.000   1648.224   2252.919   1644.195   2228.599 N000330
  1728.581   2174.955 -10.616   1735.485   2221.391 -10.699   0.0807 -0.0449   1738.309   2252.875   1738.228   2252.919   1735.403   2221.443 N000331
  2448.899   2179.027 -11.461   2460.047   2170.055 -11.543  -0.1006  0.0269   2458.656   2256.948   2458.757   2256.921   2460.148   2170.021 N000332
  2248.185   2181.966  -9.621   2259.100   2188.162  -9.703   0.1851 -0.0338   2257.934   2259.887   2257.749   2259.921   2258.914   2188.210 N000333
  1763.292   2185.171 -11.263   1770.557   2228.955 -11.345  -0.1812  0.1447   1773.022   2263.091   1773.203   2262.946   1770.741   2228.794 N000334
     0.000      0.000   0.000      0.000      0.000   0.000   0.0000  0.0000      0.000      0.000   2512.259   2268.921   2513.585   2178.059 N000335
     0.000      0.000   0.000      0.000      0.000   0.000   0.0000  0.0000      0.000      0.000   1458.717   2269.919   1451.427   2261.088 N000336
  1330.151   2198.810  -9.764   1330.117   2277.756  -9.847   0.1509  0.2435   1339.863   2276.729   1339.712   2276.486   1329.965   2277.522 N000337
  1178.096   2200.331  -9.799   1174.530   2291.961  -9.882   0.0962 -0.1686   1187.802   2278.250   1187.706   2278.419   1174.430   2292.140 N000338
  3153.041   2200.412 -11.231   3160.122   2139.963 -11.314   0.0411 -0.0882   3162.827   2278.334   3162.786   2278.423   3160.081   2140.054 N000339
     0.000      0.000   0.000      0.000      0.000   0.000   0.0000  0.0000      0.000      0.000   3580.802   2278.423   3572.163   2110.678 N000340
  1108.117   2206.077 -11.750   1102.697   2303.682 -11.832   0.1172  0.0775   1117.820   2283.997   1117.703   2283.919   1102.577   2303.613 N000341
  1236.248   2216.772 -11.121   1233.927   2303.766 -11.204   0.0095 -0.0612   1245.956   2294.692   1245.946   2294.753   1233.917   2303.829 N000342
  2552.407   2220.809 -11.173   2563.411   2204.240 -11.256  -0.0929 -0.1914   2562.168   2298.731   2562.261   2298.922   2563.504   2204.425 N000343
  1499.198   2236.977  -9.865   1502.185   2302.511  -9.948   0.1096 -0.0229   1508.917   2314.898   1508.807   2314.921   1502.073   2302.543 N000344
     0.000      0.000   0.000      0.000      0.000   0.000   0.0000  0.0000      0.000      0.000   3043.781   2318.962   3042.442   2189.120 N000345
  2149.857   2248.588 -10.068   2160.171   2262.727 -10.151  -0.1429  0.0881   2159.602   2326.510   2159.745   2326.422   2160.315   2262.627 N000346
     0.000      0.000   0.000      0.000      0.000   0.000   0.0000  0.0000      0.000      0.000    447.176   2329.419    408.110   2408.608 N000347
     0.000      0.000   0.000      0.000      0.000   0.000   0.0000  0.0000      0.000      0.000   3191.037   2335.924   3188.267   2195.476 N000348
  1379.214   2258.421 -10.455   1379.689   2334.101 -10.538   0.2137 -0.0795   1388.928   2336.342   1388.714   2336.421   1379.470   2334.199 N000349
  1305.787   2261.581 -12.375   1304.642   2343.408 -12.458  -0.2128  0.0815   1315.498   2339.502   1315.711   2339.421   1304.861   2343.308 N000350
     0.000      0.000   0.000      0.000      0.000   0.000   0.0000  0.0000      0.000      0.000   2158.245   2350.423   2158.730   2286.915 N000351
  2591.371   2274.398 -11.545   2602.305   2255.119 -11.627  -0.1285 -0.1018   2601.135   2352.322   2601.263   2352.424   2602.434   2255.212 N000352
  1352.274   2277.151 -11.214   1352.004   2355.330 -11.296  -0.2257  0.1271   1361.987   2355.073   1362.213   2354.945   1352.236   2355.182 N000353
  3229.905   2277.453  -9.053   3236.463   2211.431  -9.135  -0.0950 -0.0472   3239.694   2355.378   3239.789   2355.425   3236.557   2211.471 N000354
  2303.289   2278.398  -9.545   2314.141   2280.934  -9.628  -0.1689 -0.1022   2313.041   2356.321   2313.210   2356.423   2314.310   2281.024 N000355
     0.000      0.000   0.000      0.000      0.000   0.000   0.0000  0.0000      0.000      0.000   2753.269   2357.424   2753.965   2248.923 N000356
   985.468   2282.453  -9.978    975.726   2391.770 -10.061  -0.0324 -0.0469    995.166   2360.374    995.198   2360.421    975.759   2391.815 N000357
   389.754   2287.770 -10.492    357.695   2450.010 -10.575  -0.0237 -0.0360    399.428   2365.690    399.452   2365.726    357.719   2450.045 N000358
     0.000      0.000   0.000      0.000      0.000   0.000   0.0000  0.0000      0.000      0.000   1749.229   2365.972   1745.862   2334.754 N000359
  1240.040   2292.725  -9.159   1237.060   2380.524  -9.242   0.0397  0.1538   1249.748   2370.647   1249.709   2370.493   1237.021   2380.371 N000360
  2658.207   2295.486 -11.011   2668.986   2271.303 -11.093   0.1788 -0.0137   2667.972   2373.411   2667.794   2373.424   2668.808   2271.330 N000361
     0.000      0.000   0.000      0.000      0.000   0.000   0.0000  0.0000      0.000      0.000   1735.728   2378.923   1732.097   2348.931 N000362
  1251.270   2303.943  -9.971   1248.448   2390.971 -10.054  -0.1149 -0.0565   1260.979   2381.865   1261.094   2381.922   1248.565   2391.019 N000363
  1716.169   2303.831  -8.994   1722.113   2352.584  -9.077   0.1694 -0.0022   1725.897   2381.754   1725.728   2381.756   1721.941   2352.600 N000364
  1986.784   2306.623 -10.469   1995.733   2333.925 -10.551   0.0344  0.1235   1996.523   2384.547   1996.489   2384.423   1995.699   2333.803 N000365
     0.000      0.000   0.000      0.000      0.000   0.000   0.0000  0.0000      0.000      0.000   3447.297   2386.426   3441.493   2227.706 N000366
     0.000      0.000   0.000      0.000      0.000   0.000   0.0000  0.0000      0.000      0.000   1406.715   2386.922   1397.389   2383.917 N000367
   564.567   2309.361  -8.709    539.606   2456.296  -8.792   0.0668 -0.2390    574.248   2387.282    574.181   2387.521    539.533   2456.546 N000368
     0.000      0.000   0.000      0.000      0.000   0.000   0.0000  0.0000      0.000      0.000    609.683   2387.564    576.462   2453.405 N000369
   925.678   2309.825  -8.551    913.754   2424.817  -8.634   0.1784  0.1246    935.374   2387.746    935.196   2387.622    913.571   2424.706 N000370
  2253.342   2312.540 -10.946   2263.948   2319.145 -11.029  -0.1580  0.0401   2263.092   2390.464   2263.250   2390.424   2264.107   2319.092 N000371
     0.000      0.000   0.000      0.000      0.000   0.000   0.0000  0.0000      0.000      0.000   2714.768   2392.425   2715.641   2286.906 N000372
  1669.812   2315.729  -9.967   1675.008   2368.362 -10.049  -0.2330 -0.1799   1679.538   2393.652   1679.771   2393.832   1675.243   2368.525 N000373
     0.000      0.000   0.000      0.000      0.000   0.000   0.0000  0.0000      0.000      0.000   1197.742   2402.422   1183.436   2417.202 N000374
  2428.899   2325.894  -8.964   2439.883   2319.134  -9.046  -0.0296 -0.0346   2438.656   2403.819   2438.685   2403.853   2439.912   2319.167 N000375
     0.000      0.000   0.000      0.000      0.000   0.000   0.0000  0.0000      0.000      0.000   2114.744   2405.424   2114.767   2345.735 N000376
     0.000      0.000   0.000      0.000      0.000   0.000   0.0000  0.0000      0.000      0.000   1685.626   2411.924   1681.052   2386.366 N000377
  2144.108   2336.115 -11.612   2154.095   2351.372 -11.695   0.1076  0.1148   2153.853   2414.039   2153.745   2413.924   2153.987   2351.265 N000378
   560.023   2343.263 -10.212    534.356   2491.359 -10.295   0.0229 -0.2062    569.704   2421.184    569.681   2421.391    534.329   2491.572 N000379
  1097.395   2347.343  -9.804   1090.122   2448.175  -9.886  -0.1341 -0.1570   1107.098   2425.266   1107.232   2425.423   1090.258   2448.323 N000380
     0.000      0.000   0.000      0.000      0.000   0.000   0.0000  0.0000      0.000      0.000   1471.426   2427.382   1463.045   2419.594 N000381
  1657.254   2364.578 -10.944   1661.903   2418.851 -11.026  -0.1909  0.0778   1666.979   2442.502   1667.170   2442.424   1662.098   2418.757 N000382
     0.000      0.000   0.000      0.000      0.000   0.000   0.0000  0.0000      0.000      0.000   2454.757   2444.738   2455.941   2359.092 N000383
  2506.526   2367.109 -10.245   2517.498   2354.707 -10.328   0.0262  0.1092   2516.286   2445.035   2516.260   2444.926   2517.472   2354.599 N000384
  2015.941   2372.579 -11.748   2024.832   2398.224 -11.831  -0.0595  0.0787   2025.681   2450.504   2025.740   2450.425   2024.892   2398.140 N000385
     0.000      0.000   0.000      0.000      0.000   0.000   0.0000  0.0000      0.000      0.000   1277.160   2451.874   1264.296   2460.745 N000386
     0.000      0.000   0.000      0.000      0.000   0.000   0.0000  0.0000      0.000      0.000   2690.267   2451.926   2691.254   2348.512 N000387
   346.774   2387.128 -10.022    311.076   2555.719 -10.105  -0.2260  0.1279    356.447   2465.051    356.673   2464.923    311.315   2555.567 N000388
     0.000      0.000   0.000      0.000      0.000   0.000   0.0000  0.0000      0.000      0.000   2082.055   2464.926   2081.600   2408.348 N000389
  1688.161   2392.532 -10.408   1693.069   2444.664 -10.491   0.1610  0.0319   1697.888   2470.457   1697.727   2470.425   1692.906   2444.645 N000390
  1180.164   2393.440  -9.727   1174.602   2488.002  -9.810   0.1341 -0.0014   1189.870   2471.364   1189.736   2471.365   1174.464   2488.015 N000391
     0.000      0.000   0.000      0.000      0.000   0.000   0.0000  0.0000      0.000      0.000    681.186   2472.423    649.482   2533.719 N000392
     0.000      0.000   0.000      0.000      0.000   0.000   0.0000  0.0000      0.000      0.000    396.612   2485.923    352.729   2573.424 N000393
     0.000      0.000   0.000      0.000      0.000   0.000   0.0000  0.0000      0.000      0.000   1645.225   2496.426   1639.379   2475.304 N000394
  2762.451   2426.380  -9.030   2772.977   2395.022  -9.113  -0.0487 -0.1196   2772.222   2504.308   2772.270   2504.428   2773.025   2395.139 N000395
     0.000      0.000   0.000      0.000      0.000   0.000   0.0000  0.0000      0.000      0.000   1734.229   2507.426   1729.678   2479.180 N000396
     0.000      0.000   0.000      0.000      0.000   0.000   0.0000  0.0000      0.000      0.000   1612.161   2510.926   1605.643   2492.740 N000397
     0.000      0.000   0.000      0.000      0.000   0.000   0.0000  0.0000      0.000      0.000   1681.756   2512.426   1676.371   2488.540 N000398
     0.000      0.000   0.000      0.000      0.000   0.000   0.0000  0.0000      0.000      0.000   1321.712   2512.926   1309.268   2519.069 N000399
  2477.086   2440.496  -9.164   2487.953   2430.871  -9.247   0.1764  0.0868   2486.844   2518.424   2486.668   2518.337   2487.776   2430.797 N000400
  1978.131   2443.357 -10.567   1986.324   2472.778 -10.650   0.1306 -0.1429   1987.869   2521.284   1987.739   2521.427   1986.191   2472.933 N000401
  2961.082   2447.490 -12.554   2970.648   2401.400 -12.636   0.0824 -0.0105   2970.861   2525.418   2970.778   2525.429   2970.566   2401.417 N000402
     0.000      0.000   0.000      0.000      0.000   0.000   0.0000  0.0000      0.000      0.000   3892.316   2530.486   3879.941   2340.497 N000403
  2506.403   2455.272 -11.080   2517.271   2443.521 -11.163  -0.0970 -0.2003   2516.163   2533.200   2516.260   2533.400   2517.368   2443.716 N000404
   462.611   2457.281 -11.012    430.953   2617.006 -11.095   0.1112 -0.2194    472.289   2535.205    472.178   2535.425    430.833   2617.241 N000405
  1639.224   2459.237 -12.780   1642.833   2516.342 -12.863   0.2240  0.0775   1648.949   2537.164   1648.725   2537.086   1642.606   2516.282 N000406
  1392.979   2475.167  -9.898   1391.677   2553.092  -9.981  -0.0211  0.1667   1402.694   2553.094   1402.715   2552.927   1391.700   2552.921 N000407
     0.000      0.000   0.000      0.000      0.000   0.000   0.0000  0.0000      0.000      0.000   2285.951   2555.529   2286.394   2483.864 N000408
  1824.597   2490.537  -9.883   1830.729   2532.934  -9.966   0.0966  0.0373   1834.329   2568.465   1834.233   2568.428   1830.631   2532.904 N000409
  2498.291   2490.491  -8.872   2509.098   2479.663  -8.955  -0.0092  0.0910   2508.051   2568.420   2508.060   2568.329   2509.107   2479.570 N000410
  2378.310   2491.886  -9.390   2388.860   2490.339  -9.473  -0.1620 -0.1139   2388.065   2569.815   2388.227   2569.929   2389.022   2490.441 N000411
  1743.813   2492.299 -11.109   1748.801   2541.311 -11.191  -0.1868 -0.2009   1753.543   2570.227   1753.729   2570.428   1748.988   2541.500 N000412
   704.871   2495.874  -8.666    682.595   2634.454  -8.749  -0.1294 -0.1259    714.558   2573.800    714.688   2573.926    682.727   2634.571 N000413
     0.000      0.000   0.000      0.000      0.000   0.000   0.0000  0.0000      0.000      0.000   2273.750   2575.429   2274.070   2504.928 N000414
     0.000      0.000   0.000      0.000      0.000   0.000   0.0000  0.0000      0.000      0.000   2130.706   2578.890   2130.106   2519.712 N000415
  3015.538   2502.670  -9.998   3024.861   2452.806 -10.080   0.0383  0.1701   3025.319   2580.601   3025.281   2580.430   3024.823   2452.638 N000416
  1317.270   2505.185 -10.509   1313.914   2590.088 -10.592  -0.1713  0.1853   1326.982   2583.113   1327.153   2582.927   1314.091   2589.885 N000417
     0.000      0.000   0.000      0.000      0.000   0.000   0.0000  0.0000      0.000      0.000   4092.324   2591.933   4076.361   2388.138 N000418
     0.000      0.000   0.000      0.000      0.000   0.000   0.0000  0.0000      0.000      0.000   2298.842   2592.020   2299.222   2519.732 N000419
  2656.154   2516.527  -9.003   2666.938   2493.831  -9.086   0.1536  0.0268   2665.920   2594.457   2665.766   2594.430   2666.785   2493.816 N000420
  1998.624   2516.815 -10.501   2006.614   2545.521 -10.584   0.1242 -0.2181   2008.364   2594.744   2008.240   2594.962   2006.487   2545.752 N000421
     0.000      0.000   0.000      0.000      0.000   0.000   0.0000  0.0000      0.000      0.000   2277.251   2605.430   2277.482   2534.986 N000422
  2220.486   2527.916  -9.825   2230.195   2539.111  -9.907  -0.0142 -0.0835   2230.235   2605.846   2230.249   2605.930   2230.209   2539.195 N000423
  2180.786   2528.920  -8.926   2190.238   2543.265  -9.009  -0.1583 -0.0242   2190.533   2606.850   2190.692   2606.874   2190.397   2543.277 N000424
     0.000      0.000   0.000      0.000      0.000   0.000   0.0000  0.0000      0.000      0.000   2582.930   2611.931   2583.969   2517.810 N000425
  2793.455   2533.793 -11.030   2803.938   2500.789 -11.113  -0.0449 -0.2070   2803.227   2611.724   2803.272   2611.931   2803.983   2500.994 N000426
     0.000      0.000   0.000      0.000      0.000   0.000   0.0000  0.0000      0.000      0.000   3098.284   2615.432   3097.381   2482.402 N000427
     0.000      0.000   0.000      0.000      0.000   0.000   0.0000  0.0000      0.000      0.000    482.717   2625.927    440.270   2709.185 N000428
     0.000      0.000   0.000      0.000      0.000   0.000   0.0000  0.0000      0.000      0.000    802.191   2646.028    772.418   2700.518 N000429
  1399.576   2568.797 -11.561   1397.450   2647.902 -11.644   0.0764 -0.2033   1409.292   2646.726   1409.216   2646.929   1397.370   2648.116 N000430
   802.166   2569.552  -9.816    782.416   2701.132  -9.899   0.1662  0.0517    811.858   2647.480    811.692   2647.428    782.245   2701.094 N000431
  1486.263   2571.578  -9.774   1485.979   2643.377  -9.857  -0.1871  0.0785   1495.982   2649.508   1496.169   2649.430   1486.171   2643.281 N000432
  2637.183   2573.932 -12.955   2647.938   2553.193 -13.038   0.1825 -0.0684   2646.948   2651.863   2646.766   2651.932   2647.756   2553.276 N000433
  1166.317   2576.563 -10.146   1158.202   2675.950 -10.228  -0.1561  0.0626   1176.024   2654.492   1176.180   2654.429   1158.363   2675.872 N000434
  2097.201   2582.949 -10.522   2105.744   2604.651 -10.605   0.2008 -0.0511   2106.945   2660.880   2106.744   2660.931   2105.541   2604.719 N000435
  2321.006   2583.434  -9.320   2331.062   2587.371  -9.402   0.0063 -0.0664   2330.759   2661.365   2330.753   2661.431   2331.055   2587.438 N000436
   944.261   2589.330 -10.707    929.167   2708.629 -10.790  -0.2394 -0.1701    953.958   2667.259    954.198   2667.429    929.411   2708.782 N000437
  1718.729   2590.836 -11.032   1722.541   2643.509 -11.115   0.1233 -0.1642   1728.457   2668.766   1728.334   2668.931   1722.414   2643.686 N000438
  2504.521   2596.148  -9.391   2515.148   2585.890  -9.474   0.0211  0.1478   2514.281   2674.080   2514.260   2673.932   2515.127   2585.742 N000439
  1263.876   2597.924  -9.913   1258.137   2689.282  -9.996  -0.1242 -0.0759   1273.586   2675.854   1273.710   2675.930   1258.264   2689.349 N000440
  2159.732   2599.350  -8.878   2168.707   2616.275  -8.960   0.1319 -0.0499   2169.479   2677.281   2169.347   2677.331   2168.574   2616.336 N000441
  1702.050   2606.157 -10.408   1705.458   2660.486 -10.491   0.0505  0.1565   1711.779   2684.087   1711.728   2683.931   1705.408   2660.331 N000442
  1108.374   2608.286 -10.230   1098.178   2713.468 -10.312  -0.1262 -0.1616   1118.078   2686.216   1118.204   2686.377   1098.306   2713.622 N000443
  2854.361   2619.988  -8.969   2864.677   2583.047  -9.051  -0.0834 -0.0117   2864.135   2697.922   2864.219   2697.933   2864.760   2583.052 N000444
   672.752   2621.332  -9.808    647.201   2766.055  -9.891   0.5516 -0.1685    682.438   2699.261    681.887   2699.429    646.625   2766.279 N000445
     0.000      0.000   0.000      0.000      0.000   0.000   0.0000  0.0000      0.000      0.000   2581.363   2699.333   2582.277   2606.208 N000446
  1419.985   2627.612 -12.291   1417.685   2706.148 -12.373  -0.0148  0.1115   1429.702   2705.542   1429.717   2705.431   1417.701   2706.033 N000447
     0.000      0.000   0.000      0.000      0.000   0.000   0.0000  0.0000      0.000      0.000   2579.263   2706.433   2580.163   2613.549 N000448
   273.866   2638.542 -10.144    229.923   2821.157 -10.227  -0.1339  0.0422    283.537   2716.471    283.671   2716.429    230.065   2821.101 N000449
     0.000      0.000   0.000      0.000      0.000   0.000   0.0000  0.0000      0.000      0.000   1272.711   2723.431   1256.665   2737.970 N000450
    92.085   2649.620 -10.074     38.261   2850.143 -10.156   0.0846  0.1201    101.748   2727.549    101.663   2727.429     38.174   2850.027 N000451
  3528.489   2658.224 -10.449   3533.164   2571.496 -10.531  -0.0114  0.0576   3538.291   2736.160   3538.302   2736.102   3533.175   2571.437 N000452
  2958.273   2660.777 -10.146   2968.195   2616.300 -10.229  -0.1996 -0.1954   2968.052   2738.711   2968.251   2738.907   2968.394   2616.482 N000453
  3749.295   2660.655  -9.773   3750.697   2558.140  -9.855  -0.1714  0.0884   3759.106   2738.591   3759.277   2738.503   3750.865   2558.039 N000454
  2453.804   2663.089 -11.116   2464.148   2657.584 -11.199  -0.1743  0.0892   2463.562   2741.023   2463.737   2740.934   2464.323   2657.480 N000455
     0.000      0.000   0.000      0.000      0.000   0.000   0.0000  0.0000      0.000      0.000   2249.350   2741.933   2248.862   2675.462 N000456
     0.000      0.000   0.000      0.000      0.000   0.000   0.0000  0.0000      0.000      0.000   1369.214   2742.432   1355.374   2749.016 N000457
  2759.042   2670.158  -9.049   2769.612   2640.989  -9.132   0.0421  0.1583   2768.813   2748.093   2768.771   2747.935   2769.570   2640.832 N000458
  3616.343   2669.646  -9.451   3619.857   2576.648  -9.534  -0.0635  0.0527   3626.148   2747.583   3626.212   2747.530   3619.919   2576.591 N000459
     0.000      0.000   0.000      0.000      0.000   0.000   0.0000  0.0000      0.000      0.000   1428.550   2762.349   1415.883   2764.248 N000460
  2685.562   2684.472 -13.414   2696.191   2661.137 -13.497   0.0621 -0.0275   2695.330   2762.407   2695.268   2762.435   2696.129   2661.169 N000461
     0.000      0.000   0.000      0.000      0.000   0.000   0.0000  0.0000      0.000      0.000   3191.288   2764.336   3190.026   2625.339 N000462
     0.000      0.000   0.000      0.000      0.000   0.000   0.0000  0.0000      0.000      0.000   2948.278   2765.835   2948.539   2645.167 N000463
  1580.282   2693.609 -10.431   1580.681   2759.844 -10.514  -0.1846  0.1095   1590.005   2771.542   1590.190   2771.433   1580.870   2759.717 N000464
     0.000      0.000   0.000      0.000      0.000   0.000   0.0000  0.0000      0.000      0.000   1954.738   2777.934   1951.211   2735.904 N000465
     0.000      0.000   0.000      0.000      0.000   0.000   0.0000  0.0000      0.000      0.000   3018.781   2793.936   3018.737   2668.171 N000466
     0.000      0.000   0.000      0.000      0.000   0.000   0.0000  0.0000      0.000      0.000    312.172   2795.431    258.393   2899.918 N000467
  2035.981   2723.317 -11.292   2043.103   2752.167 -11.375  -0.0195 -0.1834   2045.722   2801.251   2045.742   2801.435   2043.122   2752.353 N000468
  2761.296   2729.946  -8.763   2771.830   2701.252  -8.845   0.1085  0.0087   2771.067   2807.882   2770.959   2807.874   2771.722   2701.252 N000469
     0.000      0.000   0.000      0.000      0.000   0.000   0.0000  0.0000      0.000      0.000    493.333   2808.432    448.023   2896.053 N000470
     0.000      0.000   0.000      0.000      0.000   0.000   0.0000  0.0000      0.000      0.000   1782.731   2812.023   1776.473   2784.903 N000471
   938.788   2751.073  -9.093    921.093   2875.013  -9.176  -0.1123  0.1232    948.485   2829.007    948.598   2828.883    921.211   2874.876 N000472
     0.000      0.000   0.000      0.000      0.000   0.000   0.0000  0.0000      0.000      0.000   1743.230   2829.435   1736.166   2805.976 N000473
     0.000      0.000   0.000      0.000      0.000   0.000   0.0000  0.0000      0.000      0.000   1632.725   2829.935   1623.650   2815.826 N000474
  2483.896   2764.631  -9.438   2494.060   2758.115  -9.520  -0.1041  0.1313   2493.656   2842.568   2493.760   2842.437   2494.165   2757.974 N000475
  2038.598   2768.781  -8.919   2045.455   2798.225  -9.002   0.0982 -0.2193   2048.340   2846.717   2048.242   2846.936   2045.354   2798.456 N000476
     0.000      0.000   0.000      0.000      0.000   0.000   0.0000  0.0000      0.000      0.000    817.192   2847.148    784.752   2905.671 N000477
  1163.563   2776.516  -8.762   1152.732   2880.908  -8.844   0.2055  0.1590   1173.270   2854.451   1173.064   2854.292   1152.523   2880.763 N000478
     0.000      0.000   0.000      0.000      0.000   0.000   0.0000  0.0000      0.000      0.000   3350.584   2857.596   3348.164   2707.472 N000479
     0.000      0.000   0.000      0.000      0.000   0.000   0.0000  0.0000      0.000      0.000   2475.509   2862.437   2475.790   2779.712 N000480
  2231.639   2792.582  -9.927   2240.230   2806.708 -10.010   0.1392  0.0822   2241.389   2870.519   2241.250   2870.437   2240.090   2806.636 N000481
     0.000      0.000   0.000      0.000      0.000   0.000   0.0000  0.0000      0.000      0.000   1095.281   2870.935   1072.115   2904.811 N000482
  2761.285   2793.058  -8.901   2771.773   2765.122  -8.984  -0.2147  0.0583   2771.057   2870.996   2771.271   2870.938   2771.988   2765.046 N000483
     0.000      0.000   0.000      0.000      0.000   0.000   0.0000  0.0000      0.000      0.000   2010.741   2873.937   2007.229   2829.048 N000484
  1779.038   2796.836 -11.888   1782.062   2848.412 -11.971   0.0376 -0.1639   1788.769   2874.772   1788.732   2874.936   1782.022   2848.583 N000485
  1917.260   2801.168 -10.352   1922.347   2841.263 -10.435  -0.2398  0.1685   1926.998   2879.105   1927.237   2878.936   1922.591   2841.071 N000486
  3779.207   2803.148 -12.420   3781.057   2699.215 -12.502   0.2069  0.1482   3789.019   2881.088   3788.812   2880.940   3780.852   2699.080 N000487
     0.000      0.000   0.000      0.000      0.000   0.000   0.0000  0.0000      0.000      0.000   2466.059   2881.438   2466.240   2799.748 N000488
  2687.621   2812.867  -9.871   2698.089   2790.949  -9.954   0.1208 -0.1330   2697.389   2890.805   2697.268   2890.938   2697.968   2791.093 N000489
     0.000      0.000   0.000      0.000      0.000   0.000   0.0000  0.0000      0.000      0.000   2587.326   2894.938   2587.864   2803.810 N000490
  2312.171   2829.190  -9.362   2321.194   2837.421  -9.444   0.1351  0.1184   2321.924   2907.128   2321.789   2907.009   2321.059   2837.312 N000491
     0.000      0.000   0.000      0.000      0.000   0.000   0.0000  0.0000      0.000      0.000   1959.780   2911.354   1955.326   2871.424 N000492
     0.000      0.000   0.000      0.000      0.000   0.000   0.0000  0.0000      0.000      0.000   2111.912   2918.938   2109.254   2866.561 N000493
  2464.531   2842.698  -9.930   2474.378   2838.896 -10.012   0.0305  0.1979   2474.290   2920.636   2474.259   2920.439   2474.348   2838.698 N000494
     0.000      0.000   0.000      0.000      0.000   0.000   0.0000  0.0000      0.000      0.000   1098.704   2922.345   1074.894   2957.322 N000495
     0.000      0.000   0.000      0.000      0.000   0.000   0.0000  0.0000      0.000      0.000    751.690   2926.650    715.316   2993.653 N000496
  2503.943   2851.207 -13.096   2513.922   2844.387 -13.179  -0.0575  0.1414   2513.704   2929.146   2513.761   2929.004   2513.980   2844.239 N000497
     0.000      0.000   0.000      0.000      0.000   0.000   0.0000  0.0000      0.000      0.000    765.691   2942.936    729.583   3009.143 N000498
  1253.131   2872.159  -9.269   1243.602   2971.081  -9.352   0.1314  0.1590   1262.842   2950.096   1262.711   2949.937   1243.469   2970.930 N000499
  1217.201   2878.753 -11.286   1206.536   2981.071 -11.369   0.1760 -0.2469   1226.910   2956.690   1226.734   2956.937   1206.352   2981.341 N000500
     0.000      0.000   0.000      0.000      0.000   0.000   0.0000  0.0000      0.000      0.000   1964.239   2961.939   1959.451   2922.677 N000501
  1918.778   2889.732 -11.489   1923.175   2931.526 -11.572  -0.2225  0.2318   1928.515   2967.671   1928.738   2967.439   1923.403   2931.270 N000502
     0.000      0.000   0.000      0.000      0.000   0.000   0.0000  0.0000      0.000      0.000   1775.231   2971.439   1767.400   2948.326 N000503
   519.855   2893.846 -11.088    482.709   3061.319 -11.171  -0.1445 -0.1535    529.537   2971.783    529.681   2971.936    482.857   3061.464 N000504
     0.000      0.000   0.000      0.000      0.000   0.000   0.0000  0.0000      0.000      0.000   1553.177   2975.438   1540.940   2971.498 N000505
  2487.489   2907.575  -8.753   2497.221   2902.992  -8.836   0.0451  0.1302   2497.250   2985.515   2497.205   2985.385   2497.176   2902.863 N000506
  1044.367   2910.896 -10.550   1027.785   3029.789 -10.632  -0.1327 -0.1044   1054.070   2988.833   1054.202   2988.938   1027.921   3029.884 N000507
  1142.283   2912.292 -11.515   1128.865   3022.308 -11.598  -0.2175 -0.2079   1151.989   2990.230   1152.206   2990.438   1129.087   3022.503 N000508
     0.000      0.000   0.000      0.000      0.000   0.000   0.0000  0.0000      0.000      0.000   2052.743   3002.440   2048.821   2956.636 N000509
     0.000      0.000   0.000      0.000      0.000   0.000   0.0000  0.0000      0.000      0.000   2548.417   3004.902   2548.541   2918.594 N000510
  2792.207   2931.254 -10.378   2802.546   2902.807 -10.461   0.2065  0.0440   2801.979   3009.196   2801.773   3009.152   2802.339   2902.779 N000511
   719.714   2933.938 -10.359    690.569   3083.730 -10.442   0.1393 -0.0619    729.404   3011.876    729.264   3011.938    690.423   3083.807 N000512
     0.000      0.000   0.000      0.000      0.000   0.000   0.0000  0.0000      0.000      0.000   1650.727   3018.440   1640.073   3007.114 N000513
  1407.324   2948.124 -10.361   1400.966   3035.372 -10.444  -0.1760  0.1240   1417.041   3026.063   1417.217   3025.940   1401.148   3035.229 N000514
  1827.737   2948.227  -8.576   1830.193   2999.023  -8.659   0.4036 -0.0230   1837.471   3026.167   1837.067   3026.190   1829.782   2999.081 N000515
     0.000      0.000   0.000      0.000      0.000   0.000   0.0000  0.0000      0.000      0.000   2163.247   3026.441   2160.454   2971.949 N000516
  2315.727   2949.813 -11.566   2324.208   2959.926 -11.649   0.1796 -0.1870   2325.481   3027.754   2325.301   3027.941   2324.026   2960.131 N000517
     0.000      0.000   0.000      0.000      0.000   0.000   0.0000  0.0000      0.000      0.000   1668.227   3032.468   1657.780   3019.979 N000518
     0.000      0.000   0.000      0.000      0.000   0.000   0.0000  0.0000      0.000      0.000   2894.277   3035.942   2894.739   2922.707 N000519
  1728.576   2988.563  -9.213   1728.870   3048.820  -9.295   0.0762  0.0627   1738.306   3066.504   1738.230   3066.441   1728.793   3048.762 N000520
     0.000      0.000   0.000      0.000      0.000   0.000   0.0000  0.0000      0.000      0.000   3805.314   3069.945   3798.254   2888.445 N000521
  2429.718   3029.764  -9.448   2438.661   3032.092  -9.530   0.2185 -0.0483   2439.477   3107.708   2439.259   3107.756   2438.441   3032.159 N000522
  1490.585   3031.058 -10.242   1485.259   3113.212 -10.325   0.0849  0.0305   1500.306   3109.000   1500.221   3108.970   1485.172   3113.188 N000523
   770.977   3032.552 -12.317    742.100   3180.858 -12.400  -0.0234  0.0523    780.668   3110.493    780.692   3110.441    742.125   3180.802 N000524
     0.000      0.000   0.000      0.000      0.000   0.000   0.0000  0.0000      0.000      0.000    616.685   3113.940    570.985   3200.133 N000525
  3828.454   3039.837 -11.825   3831.017   2934.391 -11.907  -0.0465 -0.1634   3838.269   3117.783   3838.315   3117.946   3831.064   2934.552 N000526
     0.000      0.000   0.000      0.000      0.000   0.000   0.0000  0.0000      0.000      0.000   2180.248   3128.444   2176.976   3074.726 N000527
  3529.317   3055.649 -10.675   3535.731   2972.397 -10.758  -0.1826  0.0533   3539.120   3133.595   3539.303   3133.541   3535.912   2972.329 N000528
     0.000      0.000   0.000      0.000      0.000   0.000   0.0000  0.0000      0.000      0.000   3449.299   3150.447   3446.864   2996.196 N000529
   248.787   3078.208  -9.366    193.832   3279.342  -9.449   0.0365  0.1008    258.457   3156.149    258.421   3156.048    193.796   3279.241 N000530
     0.000      0.000   0.000      0.000      0.000   0.000   0.0000  0.0000      0.000      0.000   1868.236   3161.911   1860.213   3135.480 N000531
     0.000      0.000   0.000      0.000      0.000   0.000   0.0000  0.0000      0.000      0.000   3343.095   3170.347   3341.609   3024.403 N000532
  1746.021   3109.840 -10.571   1745.379   3171.773 -10.653   0.0207 -0.1603   1755.752   3187.784   1755.731   3187.944   1745.356   3171.940 N000533
  1922.532   3114.401 -11.265   1925.041   3161.205 -11.348   0.0596 -0.0992   1932.270   3192.346   1932.211   3192.445   1924.979   3161.312 N000534
     0.000      0.000   0.000      0.000      0.000   0.000   0.0000  0.0000      0.000      0.000   1973.740   3193.416   1967.162   3158.748 N000535
  1848.728   3116.399  -9.696   1849.951   3169.609  -9.779   0.1225 -0.1006   1858.463   3194.344   1858.341   3194.445   1849.825   3169.722 N000536
     0.000      0.000   0.000      0.000      0.000   0.000   0.0000  0.0000      0.000      0.000   1553.723   3197.944   1538.850   3199.967 N000537
     0.000      0.000   0.000      0.000      0.000   0.000   0.0000  0.0000      0.000      0.000   2352.255   3198.991   2350.319   3132.492 N000538
     0.000      0.000   0.000      0.000      0.000   0.000   0.0000  0.0000      0.000      0.000   2470.510   3210.446   2469.445   3134.405 N000539
  1853.926   3142.990 -11.075   1854.979   3196.467 -11.158  -0.0742 -0.0105   1863.661   3220.935   1863.736   3220.946   1855.054   3196.472 N000540
  2266.218   3148.871  -9.688   2273.119   3167.339  -9.771   0.0397 -0.1286   2275.970   3226.818   2275.931   3226.946   2273.078   3167.474 N000541
   443.456   3167.982 -10.991    396.726   3353.340 -11.074  -0.0435 -0.0179    453.135   3245.926    453.179   3245.944    396.771   3353.354 N000542
   918.517   3179.106 -10.941    892.815   3318.646 -11.024   0.0174  0.1060    928.216   3257.051    928.198   3256.945    892.799   3318.538 N000543
  2339.114   3205.990 -10.598   2346.399   3219.702 -10.681   0.1137 -0.0099   2348.869   3283.938   2348.755   3283.948   2346.284   3219.722 N000544
     0.000      0.000   0.000      0.000      0.000   0.000   0.0000  0.0000      0.000      0.000   2143.247   3291.198   2138.334   3244.565 N000545
   538.923   3246.234 -11.120    495.184   3425.361 -11.203  -0.0773  0.2108    548.606   3324.179    548.683   3323.969    495.270   3425.134 N000546
   875.245   3253.158 -10.158    846.416   3399.638 -10.241  -0.2269  0.1583    884.942   3331.105    885.169   3330.947    846.655   3399.452 N000547
  1867.079   3269.839  -8.937   1867.083   3325.783  -9.020   0.0792 -0.1609   1876.816   3347.788   1876.737   3347.949   1867.000   3325.956 N000548
     0.000      0.000   0.000      0.000      0.000   0.000   0.0000  0.0000      0.000      0.000    794.693   3353.947    751.939   3432.120 N000549
     0.000      0.000   0.000      0.000      0.000   0.000   0.0000  0.0000      0.000      0.000   2262.252   3423.452   2257.871   3370.207 N000550
  2506.799   3346.720 -14.246   2514.746   3349.891 -14.329  -0.1534 -0.0899   2516.562   3424.672   2516.715   3424.762   2514.900   3349.970 N000551
     0.000      0.000   0.000      0.000      0.000   0.000   0.0000  0.0000      0.000      0.000   2429.259   3432.452   2426.649   3365.225 N000552
  1373.446   3356.578 -10.313   1360.351   3459.827 -10.396  -0.0542  0.0779   1383.163   3434.528   1383.217   3434.450   1360.408   3459.741 N000553
     0.000      0.000   0.000      0.000      0.000   0.000   0.0000  0.0000      0.000      0.000   2456.316   3487.954   2453.615   3419.955 N000554
     0.000      0.000   0.000      0.000      0.000   0.000   0.0000  0.0000      0.000      0.000   1477.221   3488.452   1456.318   3507.030 N000555
  2330.137   3426.539 -11.388   2335.851   3446.900 -11.470   0.1367  0.0392   2339.892   3504.493   2339.756   3504.454   2335.713   3446.871 N000556
  2849.805   3439.828  -9.245   2859.183   3416.979  -9.328  -0.1951 -0.1718   2859.582   3517.783   2859.777   3517.955   2859.378   3417.139 N000557
  2333.598   3448.552  -8.884   2339.193   3469.262  -8.966   0.2405  0.0515   2343.354   3526.506   2343.113   3526.455   2338.950   3469.230 N000558
  3227.634   3471.013  -9.752   3236.949   3418.457  -9.834   0.1343  0.0134   3237.426   3548.970   3237.292   3548.957   3236.815   3418.454 N000559
  1980.612   3481.457  -9.490   1980.538   3534.048  -9.573   0.1116 -0.0434   1990.353   3559.411   1990.242   3559.455   1980.424   3534.103 N000560
   607.629   3488.027  -8.943    561.612   3671.125  -9.026   0.1287  0.0274    617.315   3565.980    617.186   3565.953    561.478   3671.109 N000561
  1739.080   3488.911  -9.590   1733.831   3563.448  -9.672   0.0803 -0.0894   1748.812   3566.865   1748.732   3566.955   1733.748   3563.548 N000562
  1844.415   3501.587 -10.138   1841.376   3567.050 -10.221  -0.0854  0.0869   1854.151   3579.542   1854.236   3579.455   1841.464   3566.953 N000563
  1836.716   3514.297  -9.125   1833.358   3580.903  -9.208  -0.0336 -0.1713   1846.452   3592.253   1846.486   3592.424   1833.390   3581.077 N000564
     0.000      0.000   0.000      0.000      0.000   0.000   0.0000  0.0000      0.000      0.000   1029.703   3601.354    991.609   3667.025 N000565
  3326.532   3546.611  -8.599   3335.526   3488.042  -8.682   0.0317  0.1111   3336.328   3624.570   3336.296   3624.459   3335.494   3487.931 N000566
  2186.213   3552.056  -8.974   2188.949   3588.826  -9.057   0.2127  0.1186   2195.963   3630.013   2195.750   3629.895   2188.734   3588.722 N000567
  2140.882   3557.161  -8.436   2142.855   3598.091  -8.519  -0.1183  0.1605   2150.630   3635.118   2150.748   3634.957   2142.977   3597.914 N000568
  1600.349   3593.542  -9.209   1590.146   3684.766  -9.292   0.2491 -0.1581   1610.076   3671.499   1609.827   3671.657   1589.888   3684.954 N000569
   835.859   3644.099  -9.116    797.006   3811.620  -9.199  -0.0789  0.0985    845.555   3722.056    845.633   3721.957    797.091   3811.508 N000570
     0.000      0.000   0.000      0.000      0.000   0.000   0.0000  0.0000      0.000      0.000    854.196   3721.957    806.043   3810.645 N000571
  2581.986   3656.882  -8.445   2588.773   3662.757  -8.528   0.0490  0.0067   2591.753   3734.842   2591.704   3734.836   2588.723   3662.754 N000572
     0.000      0.000   0.000      0.000      0.000   0.000   0.0000  0.0000      0.000      0.000   4053.770   3744.686   4047.501   3555.616 N000573
  2865.642   3674.104  -9.216   2874.297   3656.540  -9.299   0.1425  0.1036   2875.420   3752.065   2875.278   3751.962   2874.154   3656.445 N000574
   808.247   3687.241  -9.064    767.113   3859.711  -9.147   0.1110  0.1048    817.942   3765.199    817.831   3765.095    766.999   3859.612 N000575
  3546.220   3688.977 -10.242   3554.379   3616.692 -10.325   0.0637 -0.0233   3556.025   3766.940   3555.962   3766.963   3554.316   3616.721 N000576
  1981.092   3694.716 -10.463   1978.656   3754.892 -10.546   0.0916  0.1447   1990.834   3772.677   1990.742   3772.532   1978.564   3754.750 N000577
  1457.633   3696.011 -10.126   1441.616   3804.921 -10.209   0.1327  0.0106   1467.354   3773.970   1467.221   3773.960   1441.479   3804.923 N000578
     0.000      0.000   0.000      0.000      0.000   0.000   0.0000  0.0000      0.000      0.000   2618.268   3781.962   2615.241   3709.158 N000579
     0.000      0.000   0.000      0.000      0.000   0.000   0.0000  0.0000      0.000      0.000   3499.303   3798.164   3497.998   3653.233 N000580
     0.000      0.000   0.000      0.000      0.000   0.000   0.0000  0.0000      0.000      0.000    767.971   3799.903    713.924   3901.306 N000581
  3857.823   3732.560 -10.397   3863.779   3637.165 -10.479  -0.1504  0.0605   3867.641   3810.525   3867.792   3810.465   3863.928   3637.091 N000582
     0.000      0.000   0.000      0.000      0.000   0.000   0.0000  0.0000      0.000      0.000   1987.242   3825.462   1974.358   3810.060 N000583
  1944.955   3779.381 -10.110   1940.720   3846.202 -10.193  -0.0453 -0.1190   1954.696   3857.344   1954.741   3857.463   1940.765   3846.322 N000584
     0.000      0.000   0.000      0.000      0.000   0.000   0.0000  0.0000      0.000      0.000   1522.724   3876.462   1496.979   3906.665 N000585
  1629.681   3801.656  -9.482   1617.112   3898.835  -9.565   0.0636  0.1561   1639.410   3879.619   1639.346   3879.463   1617.049   3898.678 N000586
     0.000      0.000   0.000      0.000      0.000   0.000   0.0000  0.0000      0.000      0.000   2636.769   3903.465   2633.126   3833.297 N000587
     0.000      0.000   0.000      0.000      0.000   0.000   0.0000  0.0000      0.000      0.000    927.100   3919.463    877.608   4010.831 N000588
  2034.923   3867.721 -10.365   2031.515   3929.947 -10.447  -0.0772  0.1856   2044.668   3945.687   2044.745   3945.501   2031.596   3929.747 N000589
  3376.352   3871.475 -10.264   3385.277   3818.043 -10.346  -0.1482 -0.0251   3386.151   3949.443   3386.299   3949.468   3385.425   3818.056 N000590
     0.000      0.000   0.000      0.000      0.000   0.000   0.0000  0.0000      0.000      0.000   3855.918   3950.268   3852.707   3781.587 N000591
  1310.825   3904.933 -11.519   1285.922   4037.889 -11.602  -0.1754 -0.0670   1320.540   3982.898   1320.716   3982.965   1286.103   4037.942 N000592
   961.425   3908.515  -9.867    922.014   4076.956  -9.950  -0.0477  0.0151    971.126   3986.479    971.174   3986.464    922.064   4076.936 N000593
  1786.494   3908.745 -10.887   1776.595   3995.896 -10.969   0.0216  0.0785   1796.229   3986.711   1796.207   3986.632   1776.574   3995.816 N000594
  1002.724   3915.103  -9.837    965.014   4079.666  -9.920   0.1716  0.1030   1012.428   3993.068   1012.256   3992.965    964.837   4079.575 N000595
     0.000      0.000   0.000      0.000      0.000   0.000   0.0000  0.0000      0.000      0.000   3275.295   3997.469   3274.448   3876.687 N000596
  1338.239   3948.554 -12.530   1313.469   4081.013 -12.612   0.0648  0.0538   1347.956   4026.520   1347.891   4026.466   1313.403   4080.963 N000597
     0.000      0.000   0.000      0.000      0.000   0.000   0.0000  0.0000      0.000      0.000   1300.215   4034.966   1263.762   4094.655 N000598
  1938.442   3984.621 -11.542   1931.289   4060.960 -11.625  -0.0578  0.1207   1948.184   4062.589   1948.241   4062.468   1931.350   4060.828 N000599
     0.000      0.000   0.000      0.000      0.000   0.000   0.0000  0.0000      0.000      0.000   3652.810   4068.005   3651.192   3918.958 N000600
     0.000      0.000   0.000      0.000      0.000   0.000   0.0000  0.0000      0.000      0.000   1787.735   4102.969     -1.000     -1.000 N000601
  2733.100   4037.076  -9.654   2738.826   4043.760  -9.737   0.1005  0.0758   2742.874   4115.047   2742.774   4114.971   2738.725   4043.690 N000602
     0.000      0.000   0.000      0.000      0.000   0.000   0.0000  0.0000      0.000      0.000   2379.159   4190.972     -1.000     -1.000 N000603
