     0.000      0.000   0.000      0.000      0.000   0.000   0.0000  0.0000      0.000      0.000    276.535   -149.267     -1.000     -1.000 N000001
     0.000      0.000   0.000      0.000      0.000   0.000   0.0000  0.0000      0.000      0.000    466.537   -125.598     -1.000     -1.000 N000002
     0.000      0.000   0.000      0.000      0.000   0.000   0.0000  0.0000      0.000      0.000    871.544   -122.094     -1.000     -1.000 N000003
   332.311    -48.815 -11.516    315.844     82.461 -11.655  -0.1613  0.1849    338.843    -46.413    339.005    -46.598    316.010     82.267 N000004
     0.000      0.000   0.000      0.000      0.000   0.000   0.0000  0.0000      0.000      0.000   2323.064    -23.926     -1.000     -1.000 N000005
     0.000      0.000   0.000      0.000      0.000   0.000   0.0000  0.0000      0.000      0.000    731.537     -6.593    718.897     95.380 N000006
     0.000      0.000   0.000      0.000      0.000   0.000   0.0000  0.0000      0.000      0.000   1279.046     -3.587   1274.988     62.700 N000007
     0.000      0.000   0.000      0.000      0.000   0.000   0.0000  0.0000      0.000      0.000   2826.071     31.431   2815.001      1.996 N000008
     0.000      0.000   0.000      0.000      0.000   0.000   0.0000  0.0000      0.000      0.000    771.263     73.455    759.370    171.618 N000009
  2272.995     90.714 -11.277   2275.990     94.872 -11.416  -0.0046  0.2138   2279.555     93.140   2279.560     92.926   2275.993     94.663 N000010
  3387.684     96.307 -13.491   3371.659     33.976 -13.629   0.1842  0.0157   3394.262     98.746   3394.078     98.731   3371.480     33.971 N000011
   132.901    102.835 -12.937    109.002    246.372 -13.075  -0.0990 -0.0782    139.425    105.238    139.524    105.316    109.104    246.443 N000012
     0.000      0.000   0.000      0.000      0.000   0.000   0.0000  0.0000      0.000      0.000    544.564    112.908    527.107    225.881 N000013
   441.591    138.899 -10.302    427.840    260.591 -10.440   0.0915 -0.1013    448.119    141.306    448.028    141.407    427.745    260.698 N000014
  2368.339    183.427 -12.005   2370.906    179.461 -12.144  -0.1607 -0.0727   2374.897    185.857   2375.058    185.929   2371.065    179.522 N000015
  1833.870    187.458 -10.782   1839.198    216.656 -10.921  -0.1304 -0.0421   1840.419    189.881   1840.549    189.924   1839.328    216.689 N000016
  1619.918    221.263  -9.690   1624.967    263.402  -9.829  -0.0823  0.2407   1626.462    223.685   1626.545    223.445   1625.049    263.161 N000017
  2881.758    221.481 -10.905   2877.547    185.364 -11.044  -0.2129 -0.0185   2888.323    223.917   2888.536    223.936   2877.756    185.369 N000018
  1939.211    290.921 -10.852   1944.672    311.321 -10.991   0.2111 -0.0785   1945.759    293.348   1945.547    293.427   1944.462    311.411 N000019
   687.699    301.389  -9.515    679.976    404.365  -9.654  -0.2384 -0.9863    694.225    303.802    694.464    304.788    680.217    405.324 N000020
     0.000      0.000   0.000      0.000      0.000   0.000   0.0000  0.0000      0.000      0.000   1876.545    324.427   1875.619    346.193 N000021
     0.000      0.000   0.000      0.000      0.000   0.000   0.0000  0.0000      0.000      0.000   1473.039    324.922   1470.795    372.794 N000022
  2178.144    350.920 -11.759   2182.863    354.968 -11.897   0.1443 -0.0796   2184.694    353.351   2184.549    353.431   2182.719    355.055 N000023
  1247.416    353.586 -10.412   1249.620    417.887 -10.551  -0.0839  0.0863   1253.950    356.007   1254.034    355.920   1249.705    417.796 N000024
  3699.848    384.284  -8.756   3678.283    294.918  -8.895  -0.1521  0.0701   3706.421    386.733   3706.573    386.663   3678.430    294.841 N000025
     0.000      0.000   0.000      0.000      0.000   0.000   0.0000  0.0000      0.000      0.000   1504.537    393.924   1502.521    438.605 N000026
   997.383    399.035 -10.724    995.824    479.638 -10.863  -0.1167  0.0349   1003.911    401.454   1004.028    401.419    995.943    479.595 N000027
     0.000      0.000   0.000      0.000      0.000   0.000   0.0000  0.0000      0.000      0.000   1089.029    410.920   1082.333    483.182 N000028
     0.000      0.000   0.000      0.000      0.000   0.000   0.0000  0.0000      0.000      0.000   1127.030    416.920   1120.909    486.523 N000029
     0.000      0.000   0.000      0.000      0.000   0.000   0.0000  0.0000      0.000      0.000   1101.129    422.920   1094.597    494.209 N000030
  3131.613    421.704 -10.377   3124.136    365.149 -10.516   0.1128  0.1705   3138.176    424.147   3138.063    423.976   3124.024    364.990 N000031
  3177.442    447.769 -13.296   3169.229    387.755 -13.435  -0.0577  0.2238   3184.005    450.213   3184.063    449.989   3169.284    387.534 N000032
  2468.064    458.821  -8.878   2470.897    442.305  -9.017   0.0645 -0.1794   2474.615    461.257   2474.550    461.436   2470.834    442.485 N000033
     0.000      0.000   0.000      0.000      0.000   0.000   0.0000  0.0000      0.000      0.000    202.179    480.828    171.781    615.216 N000034
     0.000      0.000   0.000      0.000      0.000   0.000   0.0000  0.0000      0.000      0.000   2070.043    486.932   2069.115    493.184 N000035
   166.795    499.607 -12.798    141.656    638.458 -12.937  -0.2049  0.1065    173.306    502.018    173.511    501.912    141.870    638.337 N000036
  2317.699    522.380  -9.058   2322.081    514.052  -9.196  -0.1013 -0.1205   2324.245    524.815   2324.346    524.936   2322.182    514.164 N000037
     0.000      0.000   0.000      0.000      0.000   0.000   0.0000  0.0000      0.000      0.000   1588.033    532.928   1586.536    569.950 N000038
  1791.288    555.975 -13.084   1797.161    581.135 -13.223  -0.2124 -0.0248   1797.824    558.406   1798.036    558.431   1797.374    581.145 N000039
     0.000      0.000   0.000      0.000      0.000   0.000   0.0000  0.0000      0.000      0.000   1441.530    562.927   1438.920    609.352 N000040
  2792.467    569.184  -8.726   2791.835    529.897  -8.865  -0.0331  0.1840   2799.019    571.626   2799.052    571.442   2791.867    529.715 N000041
     0.000      0.000   0.000      0.000      0.000   0.000   0.0000  0.0000      0.000      0.000   2413.129    572.938   2410.430    555.541 N000042
     0.000      0.000   0.000      0.000      0.000   0.000   0.0000  0.0000      0.000      0.000   3261.893    581.947   3246.486    511.367 N000043
  1814.791    579.916  -8.357   1820.720    603.145  -8.495  -0.0092 -0.0842   1821.326    582.347   1821.336    582.431   1820.729    603.227 N000044
  2732.656    599.412 -10.265   2733.021    563.208 -10.404   0.1557 -0.0884   2739.206    601.854   2739.050    601.942   2732.868    563.304 N000045
    69.347    608.744 -10.064     39.410    754.647 -10.203  -0.1533  0.2436     75.852    611.156     76.006    610.913     39.572    754.392 N000046
     0.000      0.000   0.000      0.000      0.000   0.000   0.0000  0.0000      0.000      0.000   2025.538    616.934   2024.971    623.744 N000047
  2900.175    616.006  -8.902   2898.171    568.938  -9.041   0.0683  0.0056   2906.728    618.450   2906.660    618.444   2898.104    568.937 N000048
  1143.890    617.050  -9.264   1144.126    685.159  -9.403  -0.1102  0.0498   1150.413    619.475   1150.523    619.425   1144.238    685.102 N000049
  2361.144    627.486 -11.855   2365.544    614.321 -11.994   0.1438 -0.0141   2367.687    629.924   2367.543    629.938   2365.402    614.344 N000050
     0.000      0.000   0.000      0.000      0.000   0.000   0.0000  0.0000      0.000      0.000   2148.539    653.437   2147.708    651.588 N000051
  1649.985    666.893 -11.095   1655.347    699.828 -11.234  -0.0147 -0.1075   1656.515    669.324   1656.530    669.431   1655.362    699.933 N000052
     0.000      0.000   0.000      0.000      0.000   0.000   0.0000  0.0000      0.000      0.000   1465.527    670.629   1462.986    714.066 N000053
   396.860    670.208  -8.829    378.715    791.513  -8.968  -0.2021  0.2705    403.369    672.626    403.572    672.355    378.926    791.228 N000054
     0.000      0.000   0.000      0.000      0.000   0.000   0.0000  0.0000      0.000      0.000   2591.045    679.942   2587.027    649.062 N000055
  3247.606    678.583 -12.359   3239.655    608.502 -12.498   0.1059  0.0830   3254.162    681.032   3254.056    680.949   3239.551    608.427 N000056
     0.000      0.000   0.000      0.000      0.000   0.000   0.0000  0.0000      0.000      0.000   1474.526    697.930   1472.022    740.427 N000057
  4070.191    713.603 -11.492   4041.064    592.998 -11.630   0.1909  0.1033   4076.759    716.063   4076.568    715.959   4040.878    592.909 N000058
     0.000      0.000   0.000      0.000      0.000   0.000   0.0000  0.0000      0.000      0.000    592.010    731.421    572.832    836.186 N000059
  1772.225    730.610  -9.165   1778.083    754.461  -9.304  -0.1750 -0.2903   1778.755    733.044   1778.930    733.334   1778.259    754.736 N000060
  2832.577    735.846 -10.595   2832.239    690.451 -10.734   0.0774 -0.1535   2839.125    738.292   2839.047    738.446   2832.164    690.606 N000061
     0.000      0.000   0.000      0.000      0.000   0.000   0.0000  0.0000      0.000      0.000   1311.122    745.229   1306.742    798.493 N000062
  3791.071    743.713  -9.401   3770.483    638.934  -9.540   0.0705  0.2132   3797.633    746.170   3797.563    745.957   3770.412    638.731 N000063
     0.000      0.000   0.000      0.000      0.000   0.000   0.0000  0.0000      0.000      0.000   2526.854    746.880   2523.749    718.828 N000064
  3816.883    751.893  -9.384   3795.656    645.352  -9.523  -0.1171 -0.1065   3823.446    754.351   3823.563    754.457   3795.771    645.449 N000065
     0.000      0.000   0.000      0.000      0.000   0.000   0.0000  0.0000      0.000      0.000   1735.028    759.934   1734.185    783.942 N000066
     0.000      0.000   0.000      0.000      0.000   0.000   0.0000  0.0000      0.000      0.000   3288.553    782.452   3274.059    705.443 N000067
  1326.756    782.472  -9.426   1329.059    836.241  -9.565  -0.2444 -0.0284   1333.276    784.902   1333.521    784.930   1329.306    836.252 N000068
   498.546    783.998 -10.628    482.853    897.446 -10.767   0.0464 -0.0017    505.053    786.419    505.007    786.421    482.805    897.451 N000069
     0.000      0.000   0.000      0.000      0.000   0.000   0.0000  0.0000      0.000      0.000   1520.024    790.932   1517.754    829.254 N000070
     0.000      0.000   0.000      0.000      0.000   0.000   0.0000  0.0000      0.000      0.000   1624.025    791.434   1622.543    822.603 N000071
   937.559    793.585 -10.461    933.315    874.835 -10.600   0.0588  0.0848    944.073    796.011    944.014    795.926    933.255    874.755 N000072
     0.000      0.000   0.000      0.000      0.000   0.000   0.0000  0.0000      0.000      0.000   2851.962    802.614   2845.214    752.656 N000073
  1204.542    806.650 -12.035   1205.075    868.783 -12.174   0.0418  0.1500   1211.060    809.079   1211.018    808.929   1205.033    868.637 N000074
  2075.613    813.709  -8.512   2081.745    816.065  -8.650   0.1126  0.2092   2082.145    816.148   2082.032    815.939   2081.632    815.866 N000075
  2203.996    816.944  -8.873   2209.770    810.732  -9.012  -0.0042 -0.0558   2210.530    819.385   2210.534    819.441   2209.774    810.787 N000076
  3008.862    818.781 -10.574   3006.243    760.517 -10.713  -0.1127 -0.1439   3015.410    821.231   3015.522    821.375   3006.355    760.651 N000077
     0.000      0.000   0.000      0.000      0.000   0.000   0.0000  0.0000      0.000      0.000   2114.032    843.440   2113.598    840.833 N000078
   144.249    843.029 -11.185    115.197    983.328 -11.324   0.2491  0.0295    150.748    845.448    150.499    845.418    114.938    983.318 N000079
  1604.569    846.847 -10.955   1609.436    880.695 -11.094   0.0690 -0.1528   1611.092    849.282   1611.023    849.435   1609.366    880.851 N000080
  1555.747    847.379 -10.387   1560.234    884.593 -10.526  -0.2283 -0.1206   1562.269    849.813   1562.497    849.934   1560.464    884.697 N000081
  2182.712    867.802 -10.319   2188.636    862.236 -10.458   0.2122 -0.1667   2189.244    870.244   2189.032    870.410   2188.425    862.414 N000082
     0.000      0.000   0.000      0.000      0.000   0.000   0.0000  0.0000      0.000      0.000   2871.043    874.592   2864.376    822.017 N000083
     0.000      0.000   0.000      0.000      0.000   0.000   0.0000  0.0000      0.000      0.000   2775.541    875.448   2770.167    828.993 N000084
     0.000      0.000   0.000      0.000      0.000   0.000   0.0000  0.0000      0.000      0.000   2559.787    896.030   2556.873    863.201 N000085
     0.000      0.000   0.000      0.000      0.000   0.000   0.0000  0.0000      0.000      0.000   2338.033    905.444   2336.811    887.043 N000086
   391.528    917.363  -8.979    371.175   1038.752  -9.117   0.0277 -0.0117    398.028    919.786    398.001    919.798    371.146   1038.766 N000087
  1290.716    919.544  -9.003   1292.079    974.706  -9.141  -0.2174  0.0442   1297.231    921.977   1297.449    921.933   1292.300    974.647 N000088
  2812.127    934.381 -10.088   2812.999    886.481 -10.227   0.1269 -0.1190   2818.667    936.831   2818.540    936.950   2812.874    886.606 N000089
  2391.535    936.940 -13.197   2396.553    916.497 -13.336   0.0353 -0.0597   2398.068    939.385   2398.033    939.445   2396.518    916.558 N000090
     0.000      0.000   0.000      0.000      0.000   0.000   0.0000  0.0000      0.000      0.000    545.002    939.925    522.836   1047.716 N000091
     0.000      0.000   0.000      0.000      0.000   0.000   0.0000  0.0000      0.000      0.000   2156.154    946.443   2155.723    939.586 N000092
     0.000      0.000   0.000      0.000      0.000   0.000   0.0000  0.0000      0.000      0.000   2887.041    949.951   2880.503    894.952 N000093
     0.000      0.000   0.000      0.000      0.000   0.000   0.0000  0.0000      0.000      0.000   1558.519    952.936   1556.224    986.985 N000094
     0.000      0.000   0.000      0.000      0.000   0.000   0.0000  0.0000      0.000      0.000   1814.058    955.439   1813.377    971.732 N000095
  2325.096    956.569 -10.739   2330.539    940.245 -10.878   0.0959  0.0689   2331.627    959.014   2331.531    958.945   2330.444    940.183 N000096
     0.000      0.000   0.000      0.000      0.000   0.000   0.0000  0.0000      0.000      0.000   2176.029    960.943   2175.557    952.558 N000097
  1059.279    965.120 -10.710   1056.597   1036.645 -10.849  -0.1914  0.1199   1065.789    967.551   1065.981    967.431   1056.793   1036.512 N000098
  2401.057    969.322  -8.930   2406.084    947.765  -9.069   0.0570  0.1972   2407.589    971.768   2407.532    971.571   2406.027    947.575 N000099
  1086.853    974.249  -9.769   1084.642   1043.726  -9.908  -0.1475  0.2492   1093.363    976.681   1093.510    976.432   1084.793   1043.467 N000100
     0.000      0.000   0.000      0.000      0.000   0.000   0.0000  0.0000      0.000      0.000   2047.526    976.242   2047.249    976.346 N000101
  1954.283    989.612  -8.804   1960.479    997.877  -8.943  -0.2167  0.0621   1960.807    992.054   1961.024    991.992   1960.696    997.801 N000102
     0.000      0.000   0.000      0.000      0.000   0.000   0.0000  0.0000      0.000      0.000   1416.514   1010.409   1412.581   1054.021 N000103
  2129.888   1017.201 -10.657   2136.071   1013.189 -10.796  -0.1121  0.2008   2136.414   1019.645   2136.526   1019.444   2136.183   1012.983 N000104
  1972.607   1023.162 -10.512   1978.815   1029.798 -10.651   0.1072  0.1620   1979.130   1025.604   1979.023   1025.442   1978.708   1029.645 N000105
     0.000      0.000   0.000      0.000      0.000   0.000   0.0000  0.0000      0.000      0.000    539.499   1025.926    516.430   1134.140 N000106
  1799.332   1028.657  -8.736   1805.047   1047.181  -8.875  -0.1684  0.2130   1805.852   1031.098   1806.020   1030.885   1805.216   1046.959 N000107
  3751.008   1029.729 -10.501   3734.085    920.584 -10.640   0.0079  0.1813   3757.560   1032.191   3757.552   1032.010   3734.076    920.407 N000108
  2360.193   1044.874 -10.957   2365.594   1024.982 -11.096   0.1928 -0.1258   2366.722   1047.321   2366.529   1047.447   2365.402   1025.119 N000109
  1734.376   1052.055  -9.121   1739.713   1074.889  -9.260  -0.1239  0.0548   1740.894   1054.495   1741.018   1054.440   1739.838   1074.826 N000110
     0.000      0.000   0.000      0.000      0.000   0.000   0.0000  0.0000      0.000      0.000   1832.520   1059.441   1831.784   1073.400 N000111
  3739.547   1057.323 -10.492   3723.159    948.294 -10.631   0.0217 -0.1765   3746.098   1059.786   3746.076   1059.963   3723.139    948.468 N000112
  3082.852   1059.440 -10.186   3080.321    991.851 -10.325  -0.1485 -0.0603   3089.392   1061.895   3089.540   1061.955   3080.467    991.901 N000113
  1397.600   1067.703 -11.864   1399.808   1114.247 -12.003   1.0999 -0.2970   1404.112   1070.140   1403.012   1070.437   1398.694   1114.621 N000114
     0.000      0.000   0.000      0.000      0.000   0.000   0.0000  0.0000      0.000      0.000   2840.536   1074.453   2835.158   1020.345 N000115
     0.000      0.000   0.000      0.000      0.000   0.000   0.0000  0.0000      0.000      0.000   1847.019   1079.442   1846.317   1092.203 N000116
   950.098   1091.274 -11.861    944.364   1170.412 -12.000   0.0976 -0.2262    956.602   1093.706    956.504   1093.932    944.263   1170.645 N000117
     0.000      0.000   0.000      0.000      0.000   0.000   0.0000  0.0000      0.000      0.000   2742.033   1093.952   2737.905   1046.007 N000118
     0.000      0.000   0.000      0.000      0.000   0.000   0.0000  0.0000      0.000      0.000   1518.013   1097.439   1514.918   1133.233 N000119
  1721.835   1099.504 -10.775   1726.998   1122.818 -10.914  -0.1648  0.0040   1728.352   1101.945   1728.516   1101.941   1727.164   1122.802 N000120
     0.000      0.000   0.000      0.000      0.000   0.000   0.0000  0.0000      0.000      0.000   1220.008   1115.373   1212.803   1172.578 N000121
  2263.859   1113.213 -12.389   2269.767   1098.958 -12.528  -0.1409  0.2131   2270.384   1115.661   2270.525   1115.447   2269.907   1098.738 N000122
  1165.644   1119.790 -10.386   1164.083   1182.913 -10.525   0.1440  0.2146   1172.151   1122.225   1172.007   1122.010   1163.937   1182.710 N000123
     0.000      0.000   0.000      0.000      0.000   0.000   0.0000  0.0000      0.000      0.000   2220.624   1124.847   2220.157   1111.423 N000124
   455.324   1130.228 -10.905    435.152   1247.066 -11.044  -0.1757  0.2284    461.819   1132.656    461.994   1132.428    435.336   1246.823 N000125
     0.000      0.000   0.000      0.000      0.000   0.000   0.0000  0.0000      0.000      0.000   1385.009   1150.938   1380.123   1195.989 N000126
  2630.423   1168.146 -12.859   2634.115   1128.527 -12.997  -0.0770  0.1464   2636.952   1170.599   2637.029   1170.453   2634.191   1128.377 N000127
   189.411   1182.074  -9.633    158.485   1320.214  -9.772  -0.0890  0.0739    195.899   1184.500    195.988   1184.426    158.579   1320.133 N000128
  1485.430   1197.709 -10.279   1488.179   1237.231 -10.418  -0.0704  0.1826   1491.939   1200.150   1492.009   1199.967   1488.251   1237.044 N000129
  1014.355   1211.805 -10.870   1009.208   1285.987 -11.009  -0.1222 -0.1719   1020.856   1214.241   1020.978   1214.413   1009.332   1286.149 N000130
   772.232   1211.933  -8.509    761.133   1304.487  -8.648  -0.1968 -0.1385    778.729   1214.366    778.925   1214.504    761.334   1304.611 N000131
  2029.160   1212.460  -9.832   2035.301   1213.318  -9.970   0.1596 -0.0401   2035.677   1214.907   2035.518   1214.947   2035.141   1213.369 N000132
  3113.048   1219.764 -14.071   3110.845   1147.542 -14.210   0.0484 -0.0482   3119.584   1222.223   3119.535   1222.272   3110.797   1147.593 N000133
  1083.734   1226.685 -11.225   1079.946   1295.652 -11.363   0.2111  0.1851   1090.235   1229.122   1090.024   1228.937   1079.732   1295.483 N000134
  1361.232   1228.674  -8.928   1362.237   1277.099  -9.067  -0.1016  0.1740   1367.738   1231.114   1367.839   1230.940   1362.341   1276.918 N000135
  1437.049   1229.064  -8.867   1439.080   1271.957  -9.006   0.0490  0.0639   1443.556   1231.505   1443.507   1231.441   1439.031   1271.897 N000136
     0.000      0.000   0.000      0.000      0.000   0.000   0.0000  0.0000      0.000      0.000   2260.592   1236.378   2260.064   1219.024 N000137
  2133.089   1238.180 -12.759   2139.260   1231.585 -12.898   0.0891  0.1804   2139.608   1240.629   2139.519   1240.449   2139.171   1231.412 N000138
     0.000      0.000   0.000      0.000      0.000   0.000   0.0000  0.0000      0.000      0.000   1479.007   1246.941   1474.907   1284.754 N000139
  1563.660   1253.073 -10.245   1567.046   1286.683 -10.384   0.1600  0.0725   1570.169   1255.515   1570.009   1255.443   1566.885   1286.622 N000140
  1880.948   1253.340  -8.739   1886.621   1264.271  -8.878  -0.1519 -0.1604   1887.462   1255.786   1887.614   1255.946   1886.773   1264.420 N000141
     0.000      0.000   0.000      0.000      0.000   0.000   0.0000  0.0000      0.000      0.000   1789.712   1256.945   1788.374   1272.356 N000142
     0.000      0.000   0.000      0.000      0.000   0.000   0.0000  0.0000      0.000      0.000   2124.018   1262.916   2123.660   1254.757 N000143
  1505.085   1267.227 -10.078   1507.776   1305.023 -10.217   0.9483 -0.6820   1511.592   1269.669   1510.643   1270.351   1506.813   1305.771 N000144
     0.000      0.000   0.000      0.000      0.000   0.000   0.0000  0.0000      0.000      0.000   2443.022   1272.453   2441.777   1242.239 N000145
  1932.052   1271.643  -9.481   1937.890   1278.837  -9.620   0.0523  0.1433   1938.566   1274.090   1938.514   1273.947   1937.838   1278.698 N000146
  1282.806   1276.408  -9.252   1282.357   1330.482  -9.391  -0.2496 -0.0921   1289.309   1278.848   1289.559   1278.940   1282.610   1330.555 N000147
  3627.259   1281.722 -10.940   3615.381   1175.368 -11.079  -0.2408  0.0640   3633.801   1284.188   3634.042   1284.124   3615.616   1175.290 N000148
     0.000      0.000   0.000      0.000      0.000   0.000   0.0000  0.0000      0.000      0.000   1355.004   1290.941   1349.011   1337.692 N000149
     0.000      0.000   0.000      0.000      0.000   0.000   0.0000  0.0000      0.000      0.000   2001.443   1297.877   2000.906   1298.022 N000150
  2789.703   1307.689 -11.001   2792.181   1255.615 -11.140   0.0982  0.1888   2796.230   1310.146   2796.132   1309.957   2792.083   1255.435 N000151
  1347.571   1308.923  -9.722   1347.959   1358.140  -9.861   0.0710 -0.0766   1354.074   1311.365   1354.003   1311.441   1347.887   1358.222 N000152
     0.000      0.000   0.000      0.000      0.000   0.000   0.0000  0.0000      0.000      0.000   1265.501   1316.440   1257.940   1369.785 N000153
  1455.895   1344.656 -12.742   1457.624   1385.805 -12.881  -0.1053  0.1556   1462.398   1347.099   1462.504   1346.943   1457.731   1385.642 N000154
  3638.767   1344.478 -14.310   3627.081   1236.325 -14.449   0.0500 -0.0438   3645.307   1346.945   3645.257   1346.989   3627.033   1236.371 N000155
  1954.376   1350.021 -10.961   1960.132   1355.122 -11.100  -0.1236  0.0205   1960.888   1352.469   1961.012   1352.449   1960.256   1355.093 N000156
     0.000      0.000   0.000      0.000      0.000   0.000   0.0000  0.0000      0.000      0.000   2595.022   1354.206   2592.918   1312.766 N000157
     0.000      0.000   0.000      0.000      0.000   0.000   0.0000  0.0000      0.000      0.000   1469.103   1357.744   1464.365   1395.931 N000158
  1728.872   1356.913  -9.343   1733.368   1378.122  -9.482  -0.1284 -0.0871   1735.379   1359.359   1735.508   1359.447   1733.497   1378.199 N000159
  1370.711   1357.869 -11.855   1371.182   1405.288 -11.994   0.0863 -0.1311   1377.213   1360.312   1377.127   1360.443   1371.094   1405.425 N000160
  3972.483   1361.101  -9.347   3952.618   1231.606  -9.486  -0.0165  0.1011   3979.028   1363.573   3979.045   1363.472   3952.633   1231.506 N000161
  1747.117   1368.018 -11.214   1751.709   1387.863 -11.353   0.1169  0.0183   1753.625   1370.465   1753.508   1370.447   1751.591   1387.853 N000162
     0.000      0.000   0.000      0.000      0.000   0.000   0.0000  0.0000      0.000      0.000   2207.015   1370.452   2206.552   1355.639 N000163
     0.000      0.000   0.000      0.000      0.000   0.000   0.0000  0.0000      0.000      0.000   2515.520   1371.830   2513.973   1335.647 N000164
  2192.685   1374.721 -10.941   2198.738   1362.858 -11.080   0.1851  0.2210   2199.200   1377.173   2199.015   1376.952   2198.553   1362.652 N000165
     0.000      0.000   0.000      0.000      0.000   0.000   0.0000  0.0000      0.000      0.000   2949.527   1381.349   2943.907   1315.677 N000166
     0.000      0.000   0.000      0.000      0.000   0.000   0.0000  0.0000      0.000      0.000   1410.501   1389.944   1404.796   1432.407 N000167
     0.000      0.000   0.000      0.000      0.000   0.000   0.0000  0.0000      0.000      0.000   1008.463   1390.439    995.201   1463.259 N000168
     0.000      0.000   0.000      0.000      0.000   0.000   0.0000  0.0000      0.000      0.000   3374.462   1393.965   3362.183   1300.074 N000169
     0.000      0.000   0.000      0.000      0.000   0.000   0.0000  0.0000      0.000      0.000   2185.014   1404.853   2184.535   1391.339 N000170
  1666.387   1403.214 -11.201   1670.185   1428.784 -11.340  -0.1135  0.2144   1672.892   1405.661   1673.005   1405.447   1670.300   1428.562 N000171
  3366.431   1403.393  -8.940   3360.782   1311.893  -9.079  -0.0690 -0.1069   3372.964   1405.859   3373.033   1405.966   3360.850   1311.994 N000172
  1633.722   1412.345  -9.645   1637.169   1440.273  -9.784  -0.1950 -0.1554   1640.226   1414.791   1640.421   1414.947   1637.365   1440.414 N000173
     0.000      0.000   0.000      0.000      0.000   0.000   0.0000  0.0000      0.000      0.000   1156.996   1424.442   1146.694   1485.968 N000174
     0.000      0.000   0.000      0.000      0.000   0.000   0.0000  0.0000      0.000      0.000   2179.013   1427.578   2178.512   1414.338 N000175
  3240.969   1428.402  -9.318   3237.691   1344.780  -9.457  -0.0309 -0.0984   3247.500   1430.866   3247.530   1430.965   3237.722   1344.875 N000176
  1902.944   1429.209  -9.523   1908.309   1437.576  -9.662  -0.0820  0.2349   1909.453   1431.659   1909.535   1431.424   1908.392   1437.336 N000177
     0.000      0.000   0.000      0.000      0.000   0.000   0.0000  0.0000      0.000      0.000   1404.500   1434.915   1398.452   1477.785 N000178
   610.055   1435.411  -9.012    591.854   1541.539  -9.150   0.0548 -0.0894    616.541   1437.846    616.487   1437.936    591.796   1541.633 N000179
  2587.898   1456.119  -9.764   2592.468   1416.170  -9.903  -0.1019  0.1190   2594.417   1458.577   2594.519   1458.458   2592.569   1416.045 N000180
     0.000      0.000   0.000      0.000      0.000   0.000   0.0000  0.0000      0.000      0.000   2424.516   1461.956   2423.489   1431.282 N000181
  2121.069   1466.470  -9.278   2127.004   1459.081  -9.417   0.0685 -0.0305   2127.579   1468.923   2127.511   1468.953   2126.936   1459.116 N000182
   920.273   1469.670  -8.836    910.798   1551.519  -8.975  -0.0049  0.0586    926.764   1472.110    926.768   1472.051    910.804   1551.460 N000183
     0.000      0.000   0.000      0.000      0.000   0.000   0.0000  0.0000      0.000      0.000   2906.049   1482.962   2901.281   1419.060 N000184
     0.000      0.000   0.000      0.000      0.000   0.000   0.0000  0.0000      0.000      0.000   1216.695   1487.143   1207.111   1544.227 N000185
  1836.327   1487.314 -12.723   1841.150   1500.281 -12.862  -0.1725 -0.1859   1842.833   1489.765   1843.005   1489.950   1841.323   1500.454 N000186
     0.000      0.000   0.000      0.000      0.000   0.000   0.0000  0.0000      0.000      0.000   1470.032   1492.946   1464.590   1530.905 N000187
  1754.151   1492.401  -9.975   1758.359   1511.337 -10.114   0.1510 -0.0987   1760.655   1494.851   1760.504   1494.950   1758.206   1511.447 N000188
     0.000      0.000   0.000      0.000      0.000   0.000   0.0000  0.0000      0.000      0.000   1537.000   1498.947   1532.401   1531.914 N000189
  1563.908   1501.996  -9.312   1566.181   1534.925  -9.451  -0.0923 -0.0035   1570.408   1504.444   1570.500   1504.448   1566.274   1534.922 N000190
  2124.801   1503.739 -10.568   2130.684   1495.896 -10.707  -0.1715  0.2391   2131.310   1506.193   2131.482   1505.954   2130.856   1495.646 N000191
     0.000      0.000   0.000      0.000      0.000   0.000   0.0000  0.0000      0.000      0.000   1167.630   1509.943   1156.903   1570.834 N000192
  2262.122   1514.117  -9.709   2267.999   1496.476  -9.848  -0.9608  2.0333   2268.634   1516.572   2269.595   1514.539   2268.961   1494.386 N000193
  1399.461   1535.311 -11.683   1399.307   1580.549 -11.822  -0.0391 -0.1893   1405.957   1537.757   1405.996   1537.947   1399.345   1580.735 N000194
  2175.740   1535.558 -10.290   2181.616   1523.935 -10.428   0.1569  0.0584   2182.249   1538.014   2182.092   1537.955   2181.459   1523.888 N000195
  2231.942   1536.746 -10.447   2237.815   1521.122 -10.586  -0.0320 -0.1746   2238.452   1539.202   2238.484   1539.377   2237.847   1521.294 N000196
  4004.608   1538.849 -12.262   3985.484   1404.338 -12.401   0.1081 -0.1515   4011.147   1541.324   4011.039   1541.476   3985.380   1404.494 N000197
   920.433   1539.851  -9.784    910.299   1622.027  -9.923  -0.9006 -0.5654    926.921   1542.293    927.822   1542.858    911.218   1622.525 N000198
  2332.730   1544.874 -10.906   2338.467   1522.074 -11.045  -0.1228 -0.1256   2339.242   1547.332   2339.364   1547.457   2338.589   1522.190 N000199
     0.000      0.000   0.000      0.000      0.000   0.000   0.0000  0.0000      0.000      0.000    492.981   1549.437    462.646   1664.021 N000200
     0.000      0.000   0.000      0.000      0.000   0.000   0.0000  0.0000      0.000      0.000   1855.003   1563.524   1853.158   1572.972 N000201
  1673.908   1563.559 -10.448   1677.094   1588.299 -10.587  -0.0924  0.0588   1680.407   1566.009   1680.500   1565.950   1677.188   1588.233 N000202
     0.000      0.000   0.000      0.000      0.000   0.000   0.0000  0.0000      0.000      0.000   1892.003   1566.953   1890.373   1573.693 N000203
  3054.146   1577.856  -9.579   3054.301   1504.972  -9.718   0.1457 -0.1440   3060.668   1580.322   3060.522   1580.466   3054.158   1505.124 N000204
  1830.492   1585.694 -10.461   1834.933   1598.872 -10.599  -0.0078  0.1936   1836.994   1588.146   1837.002   1587.952   1834.942   1598.678 N000205
  2022.180   1585.900 -11.547   2027.639   1585.110 -11.686   0.1799 -0.1000   2028.685   1588.355   2028.505   1588.455   2027.458   1585.222 N000206
     0.000      0.000   0.000      0.000      0.000   0.000   0.0000  0.0000      0.000      0.000    601.981   1600.324    574.892   1706.508 N000207
     0.000      0.000   0.000      0.000      0.000   0.000   0.0000  0.0000      0.000      0.000   1257.992   1600.946   1248.350   1655.168 N000208
  1845.617   1606.450  -9.828   1850.091   1618.488  -9.967   0.1174 -0.0500   1852.119   1608.903   1852.001   1608.953   1849.972   1618.547 N000209
     0.000      0.000   0.000      0.000      0.000   0.000   0.0000  0.0000      0.000      0.000   1683.498   1609.451   1680.016   1631.501 N000210
     0.000      0.000   0.000      0.000      0.000   0.000   0.0000  0.0000      0.000      0.000   1401.494   1610.915   1394.300   1654.171 N000211
     0.000      0.000   0.000      0.000      0.000   0.000   0.0000  0.0000      0.000      0.000   1720.525   1614.452   1717.387   1633.751 N000212
     0.000      0.000   0.000      0.000      0.000   0.000   0.0000  0.0000      0.000      0.000   2039.504   1629.956   2038.390   1625.814 N000213
  2210.594   1639.087  -9.532   2216.326   1624.544  -9.671   0.0936  0.0872   2217.100   1641.545   2217.006   1641.458   2216.233   1624.464 N000214
  2771.196   1651.470 -10.819   2774.625   1597.323 -10.958   0.1607 -0.0303   2777.711   1653.934   2777.551   1653.964   2774.466   1597.364 N000215
  1060.562   1653.142  -9.903   1052.854   1724.943 -10.041   0.0617  0.1419   1067.048   1655.587   1066.987   1655.445   1052.792   1724.805 N000216
     0.000      0.000   0.000      0.000      0.000   0.000   0.0000  0.0000      0.000      0.000   1939.001   1655.455   1937.350   1658.600 N000217
  2410.321   1653.340 -10.262   2415.801   1624.496 -10.401  -0.1509 -0.1323   2416.830   1655.800   2416.981   1655.932   2415.952   1624.617 N000218
     0.000      0.000   0.000      0.000      0.000   0.000   0.0000  0.0000      0.000      0.000   1204.988   1670.947   1193.724   1729.574 N000219
     0.000      0.000   0.000      0.000      0.000   0.000   0.0000  0.0000      0.000      0.000   1280.490   1670.948   1270.728   1723.704 N000220
  1215.609   1672.487 -12.451   1211.148   1732.248 -12.590   0.1089 -0.0126   1222.098   1674.935   1221.989   1674.947   1211.036   1732.269 N000221
     0.000      0.000   0.000      0.000      0.000   0.000   0.0000  0.0000      0.000      0.000   2396.446   1676.179   2395.455   1646.235 N000222
     0.000      0.000   0.000      0.000      0.000   0.000   0.0000  0.0000      0.000      0.000   2117.303   1695.758   2116.266   1685.807 N000223
     0.000      0.000   0.000      0.000      0.000   0.000   0.0000  0.0000      0.000      0.000   2515.009   1697.504   2513.616   1659.048 N000224
     0.000      0.000   0.000      0.000      0.000   0.000   0.0000  0.0000      0.000      0.000    171.970   1697.970    126.118   1841.337 N000225
     0.000      0.000   0.000      0.000      0.000   0.000   0.0000  0.0000      0.000      0.000   3363.047   1699.995   3352.600   1603.123 N000226
     0.000      0.000   0.000      0.000      0.000   0.000   0.0000  0.0000      0.000      0.000   1270.072   1707.449   1259.815   1761.187 N000227
  2072.775   1707.175 -10.070   2078.093   1702.426 -10.209  -0.0002  0.1754   2079.276   1709.633   2079.277   1709.458   2078.094   1702.251 N000228
     0.000      0.000   0.000      0.000      0.000   0.000   0.0000  0.0000      0.000      0.000   1684.995   1718.353   1680.984   1740.386 N000229
     0.000      0.000   0.000      0.000      0.000   0.000   0.0000  0.0000      0.000      0.000   1522.492   1730.952   1516.350   1765.330 N000230
  2963.193   1729.028  -9.990   2964.901   1661.073 -10.129   0.1933  0.0282   2969.709   1731.496   2969.516   1731.468   2964.709   1661.058 N000231
     0.000      0.000   0.000      0.000      0.000   0.000   0.0000  0.0000      0.000      0.000   2327.005   1732.961   2326.074   1707.774 N000232
     0.000      0.000   0.000      0.000      0.000   0.000   0.0000  0.0000      0.000      0.000   3710.027   1747.576   3693.160   1627.240 N000233
     0.000      0.000   0.000      0.000      0.000   0.000   0.0000  0.0000      0.000      0.000   2125.500   1767.659   2124.309   1756.991 N000234
  1931.170   1767.380 -10.557   1935.589   1773.018 -10.696   0.1698 -0.1200   1937.667   1769.837   1937.497   1769.957   1935.418   1773.151 N000235
     0.000      0.000   0.000      0.000      0.000   0.000   0.0000  0.0000      0.000      0.000   2255.002   1773.461   2254.024   1753.364 N000236
  1415.723   1773.261 -10.328   1414.183   1817.983 -10.467  -0.0420  0.0842   1422.211   1775.712   1422.253   1775.628   1414.226   1817.895 N000237
  1996.227   1773.842 -10.972   2001.002   1774.658 -11.111   0.2022 -0.1579   2002.725   1776.300   2002.523   1776.458   2000.798   1774.831 N000238
     0.000      0.000   0.000      0.000      0.000   0.000   0.0000  0.0000      0.000      0.000   1551.400   1780.499   1545.346   1812.848 N000239
  1533.002   1785.250 -10.518   1533.227   1820.994 -10.657   0.0019  0.2500   1539.492   1787.703   1539.490   1787.453   1533.227   1820.743 N000240
  1644.590   1786.258  -9.998   1646.293   1813.484 -10.136   0.0897 -0.0086   1651.082   1788.713   1650.992   1788.721   1646.202   1813.500 N000241
     0.000      0.000   0.000      0.000      0.000   0.000   0.0000  0.0000      0.000      0.000   1964.497   1794.458   1962.485   1795.655 N000242
  1453.256   1795.065  -9.620   1452.184   1836.995  -9.759  -0.1364  0.0651   1459.745   1797.518   1459.881   1797.453   1452.323   1836.919 N000243
     0.000      0.000   0.000      0.000      0.000   0.000   0.0000  0.0000      0.000      0.000   1411.987   1801.952   1403.592   1845.154 N000244
  1178.341   1805.366  -9.529   1171.902   1868.895  -9.668  -0.1585 -0.0955   1184.825   1807.816   1184.983   1807.911   1172.063   1868.979 N000245
  2945.049   1806.642 -10.457   2947.122   1739.455 -10.596   0.0491  0.1418   2951.562   1809.111   2951.513   1808.969   2947.074   1739.318 N000246
  2039.701   1808.663 -10.198   2044.568   1806.266 -10.337   0.2011  0.1627   2046.199   1811.122   2045.998   1810.959   2044.366   1806.118 N000247
  1264.270   1808.823  -9.886   1259.626   1865.583 -10.025  -0.0630 -0.1766   1270.755   1811.274   1270.818   1811.451   1259.689   1865.756 N000248
   762.139   1811.745 -10.344    744.372   1908.995 -10.483   0.1390  0.1922    768.615   1814.190    768.476   1813.998    744.231   1908.812 N000249
     0.000      0.000   0.000      0.000      0.000   0.000   0.0000  0.0000      0.000      0.000   2456.004   1815.464   2454.756   1780.803 N000250
     0.000      0.000   0.000      0.000      0.000   0.000   0.0000  0.0000      0.000      0.000   2095.498   1818.817   2094.055   1810.322 N000251
     0.000      0.000   0.000      0.000      0.000   0.000   0.0000  0.0000      0.000      0.000   1865.994   1819.458   1863.187   1828.052 N000252
  1274.851   1822.626  -9.968   1270.298   1878.649 -10.107  -0.1494  0.1261   1281.335   1825.077   1281.484   1824.951   1270.451   1878.510 N000253
  1978.194   1822.214  -8.941   1982.684   1824.388  -9.080   0.1103  0.0469   1984.690   1824.673   1984.579   1824.626   1982.573   1824.349 N000254
  1193.026   1823.641 -11.779   1186.738   1886.147 -11.918   0.0256  0.1410   1199.509   1826.091   1199.483   1825.950   1186.713   1886.007 N000255
  2353.378   1822.698  -9.579   2358.801   1797.393  -9.718  -0.1217 -0.7112   2359.881   1825.161   2360.002   1825.872   2358.922   1798.094 N000256
     0.000      0.000   0.000      0.000      0.000   0.000   0.0000  0.0000      0.000      0.000   2775.009   1825.968   2772.171   1768.579 N000257
  2273.119   1825.432  -9.398   2278.559   1805.931  -9.537   0.1187 -0.0675   2279.620   1827.895   2279.501   1827.962   2278.440   1806.007 N000258
  1870.772   1825.941  -9.639   1874.506   1836.162  -9.778  -0.1568 -0.0588   1877.266   1828.399   1877.423   1828.458   1874.664   1836.209 N000259
  2808.467   1832.606 -10.529   2811.838   1774.836 -10.668  -0.0328  0.1062   2814.977   1835.075   2815.010   1834.968   2811.870   1774.728 N000260
  2151.724   1833.801 -11.363   2156.947   1823.153 -11.502   0.2243 -0.1986   2158.223   1836.263   2157.999   1836.461   2156.721   1823.368 N000261
     0.000      0.000   0.000      0.000      0.000   0.000   0.0000  0.0000      0.000      0.000   1158.565   1839.533   1144.740   1902.960 N000262
     0.000      0.000   0.000      0.000      0.000   0.000   0.0000  0.0000      0.000      0.000   1472.487   1840.516   1464.818   1879.237 N000263
  3810.205   1846.894 -11.077   3798.237   1720.982 -11.216   0.0146 -0.1058   3816.731   1849.374   3816.716   1849.480   3798.224   1721.088 N000264
     0.000      0.000   0.000      0.000      0.000   0.000   0.0000  0.0000      0.000      0.000   1500.987   1850.454   1493.700   1887.020 N000265
  2993.147   1848.759 -11.057   2994.803   1778.003 -11.196   0.1471  0.1403   2999.659   1851.230   2999.512   1851.090   2994.657   1777.874 N000266
     0.000      0.000   0.000      0.000      0.000   0.000   0.0000  0.0000      0.000      0.000   1047.480   1854.949   1030.799   1927.437 N000267
  1016.358   1855.458 -10.915   1005.479   1932.417 -11.054  -0.1422 -0.0418   1022.837   1857.907   1022.979   1857.949   1005.624   1932.448 N000268
  2242.463   1862.658 -11.183   2247.800   1845.363 -11.322  -0.0365  0.1579   2248.963   1865.121   2248.999   1864.963   2247.837   1845.202 N000269
  1761.490   1864.337 -10.873   1764.039   1882.925 -11.012  -0.0096 -0.1242   1767.982   1866.795   1767.991   1866.919   1764.048   1883.049 N000270
     0.000      0.000   0.000      0.000      0.000   0.000   0.0000  0.0000      0.000      0.000    278.966   1875.941    235.036   2013.044 N000271
  2148.661   1873.094 -14.201   2153.763   1862.681 -14.340   0.1612  0.0723   2155.158   1875.556   2154.997   1875.484   2153.601   1862.621 N000272
  1208.690   1876.784  -9.762   1202.237   1938.483  -9.901  -0.2745 -0.0734   1215.171   1879.235   1215.446   1879.309   1202.515   1938.535 N000273
     0.000      0.000   0.000      0.000      0.000   0.000   0.0000  0.0000      0.000      0.000   2286.999   1881.464   2285.840   1858.926 N000274
  2585.678   1882.598 -13.191   2590.419   1840.479 -13.330   0.1777  0.0979   2592.182   1885.065   2592.004   1884.967   2590.242   1840.394 N000275
  1631.248   1887.196  -9.191   1632.158   1915.850  -9.330  -0.2021  0.1459   1637.736   1889.652   1637.938   1889.507   1632.364   1915.688 N000276
     0.000      0.000   0.000      0.000      0.000   0.000   0.0000  0.0000      0.000      0.000   1377.020   1890.454   1367.282   1936.961 N000277
     0.000      0.000   0.000      0.000      0.000   0.000   0.0000  0.0000      0.000      0.000   2726.975   1892.969   2724.506   1838.743 N000278
  1071.741   1896.304 -10.916   1061.851   1969.197 -11.055   0.2413 -0.1958   1078.220   1898.755   1077.979   1898.950   1061.601   1969.414 N000279
     0.000      0.000   0.000      0.000      0.000   0.000   0.0000  0.0000      0.000      0.000    959.905   1901.949    940.334   1982.056 N000280
  1788.167   1903.216 -10.170   1790.769   1919.914 -10.309   0.1666  0.2161   1794.657   1905.675   1794.490   1905.459   1790.602   1919.710 N000281
  2476.272   1903.920 -11.632   2481.370   1869.637 -11.771  -0.2277 -0.0800   2482.774   1906.386   2483.002   1906.466   2481.597   1869.700 N000282
  1733.295   1907.519 -11.307   1735.301   1928.428 -11.446  -0.2048  0.0193   1739.784   1909.977   1739.989   1909.958   1735.508   1928.393 N000283
     0.000      0.000   0.000      0.000      0.000   0.000   0.0000  0.0000      0.000      0.000   1287.881   1918.953   1276.122   1972.748 N000284
     0.000      0.000   0.000      0.000      0.000   0.000   0.0000  0.0000      0.000      0.000    971.976   1928.012    952.437   2007.432 N000285
     0.000      0.000   0.000      0.000      0.000   0.000   0.0000  0.0000      0.000      0.000    494.968   1930.945     -1.000     -1.000 N000286
     0.000      0.000   0.000      0.000      0.000   0.000   0.0000  0.0000      0.000      0.000   2668.504   1936.897   2666.371   1886.744 N000287
     0.000      0.000   0.000      0.000      0.000   0.000   0.0000  0.0000      0.000      0.000   2631.586   1939.469   2629.628   1891.959 N000288
     0.000      0.000   0.000      0.000      0.000   0.000   0.0000  0.0000      0.000      0.000   2726.505   1939.970   2724.051   1885.663 N000289
     0.000      0.000   0.000      0.000      0.000   0.000   0.0000  0.0000      0.000      0.000   2291.747   1946.527   2290.449   1923.664 N000290
  2451.776   1954.338 -11.094   2456.862   1921.795 -11.233  -0.2236 -0.1623   2458.276   1956.805   2458.500   1956.967   2457.085   1921.941 N000291
     0.000      0.000   0.000      0.000      0.000   0.000   0.0000  0.0000      0.000      0.000   2654.503   1957.469   2652.430   1908.289 N000292
  3182.557   1956.485 -12.052   3182.240   1872.074 -12.191   0.0573 -0.0147   3189.069   1958.960   3189.012   1958.975   3182.184   1872.093 N000293
     0.000      0.000   0.000      0.000      0.000   0.000   0.0000  0.0000      0.000      0.000   1408.482   1963.955   1398.702   2008.559 N000294
  3863.155   1961.601  -9.326   3850.839   1831.169  -9.465   0.9551  0.1013   3869.678   1964.084   3868.723   1963.983   3849.903   1831.131 N000295
     0.000      0.000   0.000      0.000      0.000   0.000   0.0000  0.0000      0.000      0.000    529.467   1965.946     -1.000     -1.000 N000296
  2103.840   1963.592 -11.543   2108.457   1956.660 -11.682  -0.1599  0.0920   2110.333   1966.055   2110.493   1965.963   2108.618   1956.556 N000297
     0.000      0.000   0.000      0.000      0.000   0.000   0.0000  0.0000      0.000      0.000   1126.977   1968.452   1111.072   2035.685 N000298
  2447.000   1973.365 -10.301   2452.065   1941.173 -10.440  -0.0000 -0.1347   2453.499   1975.833   2453.499   1975.967   2452.065   1941.308 N000299
     0.000      0.000   0.000      0.000      0.000   0.000   0.0000  0.0000      0.000      0.000    589.968   1982.947     -1.000     -1.000 N000300
  2875.104   1979.732  -8.699   2878.082   1916.781  -8.837   0.3041 -0.0684   2881.610   1982.204   2881.306   1982.272   2877.780   1916.871 N000301
     0.000      0.000   0.000      0.000      0.000   0.000   0.0000  0.0000      0.000      0.000   2557.100   2001.469   2555.383   1959.290 N000302
     0.000      0.000   0.000      0.000      0.000   0.000   0.0000  0.0000      0.000      0.000   2827.004   2007.472   2823.918   1945.881 N000303
   167.993   2007.897 -13.368    127.906   2107.558 -13.507  -0.0067 -0.1028    174.453   2010.340    174.460   2010.443    127.911   2107.662 N000304
     0.000      0.000   0.000      0.000      0.000   0.000   0.0000  0.0000      0.000      0.000   1399.430   2013.956     -1.000     -1.000 N000305
     0.000      0.000   0.000      0.000      0.000   0.000   0.0000  0.0000      0.000      0.000   2016.990   2016.963   2014.366   2014.765 N000306
     0.000      0.000   0.000      0.000      0.000   0.000   0.0000  0.0000      0.000      0.000   3160.209   2023.876   3153.918   1938.744 N000307
  2461.856   2030.100  -9.140   2466.806   1996.869  -9.279  -0.1443  0.0996   2468.353   2032.568   2468.497   2032.469   2466.950   1996.759 N000308
  2374.936   2030.690  -9.775   2379.965   2003.829  -9.914  -0.0638 -0.2604   2381.432   2033.157   2381.496   2033.418   2380.028   2004.085 N000309
  3055.566   2046.099  -9.962   3056.948   1970.254 -10.101   0.0661  0.0991   3062.073   2048.575   3062.006   2048.476   3056.882   1970.160 N000310
  2157.627   2047.990  -9.077   2162.165   2037.314  -9.216   0.1267 -0.0101   2164.118   2050.456   2163.991   2050.466   2162.038   2037.334 N000311
  2354.086   2056.228 -12.365   2359.058   2030.958 -12.504   0.0864  0.1653   2360.581   2058.696   2360.494   2058.530   2358.972   2030.799 N000312
  2557.632   2060.243  -9.334   2562.319   2020.061  -9.473   0.0609 -0.1146   2564.130   2062.713   2564.069   2062.828   2562.258   2020.180 N000313
  3119.595   2072.333 -11.569   3120.328   1991.930 -11.708   0.0950 -0.1668   3126.102   2074.810   3126.007   2074.977   3120.234   1992.103 N000314
     0.000      0.000   0.000      0.000      0.000   0.000   0.0000  0.0000      0.000      0.000   2533.996   2095.471     -1.000     -1.000 N000315
  1732.887   2095.094 -11.710   1737.381   2064.808 -11.849  -0.1133  0.0935   1739.370   2097.555   1739.483   2097.462   1737.496   2064.705 N000316
  1604.825   2100.860  -9.445   1607.682   2080.649  -9.584   0.2134 -0.1403   1611.305   2103.320   1611.092   2103.461   1607.465   2080.807 N000317
     0.000      0.000   0.000      0.000      0.000   0.000   0.0000  0.0000      0.000      0.000   1974.486   2123.965   1974.545   2073.205 N000318
     0.000      0.000   0.000      0.000      0.000   0.000   0.0000  0.0000      0.000      0.000   1374.976   2128.459   1367.193   2124.926 N000319
   811.432   2130.321 -11.924    795.586   2175.762 -12.062  -0.0685 -0.1790    817.898   2132.773    817.966   2132.952    795.655   2175.938 N000320
     0.000      0.000   0.000      0.000      0.000   0.000   0.0000  0.0000      0.000      0.000   1453.592   2141.460   1447.194   2131.690 N000321
     0.000      0.000   0.000      0.000      0.000   0.000   0.0000  0.0000      0.000      0.000   1948.485   2141.903   1948.289   2093.227 N000322
  2323.978   2141.190  -9.482   2331.956   2066.034  -9.621  -0.0216  0.1487   2330.469   2143.660   2330.491   2143.511   2331.978   2065.883 N000323
     0.000      0.000   0.000      0.000      0.000   0.000   0.0000  0.0000      0.000      0.000   1975.985   2156.466   1975.944   2105.758 N000324
  2225.339   2155.908 -11.239   2233.115   2088.198 -11.378  -0.1347 -0.0917   2231.828   2158.377   2231.963   2158.469   2233.250   2088.280 N000325
   509.070   2157.417 -11.714    481.804   2229.614 -11.852   0.0697 -0.0827    515.530   2159.867    515.460   2159.950    481.730   2229.704 N000326
  2086.297   2159.369 -10.294   2093.483   2102.219 -10.433  -0.2026 -0.1312   2092.784   2161.836   2092.987   2161.967   2093.686   2102.335 N000327
  2050.851   2164.476 -12.465   2057.819   2110.058 -12.604  -0.1247 -0.0235   2057.337   2166.943   2057.462   2166.967   2057.945   2110.072 N000328
     0.000      0.000   0.000      0.000      0.000   0.000   0.0000  0.0000      0.000      0.000   2169.988   2168.468   2171.042   2103.007 N000329
  1638.289   2175.109 -11.105   1641.163   2152.835 -11.244  -0.2107  0.1088   1644.768   2177.571   1644.979   2177.463   1641.377   2152.709 N000330
  1728.562   2174.986 -10.583   1732.595   2145.591 -10.722   0.0624 -0.0143   1735.042   2177.449   1734.980   2177.464   1732.532   2145.610 N000331
     0.000      0.000   0.000      0.000      0.000   0.000   0.0000  0.0000      0.000      0.000   2455.492   2181.472   2456.919   2094.613 N000332
     0.000      0.000   0.000      0.000      0.000   0.000   0.0000  0.0000      0.000      0.000   2254.488   2184.469   2255.792   2112.673 N000333
  1763.290   2185.206 -11.293   1767.667   2153.165 -11.432  -0.1837  0.1799   1769.770   2187.670   1769.954   2187.490   1767.854   2152.969 N000334
  2502.619   2190.871  -9.818   2510.449   2102.528  -9.957   0.1190 -0.1292   2509.111   2193.343   2508.992   2193.472   2510.330   2102.666 N000335
  1449.197   2191.837  -9.971   1448.920   2184.877 -10.110   0.1970 -0.1634   1455.672   2194.297   1455.475   2194.461   1448.718   2185.058 N000336
     0.000      0.000   0.000      0.000      0.000   0.000   0.0000  0.0000      0.000      0.000   1336.473   2201.026   1327.320   2201.407 N000337
  1178.146   2200.326  -9.820   1172.004   2215.738  -9.959   0.1465 -0.1740   1184.617   2202.784   1184.470   2202.958   1171.852   2215.927 N000338
  3153.122   2200.440 -11.267   3156.610   2064.937 -11.406   0.1222 -0.0599   3159.625   2202.920   3159.503   2202.980   3156.489   2065.006 N000339
     0.000      0.000   0.000      0.000      0.000   0.000   0.0000  0.0000      0.000      0.000   3577.510   2202.984     -1.000     -1.000 N000340
  1108.114   2206.076 -11.748   1100.155   2227.417 -11.887   0.1143  0.0762   1114.583   2208.533   1114.469   2208.457   1100.039   2227.349 N000341
  1236.239   2216.761 -11.114   1231.317   2227.556 -11.252   0.0012 -0.0724   1242.710   2219.220   1242.709   2219.292   1231.315   2227.629 N000342
  2552.403   2220.849 -11.179   2560.131   2128.875 -11.318  -0.0966 -0.1513   2558.896   2223.322   2558.992   2223.474   2560.228   2129.019 N000343
     0.000      0.000   0.000      0.000      0.000   0.000   0.0000  0.0000      0.000      0.000   1505.562   2239.462   1499.357   2226.476 N000344
  3033.945   2241.198  -9.271   3038.867   2114.113  -9.410  -0.0549  0.1593   3040.445   2243.677   3040.499   2243.518   3038.921   2113.950 N000345
     0.000      0.000   0.000      0.000      0.000   0.000   0.0000  0.0000      0.000      0.000   2156.485   2250.970   2157.274   2186.947 N000346
   437.584   2251.693 -11.543    405.991   2332.028 -11.682   0.0843  0.1930    444.040   2254.144    443.956   2253.951    405.906   2331.839 N000347
     0.000      0.000   0.000      0.000      0.000   0.000   0.0000  0.0000      0.000      0.000   3187.751   2260.481   3184.677   2120.362 N000348
  1379.207   2258.392 -10.483   1377.031   2257.901 -10.622   0.2065 -0.1083   1385.678   2260.853   1385.471   2260.961   1376.819   2258.027 N000349
  1305.814   2261.572 -12.376   1302.052   2267.177 -12.515  -0.1864  0.0721   1312.284   2264.033   1312.470   2263.961   1302.243   2267.089 N000350
  2148.713   2272.369 -10.296   2155.909   2211.057 -10.435   0.2133 -0.1308   2155.197   2274.839   2154.984   2274.970   2155.694   2211.205 N000351
  2591.404   2274.446 -11.124   2599.055   2179.708 -11.263  -0.0957 -0.0542   2597.895   2276.921   2597.991   2276.975   2599.150   2179.755 N000352
  1352.298   2277.160 -11.195   1349.396   2279.123 -11.334  -0.2019  0.1360   1358.768   2279.621   1358.970   2279.485   1349.603   2278.968 N000353
     0.000      0.000   0.000      0.000      0.000   0.000   0.0000  0.0000      0.000      0.000   3236.501   2279.982   3232.944   2136.359 N000354
     0.000      0.000   0.000      0.000      0.000   0.000   0.0000  0.0000      0.000      0.000   2309.944   2280.972   2311.196   2205.397 N000355
  2742.022   2279.093  -9.823   2749.139   2173.240  -9.962  -1.4779 -0.4068   2748.515   2281.570   2749.993   2281.977   2750.610   2173.539 N000356
   985.309   2282.649  -9.734    973.117   2315.531  -9.873  -0.1905  0.1492    991.774   2285.107    991.964   2284.957    973.315   2315.363 N000357
   389.758   2287.740 -10.484    355.543   2373.120 -10.623  -0.0194 -0.0653    396.212   2290.191    396.232   2290.257    355.562   2373.185 N000358
  1740.216   2289.398  -9.746   1743.745   2260.081  -9.885   0.7163  1.3477   1746.693   2291.864   1745.976   2290.516   1743.027   2258.777 N000359
     0.000      0.000   0.000      0.000      0.000   0.000   0.0000  0.0000      0.000      0.000   1246.468   2295.032   1234.448   2304.069 N000360
  2658.265   2295.478 -11.010   2665.732   2195.841 -11.149   0.2371 -0.0217   2664.756   2297.955   2664.519   2297.976   2665.495   2195.880 N000361
     0.000      0.000   0.000      0.000      0.000   0.000   0.0000  0.0000      0.000      0.000   1732.476   2303.466   1729.278   2272.928 N000362
  1251.436   2303.882 -10.225   1246.045   2314.583 -10.364   0.0509 -0.1184   1257.903   2306.343   1257.852   2306.461   1245.992   2314.707 N000363
     0.000      0.000   0.000      0.000      0.000   0.000   0.0000  0.0000      0.000      0.000   1722.475   2306.299   1719.129   2276.587 N000364
  1986.798   2306.614 -10.499   1992.787   2258.071 -10.638   0.0484  0.1144   1993.278   2309.083   1993.230   2308.969   1992.739   2257.959 N000365
     0.000      0.000   0.000      0.000      0.000   0.000   0.0000  0.0000      0.000      0.000   3444.004   2310.985   3437.784   2152.653 N000366
     0.000      0.000   0.000      0.000      0.000   0.000   0.0000  0.0000      0.000      0.000   1403.470   2311.463   1394.751   2307.687 N000367
     0.000      0.000   0.000      0.000      0.000   0.000   0.0000  0.0000      0.000      0.000    570.956   2312.053    537.303   2379.777 N000368
   600.037   2309.742  -9.099    574.254   2376.758  -9.238   0.0367  0.0992    606.493   2312.196    606.457   2312.097    574.217   2376.660 N000369
     0.000      0.000   0.000      0.000      0.000   0.000   0.0000  0.0000      0.000      0.000    931.962   2312.157    911.170   2348.175 N000370
  2253.348   2312.572 -10.962   2260.874   2243.479 -11.101  -0.1521  0.0718   2259.832   2315.044   2259.984   2314.972   2261.027   2243.396 N000371
     0.000      0.000   0.000      0.000      0.000   0.000   0.0000  0.0000      0.000      0.000   2711.492   2316.977   2712.312   2211.454 N000372
     0.000      0.000   0.000      0.000      0.000   0.000   0.0000  0.0000      0.000      0.000   1676.520   2318.375   1672.462   2292.465 N000373
  1187.786   2324.703 -10.266   1180.647   2341.050 -10.405  -0.2496  0.2032   1194.252   2327.164   1194.502   2326.961   1180.905   2340.823 N000374
     0.000      0.000   0.000      0.000      0.000   0.000   0.0000  0.0000      0.000      0.000   2435.415   2328.403   2436.741   2243.550 N000375
     0.000      0.000   0.000      0.000      0.000   0.000   0.0000  0.0000      0.000      0.000   2111.481   2329.971   2111.760   2269.936 N000376
     0.000      0.000   0.000      0.000      0.000   0.000   0.0000  0.0000      0.000      0.000   1682.374   2336.466   1678.281   2310.284 N000377
  2144.127   2336.132 -11.527   2151.092   2275.601 -11.666   0.1274  0.1321   2150.609   2338.604   2150.481   2338.471   2150.965   2275.478 N000378
   559.997   2343.305 -10.256    532.119   2414.583 -10.395  -0.0028 -0.1640    566.452   2345.759    566.455   2345.923    532.119   2414.750 N000379
     0.000      0.000   0.000      0.000      0.000   0.000   0.0000  0.0000      0.000      0.000   1103.993   2349.960   1087.784   2371.852 N000380
     0.000      0.000   0.000      0.000      0.000   0.000   0.0000  0.0000      0.000      0.000   1468.178   2351.922   1460.390   2343.348 N000381
  1657.263   2364.588 -10.966   1659.160   2342.723 -11.105  -0.1811  0.0880   1663.736   2367.055   1663.917   2366.967   1659.344   2342.619 N000382
     0.000      0.000   0.000      0.000      0.000   0.000   0.0000  0.0000      0.000      0.000   2451.485   2369.288   2452.769   2283.428 N000383
  2506.517   2367.096 -10.231   2514.280   2279.063 -10.370   0.0172  0.0959   2513.004   2369.572   2512.986   2369.476   2514.263   2278.968 N000384
     0.000      0.000   0.000      0.000      0.000   0.000   0.0000  0.0000      0.000      0.000   2022.478   2374.971   2021.944   2322.230 N000385
     0.000      0.000   0.000      0.000      0.000   0.000   0.0000  0.0000      0.000      0.000   1273.916   2376.412   1261.744   2384.346 N000386
  2680.526   2373.946  -9.642   2687.974   2272.910  -9.781   0.0263 -0.0536   2687.015   2376.425   2686.989   2376.478   2687.948   2272.966 N000387
   346.815   2387.078 -10.072    309.044   2478.618 -10.211  -0.1848  0.0779    353.265   2389.531    353.450   2389.453    309.239   2478.521 N000388
     0.000      0.000   0.000      0.000      0.000   0.000   0.0000  0.0000      0.000      0.000   2078.791   2389.472   2078.632   2332.454 N000389
  1688.160   2392.530 -10.381   1690.310   2368.504 -10.520   0.1597  0.0300   1694.632   2394.998   1694.472   2394.968   1690.148   2368.486 N000390
     0.000      0.000   0.000      0.000      0.000   0.000   0.0000  0.0000      0.000      0.000   1186.493   2395.903   1171.969   2411.530 N000391
     0.000      0.000   0.000      0.000      0.000   0.000   0.0000  0.0000      0.000      0.000    677.955   2396.956    647.241   2456.896 N000392
   386.768   2407.827 -10.578    350.468   2496.216 -10.717  -0.1696 -0.1732    393.218   2410.280    393.387   2410.453    350.642   2496.378 N000393
  1635.588   2418.306 -10.597   1636.753   2398.868 -10.736   0.0877 -0.1936   1642.058   2420.774   1641.970   2420.968   1636.662   2399.071 N000394
     0.000      0.000   0.000      0.000      0.000   0.000   0.0000  0.0000      0.000      0.000   2768.989   2428.980   2769.696   2319.571 N000395
  1724.479   2429.578 -11.337   1726.895   2403.072 -11.476  -0.0206  0.0777   1730.951   2432.046   1730.971   2431.969   1726.916   2402.992 N000396
  1602.311   2433.161 -10.206   1602.822   2416.637 -10.345  -0.1267  0.1607   1608.780   2435.628   1608.907   2435.467   1602.952   2416.464 N000397
  1672.260   2434.320 -11.055   1673.875   2412.106 -11.194   0.2307 -0.1804   1678.730   2436.788   1678.500   2436.968   1673.639   2412.308 N000398
  1311.992   2435.016  -9.761   1306.713   2442.629  -9.899  -0.0078  0.0162   1318.457   2437.480   1318.464   2437.464   1306.721   2442.612 N000399
     0.000      0.000   0.000      0.000      0.000   0.000   0.0000  0.0000      0.000      0.000   2483.393   2442.886   2484.604   2355.045 N000400
     0.000      0.000   0.000      0.000      0.000   0.000   0.0000  0.0000      0.000      0.000   1984.475   2445.972   1983.285   2396.900 N000401
  2961.067   2447.511 -12.554   2967.207   2325.930 -12.693   0.0671  0.0106   2967.558   2449.993   2967.491   2449.983   2967.140   2325.924 N000402
  3882.526   2452.596  -9.251   3876.086   2265.474  -9.390   0.0261  0.0403   3889.032   2455.089   3889.006   2455.049   3876.060   2265.435 N000403
  2506.427   2455.294 -11.093   2514.109   2367.783 -11.231  -0.0726 -0.1779   2512.911   2457.772   2512.983   2457.950   2514.181   2367.957 N000404
     0.000      0.000   0.000      0.000      0.000   0.000   0.0000  0.0000      0.000      0.000    468.949   2459.955    428.732   2540.178 N000405
  1639.219   2459.227 -12.778   1640.126   2440.042 -12.917   0.2186  0.0675   1645.688   2461.695   1645.469   2461.628   1639.905   2439.992 N000406
     0.000      0.000   0.000      0.000      0.000   0.000   0.0000  0.0000      0.000      0.000   1399.464   2477.466   1389.129   2476.454 N000407
     0.000      0.000   0.000      0.000      0.000   0.000   0.0000  0.0000      0.000      0.000   2282.679   2480.076   2283.352   2407.953 N000408
  1824.610   2490.543  -9.859   1827.944   2456.727  -9.998   0.1103  0.0431   1831.081   2493.014   1830.971   2492.971   1827.833   2456.692 N000409
     0.000      0.000   0.000      0.000      0.000   0.000   0.0000  0.0000      0.000      0.000   2504.782   2492.878   2505.935   2403.756 N000410
  2378.374   2491.886  -9.380   2385.823   2414.455  -9.519  -0.0978 -0.1135   2384.854   2494.364   2384.952   2494.477   2385.920   2414.562 N000411
     0.000      0.000   0.000      0.000      0.000   0.000   0.0000  0.0000      0.000      0.000   1750.470   2494.970   1746.244   2465.232 N000412
     0.000      0.000   0.000      0.000      0.000   0.000   0.0000  0.0000      0.000      0.000    711.452   2498.459    680.514   2557.627 N000413
     0.000      0.000   0.000      0.000      0.000   0.000   0.0000  0.0000      0.000      0.000   2270.478   2499.976   2271.035   2428.980 N000414
     0.000      0.000   0.000      0.000      0.000   0.000   0.0000  0.0000      0.000      0.000   2127.437   2503.436   2127.150   2443.677 N000415
     0.000      0.000   0.000      0.000      0.000   0.000   0.0000  0.0000      0.000      0.000   3021.990   2504.985   3021.380   2377.097 N000416
  1317.261   2505.206 -10.486   1311.382   2513.553 -10.625  -0.1798  0.2063   1323.723   2507.672   1323.903   2507.466   1311.568   2513.328 N000417
     0.000      0.000   0.000      0.000      0.000   0.000   0.0000  0.0000      0.000      0.000   4089.008   2516.497   4072.405   2313.058 N000418
     0.000      0.000   0.000      0.000      0.000   0.000   0.0000  0.0000      0.000      0.000   2295.569   2516.568   2296.176   2443.771 N000419
     0.000      0.000   0.000      0.000      0.000   0.000   0.0000  0.0000      0.000      0.000   2662.484   2518.981   2663.533   2418.059 N000420
     0.000      0.000   0.000      0.000      0.000   0.000   0.0000  0.0000      0.000      0.000   2004.973   2519.507   2003.602   2469.618 N000421
     0.000      0.000   0.000      0.000      0.000   0.000   0.0000  0.0000      0.000      0.000   2273.977   2529.977   2274.452   2458.993 N000422
  2220.471   2527.934  -9.812   2227.177   2463.110  -9.951  -0.0287 -0.0661   2226.948   2530.410   2226.976   2530.476   2227.206   2463.174 N000423
     0.000      0.000   0.000      0.000      0.000   0.000   0.0000  0.0000      0.000      0.000   2187.420   2531.420   2187.415   2467.233 N000424
     0.000      0.000   0.000      0.000      0.000   0.000   0.0000  0.0000      0.000      0.000   2579.649   2536.480   2580.768   2441.976 N000425
  2793.489   2533.790 -11.033   2800.652   2425.083 -11.171  -0.0107 -0.2103   2799.975   2536.272   2799.986   2536.483   2800.662   2425.294 N000426
     0.000      0.000   0.000      0.000      0.000   0.000   0.0000  0.0000      0.000      0.000   3094.990   2539.986   3093.902   2406.853 N000427
   473.142   2547.895  -9.575    438.316   2631.874  -9.714   0.1032 -0.1048    479.588   2550.353    479.485   2550.457    438.206   2631.991 N000428
     0.000      0.000   0.000      0.000      0.000   0.000   0.0000  0.0000      0.000      0.000    798.951   2570.561    770.191   2623.531 N000429
  1399.620   2568.807 -11.581   1394.955   2571.311 -11.720   0.1204 -0.1934   1406.082   2571.275   1405.961   2571.468   1394.830   2571.518 N000430
   802.189   2569.544  -9.860    780.210   2624.139  -9.999   0.1892  0.0437    808.641   2572.005    808.451   2571.961    780.015   2624.111 N000431
     0.000      0.000   0.000      0.000      0.000   0.000   0.0000  0.0000      0.000      0.000   1492.913   2573.969   1483.588   2566.734 N000432
  2637.221   2573.955 -12.963   2644.752   2477.361 -13.102   0.2210 -0.0451   2643.703   2576.437   2643.482   2576.482   2644.531   2477.423 N000433
     0.000      0.000   0.000      0.000      0.000   0.000   0.0000  0.0000      0.000      0.000   1172.931   2578.966   1155.951   2599.113 N000434
     0.000      0.000   0.000      0.000      0.000   0.000   0.0000  0.0000      0.000      0.000   2103.472   2585.476   2102.624   2528.541 N000435
     0.000      0.000   0.000      0.000      0.000   0.000   0.0000  0.0000      0.000      0.000   2327.476   2585.979   2328.007   2511.385 N000436
   944.307   2589.345 -10.738    926.930   2631.716 -10.877  -0.1933 -0.1553    950.760   2591.808    950.953   2591.963    927.127   2631.858 N000437
  1718.756   2590.816 -11.042   1719.872   2567.051 -11.181   0.1509 -0.1839   1725.222   2593.288   1725.071   2593.472   1719.717   2567.250 N000438
  2504.538   2596.074  -9.399   2512.018   2509.846  -9.538   0.0382  0.0739   2511.017   2598.555   2510.979   2598.481   2511.980   2509.774 N000439
  1263.972   2597.878  -9.809   1255.779   2612.499  -9.947  -0.0276 -0.1221   1270.430   2600.345   1270.458   2600.467   1255.806   2612.621 N000440
  2159.743   2599.279  -8.934   2165.770   2540.037  -9.073   0.1434 -0.1206   2166.216   2601.756   2166.073   2601.877   2165.625   2540.170 N000441
  1702.114   2606.175 -10.445   1702.840   2584.028 -10.584   0.1141  0.1748   1708.579   2608.647   1708.465   2608.472   1702.725   2583.860 N000442
  1108.436   2608.303 -10.256   1095.877   2636.632 -10.395  -0.0640 -0.1438   1114.891   2610.769   1114.955   2610.913   1095.941   2636.773 N000443
     0.000      0.000   0.000      0.000      0.000   0.000   0.0000  0.0000      0.000      0.000   2860.928   2622.485   2861.432   2507.263 N000444
     0.000      0.000   0.000      0.000      0.000   0.000   0.0000  0.0000      0.000      0.000    678.647   2623.961    644.494   2689.127 N000445
  2573.405   2621.803  -9.891   2580.907   2530.514 -10.030   1.8053  0.4031   2579.884   2624.285   2578.079   2623.882   2579.101   2530.246 N000446
  1419.999   2627.671 -12.283   1415.168   2629.538 -12.422  -0.0013  0.1712   1426.458   2630.141   1426.460   2629.969   1415.171   2629.363 N000447
  2569.437   2628.696  -9.312   2576.927   2537.778  -9.451  -0.0628  0.1958   2575.916   2631.178   2575.979   2630.982   2576.990   2537.576 N000448
   273.871   2638.554 -10.130    228.024   2743.686 -10.269  -0.1293  0.0540    280.311   2641.011    280.440   2640.957    228.161   2743.618 N000449
  1262.832   2645.494 -11.722   1254.056   2661.177 -11.861  -0.1677 -0.0064   1269.289   2647.962   1269.456   2647.968   1254.228   2661.169 N000450
    92.101   2649.597 -10.019     36.491   2772.470 -10.158   0.1006  0.0973     98.537   2652.052     98.437   2651.955     36.387   2772.379 N000451
  3528.508   2658.218 -10.452   3529.520   2495.984 -10.591   0.0084  0.0517   3535.002   2660.712   3534.994   2660.660   3529.511   2495.933 N000452
  2958.340   2660.825 -10.156   2964.888   2540.550 -10.295  -0.1324 -0.1471   2964.824   2663.312   2964.956   2663.459   2965.020   2540.688 N000453
  3749.321   2660.706  -9.782   3746.946   2482.777  -9.921  -0.1455  0.1398   3755.818   2663.202   3755.964   2663.063   3747.088   2482.627 N000454
  2453.851   2663.074 -11.107   2461.093   2581.470 -11.246  -0.1276  0.0738   2460.326   2665.555   2460.454   2665.482   2461.221   2581.385 N000455
     0.000      0.000   0.000      0.000      0.000   0.000   0.0000  0.0000      0.000      0.000   2246.072   2666.479   2245.887   2599.237 N000456
  1359.588   2664.530  -9.472   1352.981   2672.274  -9.610   0.0876  0.0300   1366.045   2667.000   1365.957   2666.970   1352.892   2672.251 N000457
  2759.009   2670.183  -9.060   2766.313   2565.098  -9.199   0.0087  0.1828   2765.489   2672.668   2765.480   2672.485   2766.304   2564.914 N000458
  3616.323   2669.619  -9.446   3616.130   2501.139  -9.585  -0.0834  0.0249   3622.817   2672.113   3622.901   2672.088   3616.213   2501.108 N000459
     0.000      0.000   0.000      0.000      0.000   0.000   0.0000  0.0000      0.000      0.000   1425.291   2686.887   1413.375   2687.492 N000460
  2685.597   2684.477 -13.419   2693.009   2585.156 -13.558   0.0973 -0.0235   2692.076   2686.961   2691.979   2686.985   2692.912   2585.187 N000461
     0.000      0.000   0.000      0.000      0.000   0.000   0.0000  0.0000      0.000      0.000   3187.987   2688.890   3186.548   2549.622 N000462
     0.000      0.000   0.000      0.000      0.000   0.000   0.0000  0.0000      0.000      0.000   2944.983   2690.387   2945.180   2569.323 N000463
  1580.278   2693.580 -10.464   1578.088   2683.140 -10.603  -0.1885  0.0796   1586.738   2696.052   1586.927   2695.973   1578.281   2683.043 N000464
  1944.833   2699.812 -11.413   1948.252   2659.262 -11.552  -0.1665 -0.1882   1951.299   2702.289   1951.466   2702.477   1948.420   2659.440 N000465
     0.000      0.000   0.000      0.000      0.000   0.000   0.0000  0.0000      0.000      0.000   3015.483   2718.489   3015.352   2592.328 N000466
     0.000      0.000   0.000      0.000      0.000   0.000   0.0000  0.0000      0.000      0.000    308.938   2719.959    256.522   2822.331 N000467
     0.000      0.000   0.000      0.000      0.000   0.000   0.0000  0.0000      0.000      0.000   2042.467   2725.978   2040.282   2675.912 N000468
     0.000      0.000   0.000      0.000      0.000   0.000   0.0000  0.0000      0.000      0.000   2767.666   2732.424   2768.473   2625.250 N000469
     0.000      0.000   0.000      0.000      0.000   0.000   0.0000  0.0000      0.000      0.000    490.094   2732.961    446.046   2818.590 N000470
  1773.087   2734.223  -9.806   1773.876   2708.414  -9.945   0.0874  0.1350   1779.549   2736.699   1779.462   2736.564   1773.788   2708.284 N000471
   938.789   2751.085  -9.099    918.884   2797.849  -9.238  -0.1106  0.1346    945.237   2753.551    945.347   2753.417    919.000   2797.701 N000472
     0.000      0.000   0.000      0.000      0.000   0.000   0.0000  0.0000      0.000      0.000   1739.961   2753.975   1733.507   2729.312 N000473
     0.000      0.000   0.000      0.000      0.000   0.000   0.0000  0.0000      0.000      0.000   1629.459   2754.474   1621.051   2739.095 N000474
  2483.894   2764.646  -9.458   2490.964   2681.918  -9.597  -0.1061  0.1458   2490.366   2767.130   2490.473   2766.984   2491.071   2681.762 N000475
  2038.723   2768.835  -8.997   2042.753   2721.764  -9.136   0.2230 -0.1653   2045.188   2771.314   2044.965   2771.479   2042.526   2721.950 N000476
   807.466   2769.238  -8.936    782.591   2828.402  -9.075  -0.0342  0.0232    813.910   2771.703    813.945   2771.680    782.627   2828.375 N000477
     0.000      0.000   0.000      0.000      0.000   0.000   0.0000  0.0000      0.000      0.000   1169.807   2778.827   1150.192   2803.696 N000478
  3340.820   2779.755 -11.759   3344.653   2631.795 -11.898   0.0303  0.0972   3347.306   2782.249   3347.276   2782.152   3344.623   2631.699 N000479
     0.000      0.000   0.000      0.000      0.000   0.000   0.0000  0.0000      0.000      0.000   2472.222   2786.984   2472.711   2703.461 N000480
     0.000      0.000   0.000      0.000      0.000   0.000   0.0000  0.0000      0.000      0.000   2237.967   2794.982   2237.152   2730.218 N000481
     0.000      0.000   0.000      0.000      0.000   0.000   0.0000  0.0000      0.000      0.000   1092.025   2795.469   1069.836   2827.667 N000482
  2761.299   2793.071  -8.955   2768.549   2689.045  -9.094  -0.2011  0.0708   2767.775   2795.559   2767.976   2795.488   2768.750   2688.958 N000483
  2000.892   2795.812  -9.309   2004.324   2752.299  -9.448  -0.1082 -0.1879   2007.355   2798.292   2007.464   2798.479   2004.432   2752.481 N000484
  1779.048   2796.849 -11.869   1779.404   2771.727 -12.008   0.0484 -0.1508   1785.508   2799.326   1785.460   2799.477   1779.353   2771.885 N000485
  1917.404   2801.181 -10.288   1919.751   2764.640 -10.427  -0.0965  0.1811   1923.865   2803.660   1923.962   2803.479   1919.850   2764.447 N000486
  3779.151   2803.173 -12.426   3777.250   2623.618 -12.565   0.1508  0.1726   3785.644   2805.672   3785.493   2805.499   3777.101   2623.455 N000487
  2456.264   2803.491  -8.476   2463.134   2723.459  -8.615  -0.0365 -0.0095   2462.734   2805.975   2462.771   2805.985   2463.171   2723.466 N000488
  2687.656   2812.882  -9.890   2694.932   2714.807 -10.028   0.1558 -0.1177   2694.130   2815.370   2693.974   2815.487   2694.776   2714.938 N000489
     0.000      0.000   0.000      0.000      0.000   0.000   0.0000  0.0000      0.000      0.000   2584.035   2819.486   2584.729   2727.585 N000490
     0.000      0.000   0.000      0.000      0.000   0.000   0.0000  0.0000      0.000      0.000   2318.503   2831.555   2318.083   2760.895 N000491
     0.000      0.000   0.000      0.000      0.000   0.000   0.0000  0.0000      0.000      0.000   1956.503   2835.896   1952.580   2794.775 N000492
     0.000      0.000   0.000      0.000      0.000   0.000   0.0000  0.0000      0.000      0.000   2108.630   2843.481   2106.410   2789.996 N000493
     0.000      0.000   0.000      0.000      0.000   0.000   0.0000  0.0000      0.000      0.000   2470.970   2844.985   2471.285   2762.367 N000494
  1089.184   2844.279  -9.310   1072.825   2879.951  -9.449   0.1840 -0.1299   1095.631   2846.750   1095.447   2846.879   1072.633   2880.101 N000495
     0.000      0.000   0.000      0.000      0.000   0.000   0.0000  0.0000      0.000      0.000    748.441   2851.181    713.268   2916.180 N000496
  2503.993   2851.217 -13.104   2510.890   2768.075 -13.243  -0.0066  0.1516   2510.463   2853.703   2510.470   2853.551   2510.897   2767.921 N000497
   756.185   2865.224  -9.143    727.721   2931.866  -9.282   0.1848  0.2239    762.625   2867.691    762.441   2867.467    727.533   2931.653 N000498
     0.000      0.000   0.000      0.000      0.000   0.000   0.0000  0.0000      0.000      0.000   1259.449   2874.473   1241.123   2893.782 N000499
  1217.199   2878.773 -11.275   1204.213   2903.908 -11.414   0.1739 -0.2273   1223.647   2881.245   1223.473   2881.472   1204.031   2904.157 N000500
     0.000      0.000   0.000      0.000      0.000   0.000   0.0000  0.0000      0.000      0.000   1960.960   2886.481   1956.711   2845.958 N000501
     0.000      0.000   0.000      0.000      0.000   0.000   0.0000  0.0000      0.000      0.000   1925.459   2891.980   1920.685   2854.522 N000502
     0.000      0.000   0.000      0.000      0.000   0.000   0.0000  0.0000      0.000      0.000   1771.956   2895.979   1764.773   2871.482 N000503
   519.901   2893.882 -11.086    480.846   2983.652 -11.225  -0.0988 -0.1183    526.337   2896.347    526.436   2896.465    480.947   2983.765 N000504
     0.000      0.000   0.000      0.000      0.000   0.000   0.0000  0.0000      0.000      0.000   1549.907   2899.976   1538.431   2894.509 N000505
     0.000      0.000   0.000      0.000      0.000   0.000   0.0000  0.0000      0.000      0.000   2493.912   2909.931   2494.116   2826.455 N000506
  1044.372   2910.902 -10.544   1025.585   2952.435 -10.683  -0.1280 -0.0984   1050.816   2913.373   1050.944   2913.471   1025.716   2952.524 N000507
     0.000      0.000   0.000      0.000      0.000   0.000   0.0000  0.0000      0.000      0.000   1148.945   2914.972   1126.823   2945.214 N000508
  2042.984   2924.573  -9.334   2046.022   2879.991  -9.473  -0.0158  0.0732   2049.444   2927.056   2049.460   2926.983   2046.038   2879.915 N000509
     0.000      0.000   0.000      0.000      0.000   0.000   0.0000  0.0000      0.000      0.000   2545.122   2929.449   2545.457   2842.188 N000510
  2792.166   2931.217 -10.379   2799.279   2826.502 -10.518   0.1656  0.0061   2798.638   2933.708   2798.472   2933.701   2799.113   2826.508 N000511
     0.000      0.000   0.000      0.000      0.000   0.000   0.0000  0.0000      0.000      0.000    726.013   2936.468    688.420   3006.186 N000512
     0.000      0.000   0.000      0.000      0.000   0.000   0.0000  0.0000      0.000      0.000   1647.453   2942.978   1637.527   2930.123 N000513
  1407.301   2948.098 -10.320   1398.533   2958.194 -10.459  -0.1989  0.0978   1413.750   2950.574   1413.949   2950.476   1398.738   2958.076 N000514
     0.000      0.000   0.000      0.000      0.000   0.000   0.0000  0.0000      0.000      0.000   1833.789   2950.731   1827.133   2922.194 N000515
     0.000      0.000   0.000      0.000      0.000   0.000   0.0000  0.0000      0.000      0.000   2159.961   2950.984   2157.612   2895.267 N000516
  2315.737   2949.831 -11.105   2321.263   2883.371 -11.243   0.1896 -0.1689   2322.201   2952.317   2322.011   2952.486   2321.071   2883.558 N000517
     0.000      0.000   0.000      0.000      0.000   0.000   0.0000  0.0000      0.000      0.000   1664.952   2957.007   1655.230   2942.978 N000518
  2884.663   2957.992 -10.791   2891.635   2846.426 -10.930   0.1633 -0.0082   2891.136   2960.484   2890.973   2960.493   2891.472   2846.447 N000519
  1728.494   2988.544  -9.228   1726.208   2971.799  -9.367  -0.0057  0.0436   1734.947   2991.024   1734.952   2990.980   1726.214   2971.754 N000520
     0.000      0.000   0.000      0.000      0.000   0.000   0.0000  0.0000      0.000      0.000   3801.987   2994.503   3794.526   2812.541 N000521
  2429.735   3029.768  -9.424   2435.671   2955.484  -9.563   0.2353 -0.0444   2436.198   3032.257   2435.963   3032.301   2435.434   2955.549 N000522
     0.000      0.000   0.000      0.000      0.000   0.000   0.0000  0.0000      0.000      0.000   1496.947   3033.506   1482.744   3035.963 N000523
   771.002   3032.499 -12.336    740.138   3103.062 -12.475   0.0016 -0.0009    777.437   3034.970    777.435   3034.971    740.136   3103.063 N000524
   607.058   3036.001 -10.450    569.159   3122.266 -10.589   0.0581  0.0006    613.490   3038.469    613.432   3038.469    569.098   3122.271 N000525
     0.000      0.000   0.000      0.000      0.000   0.000   0.0000  0.0000      0.000      0.000   3834.986   3042.505   3827.318   2858.593 N000526
     0.000      0.000   0.000      0.000      0.000   0.000   0.0000  0.0000      0.000      0.000   2176.958   3052.987   2174.142   2997.907 N000527
  3529.367   3055.660 -10.607   3532.198   2896.291 -10.745  -0.1331  0.0652   3535.847   3058.162   3535.980   3058.097   3532.329   2896.215 N000528
     0.000      0.000   0.000      0.000      0.000   0.000   0.0000  0.0000      0.000      0.000   3445.978   3075.001   3443.330   2920.022 N000529
     0.000      0.000   0.000      0.000      0.000   0.000   0.0000  0.0000      0.000      0.000    255.175   3080.573    192.165   3201.021 N000530
  1858.269   3083.779 -11.054   1857.349   3058.231 -11.193  -0.2306 -0.1871   1864.721   3086.263   1864.951   3086.450   1857.582   3058.403 N000531
     0.000      0.000   0.000      0.000      0.000   0.000   0.0000  0.0000      0.000      0.000   3339.776   3094.900   3338.132   2948.156 N000532
  1746.118   3109.858 -10.628   1742.927   3094.594 -10.767   0.1178 -0.1415   1752.566   3112.342   1752.449   3112.483   1742.805   3094.749 N000533
  1922.540   3114.402 -11.251   1922.389   3084.122 -11.390   0.0676 -0.0981   1928.991   3116.887   1928.924   3116.985   1922.319   3084.228 N000534
  1963.761   3115.273 -10.659   1964.237   3081.507 -10.798  -0.2388 -0.1973   1970.213   3117.759   1970.452   3117.956   1964.478   3081.689 N000535
  1848.711   3116.445  -9.649   1847.320   3092.523  -9.788   0.1057 -0.0551   1855.161   3118.929   1855.055   3118.984   1847.212   3092.588 N000536
     0.000      0.000   0.000      0.000      0.000   0.000   0.0000  0.0000      0.000      0.000   1550.445   3122.481   1536.427   3122.638 N000537
     0.000      0.000   0.000      0.000      0.000   0.000   0.0000  0.0000      0.000      0.000   2348.958   3123.535   2347.397   3055.682 N000538
     0.000      0.000   0.000      0.000      0.000   0.000   0.0000  0.0000      0.000      0.000   2467.210   3134.991   2466.460   3057.649 N000539
     0.000      0.000   0.000      0.000      0.000   0.000   0.0000  0.0000      0.000      0.000   1860.449   3145.485   1852.448   3119.300 N000540
     0.000      0.000   0.000      0.000      0.000   0.000   0.0000  0.0000      0.000      0.000   2272.634   3151.490   2270.216   3090.569 N000541
     0.000      0.000   0.000      0.000      0.000   0.000   0.0000  0.0000      0.000      0.000    449.925   3170.470    395.060   3275.136 N000542
   918.579   3179.074 -10.967    890.861   3240.739 -11.106   0.0788  0.0742    925.011   3181.550    924.933   3181.475    890.781   3240.670 N000543
     0.000      0.000   0.000      0.000      0.000   0.000   0.0000  0.0000      0.000      0.000   2345.455   3208.492   2343.401   3142.774 N000544
  2133.703   3213.263  -9.559   2135.779   3167.468  -9.698   0.2027  0.0132   2140.154   3215.753   2139.952   3215.739   2135.573   3167.472 N000545
   538.963   3246.212 -11.096    493.501   3347.051 -11.235  -0.0366  0.1896    545.387   3248.685    545.424   3248.495    493.544   3346.850 N000546
   875.356   3253.059 -10.088    844.584   3321.501 -10.227  -0.1159  0.0588    881.786   3255.535    881.902   3255.476    844.706   3321.429 N000547
     0.000      0.000   0.000      0.000      0.000   0.000   0.0000  0.0000      0.000      0.000   1873.445   3272.488   1864.423   3248.597 N000548
   784.943   3276.182 -10.345    749.997   3354.180 -10.484  -0.0575  0.1816    791.370   3278.657    791.427   3278.476    750.061   3353.986 N000549
     0.000      0.000   0.000      0.000      0.000   0.000   0.0000  0.0000      0.000      0.000   2258.949   3347.994   2255.083   3292.980 N000550
  2506.902   3346.799 -14.271   2511.910   3272.889 -14.410  -0.0502 -0.0110   2513.355   3349.295   2513.406   3349.306   2511.960   3272.896 N000551
     0.000      0.000   0.000      0.000      0.000   0.000   0.0000  0.0000      0.000      0.000   2425.952   3356.996   2423.761   3288.086 N000552
  1373.457   3356.547 -10.397   1358.153   3381.943 -10.536  -0.0434  0.0475   1379.891   3359.031   1379.934   3358.984   1358.199   3381.890 N000553
     0.000      0.000   0.000      0.000      0.000   0.000   0.0000  0.0000      0.000      0.000   2453.006   3412.497   2450.730   3342.737 N000554
     0.000      0.000   0.000      0.000      0.000   0.000   0.0000  0.0000      0.000      0.000   1473.934   3412.986   1454.064   3429.151 N000555
     0.000      0.000   0.000      0.000      0.000   0.000   0.0000  0.0000      0.000      0.000   2336.448   3428.996   2332.902   3369.560 N000556
  2849.849   3439.816  -9.236   2856.110   3339.914  -9.375  -0.1508 -0.1835   2856.305   3442.319   2856.456   3442.502   2856.261   3340.090 N000557
     0.000      0.000   0.000      0.000      0.000   0.000   0.0000  0.0000      0.000      0.000   2339.804   3450.997   2336.144   3391.884 N000558
     0.000      0.000   0.000      0.000      0.000   0.000   0.0000  0.0000      0.000      0.000   3233.961   3473.507   3233.477   3341.551 N000559
  1980.624   3481.470  -9.517   1977.963   3456.445  -9.656   0.1238 -0.0302   1987.064   3483.963   1986.940   3483.993   1977.837   3456.487 N000560
     0.000      0.000   0.000      0.000      0.000   0.000   0.0000  0.0000      0.000      0.000    613.917   3490.478    559.850   3592.437 N000561
  1739.054   3488.895  -9.604   1731.383   3485.629  -9.743   0.0542 -0.1051   1745.490   3491.386   1745.436   3491.491   1731.326   3485.743 N000562
     0.000      0.000   0.000      0.000      0.000   0.000   0.0000  0.0000      0.000      0.000   1850.937   3503.992   1838.975   3489.205 N000563
  1836.775   3514.248  -9.167   1830.939   3503.072  -9.306   0.0249 -0.2209   1843.211   3516.740   1843.186   3516.961   1830.911   3503.303 N000564
  1020.016   3523.250  -9.061    989.726   3588.467  -9.199   0.0165 -0.1501   1026.439   3525.733   1026.423   3525.883    989.706   3588.625 N000565
  3326.525   3546.567  -8.675   3332.146   3411.022  -8.814   0.0246  0.0673   3332.985   3549.077   3332.960   3549.010   3332.122   3410.955 N000566
  2186.156   3552.040  -9.009   2186.205   3511.207  -9.147   0.1560  0.1020   2192.597   3554.537   2192.441   3554.435   2186.048   3511.115 N000567
     0.000      0.000   0.000      0.000      0.000   0.000   0.0000  0.0000      0.000      0.000   2147.440   3559.497   2140.318   3520.273 N000568
  1599.555   3594.602  -9.074   1587.024   3607.860  -9.213  -0.5447  0.9018   1605.985   3597.093   1606.530   3596.191   1587.596   3606.874 N000569
   835.806   3644.113  -9.140    795.247   3732.867  -9.279  -0.1315  0.1131    842.221   3646.597    842.353   3646.484    795.387   3732.735 N000570
     0.000      0.000   0.000      0.000      0.000   0.000   0.0000  0.0000      0.000      0.000    850.916   3646.484    804.332   3731.878 N000571
     0.000      0.000   0.000      0.000      0.000   0.000   0.0000  0.0000      0.000      0.000   2588.381   3659.379   2585.829   3585.193 N000572
  4043.925   3666.785  -9.026   4043.705   3478.849  -9.165  -0.0191  0.0627   4050.393   3669.305   4050.412   3669.242   4043.723   3478.783 N000573
  2865.648   3674.111  -9.214   2871.233   3579.116  -9.353   0.1484  0.1108   2872.096   3676.618   2871.948   3676.507   2871.085   3579.015 N000574
     0.000      0.000   0.000      0.000      0.000   0.000   0.0000  0.0000      0.000      0.000    814.550   3689.621    765.343   3780.730 N000575
     0.000      0.000   0.000      0.000      0.000   0.000   0.0000  0.0000      0.000      0.000   3552.615   3691.515   3550.828   3539.622 N000576
  1981.076   3694.703 -10.470   1976.133   3676.895 -10.609   0.0761  0.1316   1987.509   3697.201   1987.433   3697.069   1976.057   3676.766 N000577
  1457.682   3696.003 -10.119   1439.517   3726.545 -10.258   0.1818  0.0031   1464.106   3698.495   1463.924   3698.492   1439.329   3726.558 N000578
     0.000      0.000   0.000      0.000      0.000   0.000   0.0000  0.0000      0.000      0.000   2614.943   3706.505   2612.345   3631.529 N000579
     0.000      0.000   0.000      0.000      0.000   0.000   0.0000  0.0000      0.000      0.000   3495.957   3722.715   3494.552   3576.051 N000580
   758.165   3721.846  -9.411    712.216   3822.219  -9.550  -0.1125 -0.0985    764.577   3724.331    764.689   3724.429    712.331   3822.311 N000581
  3857.827   3732.538 -10.428   3860.128   3560.112 -10.567  -0.1466  0.0375   3864.290   3735.057   3864.436   3735.019   3860.273   3560.062 N000582
     0.000      0.000   0.000      0.000      0.000   0.000   0.0000  0.0000      0.000      0.000   1983.931   3749.999   1971.875   3731.977 N000583
     0.000      0.000   0.000      0.000      0.000   0.000   0.0000  0.0000      0.000      0.000   1951.429   3781.999   1938.316   3768.157 N000584
  1512.947   3798.364  -8.757   1494.789   3828.026  -8.896  -0.0534 -0.1356   1519.368   3800.859   1519.421   3800.995   1494.842   3828.163 N000585
  1629.764   3801.632  -9.429   1614.980   3820.380  -9.568   0.1468  0.1318   1636.188   3804.128   1636.041   3803.996   1614.831   3820.257 N000586
     0.000      0.000   0.000      0.000      0.000   0.000   0.0000  0.0000      0.000      0.000   2633.439   3828.008   2630.259   3755.463 N000587
   917.336   3841.649  -8.861    875.896   3931.906  -9.000  -0.0643  0.1492    923.746   3844.138    923.810   3843.989    875.967   3931.742 N000588
  2034.971   3867.681 -10.362   2029.100   3851.630 -10.501  -0.0293  0.1453   2041.398   3870.183   2041.428   3870.038   2029.132   3851.476 N000589
     0.000      0.000   0.000      0.000      0.000   0.000   0.0000  0.0000      0.000      0.000   3382.950   3874.017   3382.087   3740.552 N000590
     0.000      0.000   0.000      0.000      0.000   0.000   0.0000  0.0000      0.000      0.000   3852.558   3874.822   3849.096   3704.300 N000591
     0.000      0.000   0.000      0.000      0.000   0.000   0.0000  0.0000      0.000      0.000   1317.414   3907.495   1284.184   3959.067 N000592
   961.377   3908.506  -9.870    920.337   3997.758 -10.009  -0.0950  0.0059    967.786   3910.997    967.881   3910.991    920.436   3997.742 N000593
  1786.476   3908.719 -10.870   1774.308   3917.351 -11.009   0.0040  0.0529   1792.898   3911.219   1792.894   3911.167   1774.305   3917.296 N000594
     0.000      0.000   0.000      0.000      0.000   0.000   0.0000  0.0000      0.000      0.000   1008.962   3917.491    963.178   4000.404 N000595
  3265.365   3919.410  -8.709   3271.064   3798.948  -8.848  -0.1354 -0.0897   3271.811   3921.927   3271.946   3922.017   3271.199   3799.030 N000596
  1338.328   3948.538 -12.542   1311.649   4002.044 -12.681   0.1542  0.0378   1344.742   3951.034   1344.587   3950.996   1311.490   4002.019 N000597
  1290.561   3957.045 -11.422   1261.955   4015.694 -11.561   0.0609  0.0452   1296.973   3959.541   1296.912   3959.496   1261.893   4015.653 N000598
  1938.527   3984.625 -11.558   1929.039   3982.392 -11.697   0.0268  0.1249   1944.949   3987.128   1944.922   3987.003   1929.013   3982.264 N000599
  3642.859   3989.990  -9.279   3647.591   3841.331  -9.418  -0.1414 -0.0433   3649.309   3992.512   3649.450   3992.556   3647.732   3841.364 N000600
  1778.071   4024.859 -10.578   1763.907   4039.537 -10.717   0.0706 -0.1410   1784.489   4027.361   1784.418   4027.502   1763.832   4039.691 N000601
     0.000      0.000   0.000      0.000      0.000   0.000   0.0000  0.0000      0.000      0.000   2739.434   4039.513   2735.869   3965.529 N000602
  2369.605   4113.126  -8.908   2367.132   4077.006  -9.047   0.2054  0.1265   2376.030   4115.637   2375.825   4115.511   2366.925   4076.892 N000603
