     0.000      0.000   0.000      0.000      0.000   0.000   0.0000  0.0000      0.000      0.000    272.043   -145.079     -1.000     -1.000 N000001
     0.000      0.000   0.000      0.000      0.000   0.000   0.0000  0.0000      0.000      0.000    462.051   -121.410     -1.000     -1.000 N000002
     0.000      0.000   0.000      0.000      0.000   0.000   0.0000  0.0000      0.000      0.000    867.068   -117.907     -1.000     -1.000 N000003
   332.237    -48.847 -11.507    311.129     86.878 -11.648  -0.2352  0.1529    334.280    -42.257    334.516    -42.410    311.372     86.711 N000004
     0.000      0.000   0.000      0.000      0.000   0.000   0.0000  0.0000      0.000      0.000   2318.630    -19.745     -1.000     -1.000 N000005
   724.806     -9.052  -9.972    714.117     99.764 -10.113  -0.1943 -0.0522    726.865     -2.459    727.060     -2.406    714.315     99.803 N000006
  1272.388     -5.981 -10.331   1270.376     67.116 -10.472  -0.1122  0.0190   1274.472      0.617   1274.584      0.598   1270.489     67.090 N000007
     0.000      0.000   0.000      0.000      0.000   0.000   0.0000  0.0000      0.000      0.000   2821.651     35.610   2810.690      6.315 N000008
   764.714     70.954  -8.870    754.777    175.955  -9.012  -0.0130 -0.0917    766.774     77.549    766.787     77.641    754.790    176.045 N000009
  2273.024     90.615 -11.119   2271.642     99.121 -11.260   0.0244  0.1147   2275.150     97.222   2275.126     97.107   2271.617     99.011 N000010
  3387.672     96.239 -13.469   3367.393     38.211 -13.610   0.1718 -0.0528   3389.846    102.854   3389.675    102.907   3367.227     38.272 N000011
   132.876    102.812 -12.929    104.292    250.821 -13.070  -0.1241 -0.1015    134.907    109.403    135.031    109.504    104.420    250.913 N000012
     0.000      0.000   0.000      0.000      0.000   0.000   0.0000  0.0000      0.000      0.000    540.082    117.094    522.492    230.325 N000013
   441.501    138.839 -10.338    423.113    264.992 -10.479   0.0014 -0.1606    443.546    145.433    443.544    145.594    423.111    265.151 N000014
  2368.394    183.400 -12.035   2366.592    183.781 -12.177  -0.1064 -0.0997   2370.521    190.010   2370.628    190.109   2366.698    183.872 N000015
  1833.920    187.408 -10.804   1834.814    220.979 -10.945  -0.0802 -0.0921   1836.024    194.013   1836.104    194.105   1834.894    221.064 N000016
  1619.970    221.202  -9.650   1620.558    267.727  -9.791  -0.0301  0.1788   1622.064    227.806   1622.094    227.627   1620.588    267.550 N000017
  2881.746    221.473 -10.910   2873.225    189.687 -11.051  -0.2249 -0.0267   2883.896    228.087   2884.120    228.114   2873.446    189.699 N000018
     0.000      0.000   0.000      0.000      0.000   0.000   0.0000  0.0000      0.000      0.000   1941.107    297.608   1940.043    315.790 N000019
     0.000      0.000   0.000      0.000      0.000   0.000   0.0000  0.0000      0.000      0.000    689.989    308.974    675.617    409.776 N000020
     0.000      0.000   0.000      0.000      0.000   0.000   0.0000  0.0000      0.000      0.000   1872.103    328.608   1871.189    350.578 N000021
     0.000      0.000   0.000      0.000      0.000   0.000   0.0000  0.0000      0.000      0.000   1468.585    329.105   1466.310    377.200 N000022
  2178.173    350.802 -11.701   2178.496    359.222 -11.843   0.1726 -0.1977   2180.289    357.413   2180.116    357.611   2178.325    359.426 N000023
     0.000      0.000   0.000      0.000      0.000   0.000   0.0000  0.0000      0.000      0.000   1249.575    360.104   1245.189    422.217 N000024
  3699.863    384.211  -8.674   3674.071    299.153  -8.816  -0.1368 -0.0035   3702.045    390.834   3702.182    390.837   3674.204    299.148 N000025
     0.000      0.000   0.000      0.000      0.000   0.000   0.0000  0.0000      0.000      0.000   1500.085    398.106   1498.038    443.014 N000026
   997.295    398.980 -10.756    991.177    484.030 -10.898  -0.2051 -0.0200    999.358    405.583    999.563    405.603    991.386    484.036 N000027
     0.000      0.000   0.000      0.000      0.000   0.000   0.0000  0.0000      0.000      0.000   1084.567    415.104   1077.790    487.618 N000028
     0.000      0.000   0.000      0.000      0.000   0.000   0.0000  0.0000      0.000      0.000   1122.568    421.104   1116.370    490.957 N000029
     0.000      0.000   0.000      0.000      0.000   0.000   0.0000  0.0000      0.000      0.000   1096.667    427.104   1090.056    498.645 N000030
  3131.675    421.664 -10.326   3119.910    369.440 -10.467   0.1749  0.1310   3133.831    428.284   3133.656    428.153   3119.738    369.323 N000031
  3177.470    447.717 -13.321   3164.973    392.035 -13.462  -0.0300  0.1711   3179.628    454.337   3179.658    454.165   3165.001    391.867 N000032
  2468.087    458.835  -8.814   2466.558    446.684  -8.956   0.0872 -0.1648   2470.214    465.450   2470.126    465.615   2466.472    446.851 N000033
     0.000      0.000   0.000      0.000      0.000   0.000   0.0000  0.0000      0.000      0.000    197.693    485.015    167.098    619.717 N000034
     0.000      0.000   0.000      0.000      0.000   0.000   0.0000  0.0000      0.000      0.000   2065.608    491.112   2064.704    497.571 N000035
   166.784    499.588 -12.846    136.953    642.945 -12.988  -0.2157  0.0880    168.809    506.186    169.024    506.098    137.178    642.841 N000036
     0.000      0.000   0.000      0.000      0.000   0.000   0.0000  0.0000      0.000      0.000   2319.919    529.115   2317.801    518.541 N000037
  1581.375    530.554  -8.790   1581.934    574.428  -8.931  -0.1248  0.0535   1583.461    537.163   1583.586    537.109   1582.060    574.367 N000038
  1791.352    555.955 -12.999   1792.778    585.518 -13.140  -0.1483 -0.0448   1793.446    562.567   1793.595    562.611   1792.927    585.552 N000039
     0.000      0.000   0.000      0.000      0.000   0.000   0.0000  0.0000      0.000      0.000   1437.079    567.109   1434.422    613.780 N000040
     0.000      0.000   0.000      0.000      0.000   0.000   0.0000  0.0000      0.000      0.000   2794.638    575.619   2787.539    534.075 N000041
  2406.429    570.633  -8.559   2405.906    560.058  -8.700  -0.1546  0.1326   2408.550    577.249   2408.705    577.116   2406.059    559.918 N000042
  3255.210    580.363  -9.066   3242.095    516.555  -9.207  -0.1233  0.8627   3257.368    586.986   3257.492    586.123   3242.209    515.706 N000043
     0.000      0.000   0.000      0.000      0.000   0.000   0.0000  0.0000      0.000      0.000   1816.895    586.612   1816.289    607.635 N000044
  2732.716    599.403 -10.233   2728.746    567.560 -10.374   0.2165 -0.0972   2734.852    606.022   2734.635    606.119   2728.533    567.669 N000045
    69.420    608.694 -10.111     34.772    759.114 -10.252  -0.0798  0.1937     71.438    615.293     71.518    615.099     34.857    758.914 N000046
  2019.215    614.580  -8.691   2020.772    628.208  -8.832   0.2155  0.0797   2021.319    621.194   2021.103    621.114   2020.556    628.144 N000047
  2900.235    615.896  -8.913   2893.913    573.185  -9.054   0.1282 -0.1043   2902.377    622.516   2902.249    622.621   2893.788    573.295 N000048
  1144.018    617.081  -9.181   1139.716    689.631  -9.322   0.0182  0.0810   1146.083    623.689   1146.065    623.608   1139.698    689.552 N000049
  2361.129    627.465 -11.884   2361.157    618.685 -12.025   0.1294 -0.0346   2363.248    634.082   2363.118    634.117   2361.029    618.727 N000050
  2142.189    650.791  -9.080   2143.490    655.766  -9.221   0.1886 -0.2089   2144.297    657.407   2144.108    657.616   2143.303    655.984 N000051
  1650.032    666.784 -11.096   1650.923    704.141 -11.237   0.0320 -0.2164   1652.118    673.396   1652.086    673.612   1650.891    704.357 N000052
     0.000      0.000   0.000      0.000      0.000   0.000   0.0000  0.0000      0.000      0.000   1461.078    674.811   1458.489    718.501 N000053
     0.000      0.000   0.000      0.000      0.000   0.000   0.0000  0.0000      0.000      0.000    399.093    676.540    374.266    795.733 N000054
     0.000      0.000   0.000      0.000      0.000   0.000   0.0000  0.0000      0.000      0.000   2586.627    684.120   2582.673    653.438 N000055
  3247.574    678.595 -12.379   3235.345    612.863 -12.521   0.0737  0.0951   3249.730    685.220   3249.656    685.125   3235.272    612.775 N000056
  1468.122    695.658 -10.147   1467.647    745.012 -10.288   0.1219  0.1577   1470.199    702.269   1470.077    702.111   1467.524    744.864 N000057
  4070.234    713.509 -11.460   4036.910    597.220 -11.602   0.2340  0.0095   4072.426    720.141   4072.191    720.131   4036.683    597.225 N000058
   585.606    729.189  -9.496    568.309    840.863  -9.637   0.1057  0.1888    587.644    735.794    587.538    735.605    568.202    840.683 N000059
     0.000      0.000   0.000      0.000      0.000   0.000   0.0000  0.0000      0.000      0.000   1774.490    737.514   1773.803    759.158 N000060
  2832.662    735.939 -10.427   2828.000    694.906 -10.568   0.1623 -0.0614   2834.799    742.561   2834.637    742.622   2827.840    694.976 N000061
     0.000      0.000   0.000      0.000      0.000   0.000   0.0000  0.0000      0.000      0.000   1306.669    749.411   1302.221    802.944 N000062
  3791.014    743.591  -9.386   3766.203    643.147  -9.527   0.0141  0.0906   3793.193    750.220   3793.179    750.130   3766.189    643.060 N000063
     0.000      0.000   0.000      0.000      0.000   0.000   0.0000  0.0000      0.000      0.000   2522.435    751.058   2519.386    723.213 N000064
     0.000      0.000   0.000      0.000      0.000   0.000   0.0000  0.0000      0.000      0.000   3819.180    758.630   3791.548    649.777 N000065
     0.000      0.000   0.000      0.000      0.000   0.000   0.0000  0.0000      0.000      0.000   1730.588    764.114   1729.721    788.368 N000066
  3282.182    779.999  -9.633   3269.958    709.785  -9.774   0.1817 -0.0009   3284.337    786.626   3284.155    786.627   3269.780    709.797 N000067
     0.000      0.000   0.000      0.000      0.000   0.000   0.0000  0.0000      0.000      0.000   1329.069    789.112   1324.789    840.705 N000068
   498.499    783.987 -10.688    478.156    901.947 -10.829  -0.0012 -0.0126    500.532    790.593    500.533    790.606    478.157    901.959 N000069
  1513.433    788.682  -9.386   1513.192    833.882  -9.527  -0.0674  0.1824   1515.510    795.296   1515.577    795.113   1513.260    833.697 N000070
  1617.288    788.853  -8.664   1617.850    826.908  -8.806  -0.2122 -0.1472   1619.370    795.467   1619.582    795.614   1618.063    827.039 N000071
     0.000      0.000   0.000      0.000      0.000   0.000   0.0000  0.0000      0.000      0.000    939.552    800.109    928.684    879.234 N000072
  2845.528    800.177  -8.716   2841.001    757.033  -8.857   0.1115  0.0103   2847.664    806.801   2847.553    806.790   2840.891    757.030 N000073
  1204.594    806.558 -12.010   1200.596    873.151 -12.151   0.0943  0.0579   1206.658    813.169   1206.563    813.111   1200.500    873.100 N000074
     0.000      0.000   0.000      0.000      0.000   0.000   0.0000  0.0000      0.000      0.000   2077.602    820.118   2077.217    820.279 N000075
     0.000      0.000   0.000      0.000      0.000   0.000   0.0000  0.0000      0.000      0.000   2206.107    823.619   2205.372    815.193 N000076
  3008.907    818.805 -10.598   3001.978    764.906 -10.739  -0.0681 -0.1204   3011.050    825.430   3011.118    825.550   3002.046    765.020 N000077
  2107.369    840.962 -10.307   2109.050    845.218 -10.448  -0.1312 -0.0379   2109.471    847.581   2109.602    847.619   2109.181    845.247 N000078
     0.000      0.000   0.000      0.000      0.000   0.000   0.0000  0.0000      0.000      0.000    146.016    849.604    110.232    987.859 N000079
  1604.581    846.777 -11.004   1604.964    885.067 -11.145   0.0813 -0.2230   1606.661    853.392   1606.580    853.615   1604.882    885.293 N000080
  1555.813    847.356 -10.419   1555.812    889.011 -10.560  -0.1619 -0.1435   1557.891    853.971   1558.053    854.115   1555.975    889.142 N000081
  2182.678    867.793 -10.325   2184.194    866.642 -10.466   0.1778 -0.1753   2184.783    874.413   2184.605    874.589   2184.017    866.827 N000082
     0.000      0.000   0.000      0.000      0.000   0.000   0.0000  0.0000      0.000      0.000   2866.635    878.768   2860.050    826.396 N000083
  2768.864    873.189 -10.412   2765.694    833.572 -10.553  -0.1362  0.1894   2770.995    879.814   2771.131    879.624   2765.828    833.377 N000084
  2552.827    893.381  -9.247   2552.091    867.425  -9.388  -0.4232 -0.2023   2554.948    900.004   2555.371    900.206   2552.511    867.596 N000085
     0.000      0.000   0.000      0.000      0.000   0.000   0.0000  0.0000      0.000      0.000   2333.611    909.622   2332.421    891.450 N000086
     0.000      0.000   0.000      0.000      0.000   0.000   0.0000  0.0000      0.000      0.000    393.525    923.982    366.475   1043.294 N000087
  1290.797    919.512  -8.936   1287.632    979.135  -9.077  -0.1364  0.0116   1292.862    926.126   1292.998    926.114   1287.770    979.114 N000088
  2812.155    934.410 -10.071   2808.693    890.894 -10.212   0.1547 -0.0904   2814.286    941.035   2814.131    941.126   2808.541    890.993 N000089
  2391.496    936.948 -13.223   2392.130    920.914 -13.365  -0.0038 -0.0521   2393.609    943.570   2393.613    943.623   2392.134    920.965 N000090
   538.652    937.381 -10.040    518.354   1052.106 -10.181   0.1523 -0.1188    540.684    943.990    540.531    944.109    518.196   1052.236 N000091
     0.000      0.000   0.000      0.000      0.000   0.000   0.0000  0.0000      0.000      0.000   2151.727    950.621   2151.308    944.007 N000092
  2880.641    947.251  -8.701   2876.315    899.083  -8.842   0.1407 -0.2491   2882.775    953.877   2882.634    954.126   2876.177    899.337 N000093
  1552.126    950.312  -8.793   1551.859    991.244  -8.934   0.1256 -0.1881   1554.201    956.928   1554.076    957.116   1551.732    991.439 N000094
  1807.656    952.755  -9.453   1809.039    975.921  -9.594   0.1206 -0.2445   1809.743    959.374   1809.623    959.618   1808.918    976.171 N000095
  2325.094    956.604 -10.735   2326.145    944.692 -10.876   0.0941  0.1043   2327.204    963.227   2327.110    963.122   2326.051    944.595 N000096
     0.000      0.000   0.000      0.000      0.000   0.000   0.0000  0.0000      0.000      0.000   2171.603    965.121   2171.145    956.979 N000097
  1059.339    965.038 -10.864   1052.096   1041.046 -11.005  -0.1316  0.0384   1061.393    971.651   1061.524    971.613   1052.230   1040.998 N000098
  2399.787    970.105  -9.912   2400.440    953.030 -10.053  -1.2126  0.9804   2401.900    976.729   2403.113    975.748   2401.643    951.984 N000099
     0.000      0.000   0.000      0.000      0.000   0.000   0.0000  0.0000      0.000      0.000   1089.055    980.613   1080.232   1047.953 N000100
  2041.112    973.810  -8.476   2042.933    980.777  -8.617   0.1124  0.0104   2043.209    980.431   2043.097    980.421   2042.820    980.774 N000101
  1954.303    989.857  -9.439   1956.059   1002.552  -9.581  -0.1971  0.3069   1956.395    996.477   1956.593    996.170   1956.257   1002.235 N000102
  1409.933   1007.712  -9.885   1408.000   1058.234 -10.026  -0.0674 -0.2614   1412.001   1014.329   1412.068   1014.590   1408.067   1058.489 N000103
     0.000      0.000   0.000      0.000      0.000   0.000   0.0000  0.0000      0.000      0.000   2132.100   1023.622   2131.765   1017.411 N000104
  1972.551   1023.072 -10.473   1974.320   1034.149 -10.614   0.0512  0.0722   1974.644   1029.693   1974.593   1029.621   1974.269   1034.081 N000105
   533.169   1023.655 -10.673    511.950   1138.811 -10.814   0.1688  0.1548    535.198   1030.265    535.029   1030.110    511.777   1138.669 N000106
     0.000      0.000   0.000      0.000      0.000   0.000   0.0000  0.0000      0.000      0.000   1801.585   1035.064   1800.754   1051.405 N000107
  3751.068   1029.742 -10.550   3729.911    924.945 -10.691   0.0676  0.1942   3753.238   1036.376   3753.171   1036.182   3729.844    924.759 N000108
  2360.137   1044.764 -10.906   2361.154   1029.294 -11.047   0.1366 -0.2365   2362.246   1051.388   2362.109   1051.624   2361.018   1029.537 N000109
  1734.362   1052.008  -9.098   1735.231   1079.297  -9.239  -0.1377  0.0083   1736.444   1058.628   1736.582   1058.620   1735.369   1079.279 N000110
     0.000      0.000   0.000      0.000      0.000   0.000   0.0000  0.0000      0.000      0.000   1828.085   1063.620   1827.326   1077.847 N000111
  3739.618   1057.289 -10.423   3718.995    952.610 -10.564   0.0931 -0.2113   3741.788   1063.923   3741.695   1064.135   3718.906    952.823 N000112
     0.000      0.000   0.000      0.000      0.000   0.000   0.0000  0.0000      0.000      0.000   3085.141   1066.130   3076.160    996.285 N000113
     0.000      0.000   0.000      0.000      0.000   0.000   0.0000  0.0000      0.000      0.000   1398.566   1074.617   1394.178   1119.095 N000114
     0.000      0.000   0.000      0.000      0.000   0.000   0.0000  0.0000      0.000      0.000   2836.129   1078.628   2830.826   1024.742 N000115
  1841.201   1076.848  -9.050   1842.564   1096.453  -9.192   0.7014 -0.1518   1843.287   1083.469   1842.586   1083.621   1841.859   1096.652 N000116
   950.155   1091.293 -11.890    939.835   1174.933 -12.031   0.1545 -0.2073    952.201   1097.907    952.046   1098.114    939.676   1175.151 N000117
     0.000      0.000   0.000      0.000      0.000   0.000   0.0000  0.0000      0.000      0.000   2737.625   1098.128   2733.557   1050.409 N000118
  1511.469   1095.109 -10.585   1510.384   1137.813 -10.726  -0.0308  0.1090   1513.540   1101.728   1513.571   1101.619   1510.415   1137.703 N000119
  1721.859   1099.402 -10.699   1722.548   1127.173 -10.840  -0.1405 -0.0979   1723.939   1106.022   1724.080   1106.120   1722.689   1127.260 N000120
  1213.696   1112.795  -9.000   1208.456   1176.912  -9.141   0.1962 -0.1429   1215.754   1119.411   1215.557   1119.554   1208.256   1177.069 N000121
  2263.821   1113.128 -12.345   2265.324   1103.305 -12.486  -0.1792  0.1283   2265.924   1119.753   2266.104   1119.625   2265.503   1103.166 N000122
     0.000      0.000   0.000      0.000      0.000   0.000   0.0000  0.0000      0.000      0.000   1167.555   1126.191   1159.382   1187.204 N000123
     0.000      0.000   0.000      0.000      0.000   0.000   0.0000  0.0000      0.000      0.000   2216.201   1129.024   2215.750   1115.854 N000124
   455.424   1130.160 -10.873    430.588   1251.535 -11.014  -0.0762  0.1600    457.447   1136.771    457.524   1136.611    430.668   1251.368 N000125
  1378.445   1148.689  -9.741   1375.543   1200.664  -9.882  -0.0548  0.1889   1380.509   1155.307   1380.564   1155.119   1375.599   1200.472 N000126
  2630.456   1168.158 -12.879   2629.785   1132.950 -13.020  -0.0443  0.1575   2632.574   1174.786   2632.618   1174.628   2629.829   1132.792 N000127
   189.482   1182.171  -9.685    153.841   1324.878  -9.827  -0.0184  0.1705    191.492   1188.781    191.511   1188.610    153.862   1324.705 N000128
  1485.468   1197.781 -10.357   1483.707   1241.781 -10.498  -0.0322  0.2548   1487.535   1204.401   1487.567   1204.147   1483.740   1241.525 N000129
  1014.463   1211.747 -10.822   1004.737   1290.434 -10.963  -0.0139 -0.2303   1016.510   1218.364   1016.524   1218.594   1004.750   1290.663 N000130
     0.000      0.000   0.000      0.000      0.000   0.000   0.0000  0.0000      0.000      0.000    774.464   1218.687    756.713   1309.141 N000131
  2029.226   1212.515  -9.841   2030.931   1217.818  -9.982   0.2263  0.0153   2031.317   1219.140   2031.091   1219.125   2030.704   1217.819 N000132
  3113.044   1219.759 -14.125   3106.533   1151.932 -14.266   0.0445 -0.0538   3115.183   1226.392   3115.139   1226.445   3106.490   1151.988 N000133
  1083.713   1226.614 -11.206   1075.354   1300.093 -11.347   0.1907  0.1143   1085.763   1233.232   1085.572   1233.118   1075.160   1299.993 N000134
     0.000      0.000   0.000      0.000      0.000   0.000   0.0000  0.0000      0.000      0.000   1363.395   1235.120   1357.811   1281.410 N000135
     0.000      0.000   0.000      0.000      0.000   0.000   0.0000  0.0000      0.000      0.000   1439.065   1235.620   1434.511   1276.384 N000136
     0.000      0.000   0.000      0.000      0.000   0.000   0.0000  0.0000      0.000      0.000   2256.172   1240.555   2255.655   1223.463 N000137
  2133.134   1238.167 -12.797   2134.882   1236.015 -12.939   0.1339  0.1669   2135.229   1244.793   2135.095   1244.626   2134.748   1235.859 N000138
     0.000      0.000   0.000      0.000      0.000   0.000   0.0000  0.0000      0.000      0.000   1474.566   1251.121   1470.391   1289.240 N000139
  1563.666   1253.005 -10.247   1562.551   1291.096 -10.388   0.1665  0.0047   1565.736   1259.626   1565.570   1259.622   1562.383   1291.103 N000140
     0.000      0.000   0.000      0.000      0.000   0.000   0.0000  0.0000      0.000      0.000   1883.184   1260.124   1882.321   1268.882 N000141
  1783.229   1254.658  -8.873   1783.932   1276.979  -9.014   0.0289  0.1578   1785.308   1261.281   1785.279   1261.123   1783.903   1276.824 N000142
  2117.442   1260.344  -9.148   2119.174   1259.089  -9.289  -0.0583 -0.1229   2119.536   1266.970   2119.594   1267.093   2119.232   1259.207 N000143
     0.000      0.000   0.000      0.000      0.000   0.000   0.0000  0.0000      0.000      0.000   1506.203   1274.531   1502.302   1310.257 N000144
  2436.571   1270.049 -10.377   2437.461   1246.716 -10.518   0.0707  0.0493   2438.678   1276.678   2438.608   1276.629   2437.391   1246.672 N000145
  1932.030   1271.585  -9.455   1933.416   1283.241  -9.597   0.0298  0.0846   1934.115   1278.209   1934.086   1278.125   1933.386   1283.159 N000146
  1282.887   1276.439  -9.370   1277.896   1335.009  -9.512  -0.1688 -0.0609   1284.944   1283.059   1285.112   1283.120   1278.067   1335.057 N000147
  3627.261   1281.804 -10.997   3611.131   1179.826 -11.138  -0.2390  0.1462   3629.421   1288.442   3629.660   1288.296   3611.363   1179.667 N000148
  1348.583   1288.366  -9.048   1344.563   1342.050  -9.189   0.0829 -0.1341   1350.642   1294.987   1350.560   1295.121   1344.478   1342.190 N000149
     0.000      0.000   0.000      0.000      0.000   0.000   0.0000  0.0000      0.000      0.000   1997.016   1302.054   1996.462   1302.482 N000150
  2789.743   1307.646 -11.029   2787.875   1259.989 -11.170   0.1382  0.1464   2791.866   1314.278   2791.728   1314.132   2787.738   1259.854 N000151
  1347.524   1308.941  -9.716   1343.377   1362.661  -9.857   0.0241 -0.0594   1349.583   1315.562   1349.559   1315.621   1343.352   1362.722 N000152
     0.000      0.000   0.000      0.000      0.000   0.000   0.0000  0.0000      0.000      0.000   1261.055   1320.621   1253.391   1374.291 N000153
  1455.854   1344.567 -12.701   1453.065   1390.216 -12.842  -0.1461  0.0669   1457.917   1351.189   1458.063   1351.123   1453.213   1390.138 N000154
  3638.703   1344.497 -14.321   3622.766   1240.730 -14.463  -0.0141 -0.0245   3640.862   1351.136   3640.876   1351.161   3622.780   1240.753 N000155
  1954.452   1350.040 -10.944   1955.757   1359.603 -11.085  -0.0485  0.0397   1956.536   1356.666   1956.585   1356.626   1955.806   1359.560 N000156
     0.000      0.000   0.000      0.000      0.000   0.000   0.0000  0.0000      0.000      0.000   2590.613   1358.381   2588.547   1317.198 N000157
     0.000      0.000   0.000      0.000      0.000   0.000   0.0000  0.0000      0.000      0.000   1464.663   1361.923   1459.846   1400.428 N000158
  1728.984   1356.941  -9.300   1728.999   1382.623  -9.441  -0.0162 -0.0587   1731.059   1363.566   1731.075   1363.625   1729.015   1382.680 N000159
  1370.768   1357.891 -11.875   1366.706   1409.810 -12.016   0.1431 -0.1086   1372.827   1364.514   1372.684   1364.622   1366.560   1409.929 N000160
  3972.401   1361.102  -9.341   3948.321   1235.980  -9.483  -0.0989  0.1019   3974.574   1367.744   3974.673   1367.642   3948.416   1235.874 N000161
  1747.012   1367.938 -11.101   1747.130   1392.271 -11.242   0.0120 -0.0623   1749.087   1374.563   1749.075   1374.625   1747.118   1392.334 N000162
     0.000      0.000   0.000      0.000      0.000   0.000   0.0000  0.0000      0.000      0.000   2202.595   1374.629   2202.133   1360.094 N000163
  2509.088   1369.501  -8.946   2509.680   1340.203  -9.087   0.0879  0.1255   2511.197   1376.131   2511.109   1376.006   2509.592   1340.085 N000164
  2192.636   1374.618 -10.915   2194.269   1367.215 -11.056   0.1361  0.1178   2194.731   1381.246   2194.595   1381.129   2194.133   1367.108 N000165
     0.000      0.000   0.000      0.000      0.000   0.000   0.0000  0.0000      0.000      0.000   2945.128   1385.523   2939.577   1320.094 N000166
     0.000      0.000   0.000      0.000      0.000   0.000   0.0000  0.0000      0.000      0.000   1406.060   1394.123   1400.265   1436.911 N000167
  1002.128   1388.103 -10.475    990.770   1467.883 -10.616   0.1590  0.1035   1004.170   1394.723   1004.011   1394.620    990.608   1467.792 N000168
     0.000      0.000   0.000      0.000      0.000   0.000   0.0000  0.0000      0.000      0.000   3370.075   1398.138   3357.902   1304.472 N000169
  2178.270   1402.464  -8.870   2179.881   1395.878  -9.011  -0.2298  0.0640   2180.364   1409.093   2180.594   1409.029   2180.111   1395.798 N000170
     0.000      0.000   0.000      0.000      0.000   0.000   0.0000  0.0000      0.000      0.000   1668.571   1409.625   1665.810   1433.051 N000171
     0.000      0.000   0.000      0.000      0.000   0.000   0.0000  0.0000      0.000      0.000   3368.646   1410.138   3356.568   1316.392 N000172
     0.000      0.000   0.000      0.000      0.000   0.000   0.0000  0.0000      0.000      0.000   1635.986   1419.125   1632.868   1444.906 N000173
  1150.432   1422.003  -9.992   1142.055   1490.501 -10.133  -0.0681  0.0028   1152.480   1428.624   1152.548   1428.622   1142.124   1490.493 N000174
  2172.528   1425.254 -10.999   2174.115   1418.926 -11.140   0.0280  0.1287   2174.621   1431.883   2174.593   1431.754   2174.087   1418.800 N000175
     0.000      0.000   0.000      0.000      0.000   0.000   0.0000  0.0000      0.000      0.000   3243.140   1435.137   3233.424   1349.282 N000176
  1903.015   1429.131  -9.571   1903.919   1441.971  -9.712  -0.0118  0.1570   1905.095   1435.758   1905.107   1435.601   1903.931   1441.814 N000177
  1397.972   1432.355  -9.434   1393.896   1482.181  -9.575  -0.0279 -0.1151   1400.031   1438.979   1400.059   1439.094   1393.924   1482.294 N000178
     0.000      0.000   0.000      0.000      0.000   0.000   0.0000  0.0000      0.000      0.000    612.024   1442.118    587.146   1546.199 N000179
  2587.951   1456.142  -9.754   2588.146   1420.631  -9.895  -0.0494  0.1420   2590.061   1462.775   2590.110   1462.633   2588.195   1420.487 N000180
  2417.974   1459.684  -8.870   2419.072   1435.918  -9.011  -0.0255  0.1845   2420.077   1466.316   2420.103   1466.132   2419.098   1435.733 N000181
     0.000      0.000   0.000      0.000      0.000   0.000   0.0000  0.0000      0.000      0.000   2123.090   1473.130   2122.503   1463.585 N000182
     0.000      0.000   0.000      0.000      0.000   0.000   0.0000  0.0000      0.000      0.000    922.315   1476.232    906.198   1556.006 N000183
  2899.667   1480.343 -10.105   2897.086   1423.323 -10.246   0.1407 -0.1574   2901.791   1486.978   2901.650   1487.136   2896.948   1423.488 N000184
     0.000      0.000   0.000      0.000      0.000   0.000   0.0000  0.0000      0.000      0.000   1212.249   1491.323   1202.552   1548.754 N000185
  1836.385   1487.342 -12.739   1836.737   1504.791 -12.880  -0.1146 -0.1583   1838.462   1493.970   1838.577   1494.128   1836.852   1504.940 N000186
     0.000      0.000   0.000      0.000      0.000   0.000   0.0000  0.0000      0.000      0.000   1465.594   1497.125   1460.066   1535.416 N000187
  1754.200   1492.464 -10.019   1753.926   1515.888 -10.160   0.2003 -0.0364   1756.273   1499.091   1756.073   1499.127   1753.724   1515.939 N000188
  1530.648   1496.501  -8.859   1528.036   1536.410  -9.000   0.1481  0.0006   1532.711   1503.126   1532.563   1503.126   1527.886   1536.420 N000189
     0.000      0.000   0.000      0.000      0.000   0.000   0.0000  0.0000      0.000      0.000   1566.064   1508.626   1561.764   1539.427 N000190
  2124.757   1503.627 -10.568   2126.208   1500.259 -10.709  -0.2148  0.1271   2126.846   1510.257   2127.061   1510.130   2126.423   1500.117 N000191
     0.000      0.000   0.000      0.000      0.000   0.000   0.0000  0.0000      0.000      0.000   1163.183   1514.123   1152.332   1575.367 N000192
     0.000      0.000   0.000      0.000      0.000   0.000   0.0000  0.0000      0.000      0.000   2265.178   1518.715   2264.545   1498.851 N000193
  1399.519   1535.292 -11.714   1394.834   1585.045 -11.855   0.0189 -0.2081   1401.575   1541.917   1401.557   1542.125   1394.814   1585.255 N000194
  2175.724   1535.494 -10.264   2177.172   1528.343 -10.405   0.1410 -0.0064   2177.815   1542.125   2177.674   1542.131   2177.031   1528.360 N000195
     0.000      0.000   0.000      0.000      0.000   0.000   0.0000  0.0000      0.000      0.000   2234.067   1543.553   2233.427   1525.762 N000196
  4004.627   1538.908 -12.306   3981.286   1408.776 -12.447   0.1268 -0.0924   4006.798   1545.553   4006.671   1545.645   3981.163   1408.875 N000197
   921.414   1540.470  -8.730    906.691   1627.126  -8.871   0.0809  0.0535    923.450   1547.092    923.369   1547.039    906.608   1627.079 N000198
     0.000      0.000   0.000      0.000      0.000   0.000   0.0000  0.0000      0.000      0.000   2334.950   1551.633   2334.181   1526.654 N000199
     0.000      0.000   0.000      0.000      0.000   0.000   0.0000  0.0000      0.000      0.000    488.516   1553.619    457.962   1668.609 N000200
     0.000      0.000   0.000      0.000      0.000   0.000   0.0000  0.0000      0.000      0.000   1850.576   1567.701   1848.686   1577.465 N000201
  1673.872   1563.604 -10.428   1672.560   1592.851 -10.570  -0.1277  0.1039   1675.940   1570.232   1676.068   1570.128   1672.689   1592.738 N000202
  1885.512   1564.512  -8.730   1885.919   1578.194  -8.871   0.0120  0.0115   1887.589   1571.141   1887.577   1571.130   1885.907   1578.183 N000203
     0.000      0.000   0.000      0.000      0.000   0.000   0.0000  0.0000      0.000      0.000   3056.128   1584.639   3049.836   1509.553 N000204
  1830.500   1585.629 -10.391   1830.466   1603.303 -10.532   0.0001  0.1291   1832.574   1592.259   1832.574   1592.130   1830.467   1603.174 N000205
  2022.166   1585.915 -11.541   2023.176   1589.611 -11.682   0.1664 -0.0849   2024.249   1592.546   2024.083   1592.631   2023.009   1589.707 N000206
   595.659   1597.784  -9.552    570.388   1710.978  -9.693   0.1586 -0.1011    597.678   1604.404    597.520   1604.505    570.223   1711.093 N000207
     0.000      0.000   0.000      0.000      0.000   0.000   0.0000  0.0000      0.000      0.000   1253.549   1605.125   1243.789   1659.705 N000208
     0.000      0.000   0.000      0.000      0.000   0.000   0.0000  0.0000      0.000      0.000   1847.575   1613.130   1845.498   1623.044 N000209
  1676.980   1606.851 -10.596   1675.499   1635.861 -10.737  -0.0196 -0.1489   1679.048   1613.480   1679.067   1613.629   1675.518   1636.009 N000210
     0.000      0.000   0.000      0.000      0.000   0.000   0.0000  0.0000      0.000      0.000   1397.055   1615.093   1389.760   1658.698 N000211
  1714.122   1611.813 -11.216   1712.993   1638.063 -11.357   0.0959 -0.1865   1716.191   1618.443   1716.095   1618.629   1712.895   1638.257 N000212
  2032.948   1627.478 -11.102   2033.888   1630.283 -11.243  -0.0524 -0.0218   2035.030   1634.110   2035.082   1634.132   2033.941   1630.301 N000213
     0.000      0.000   0.000      0.000      0.000   0.000   0.0000  0.0000      0.000      0.000   2212.590   1645.633   2211.808   1628.941 N000214
  2771.141   1651.506 -10.888   2770.219   1601.812 -11.029   0.1049  0.0058   2773.255   1658.144   2773.150   1658.138   2770.115   1601.814 N000215
     0.000      0.000   0.000      0.000      0.000   0.000   0.0000  0.0000      0.000      0.000   1062.539   1659.625   1048.197   1729.361 N000216
  1932.703   1653.012 -11.530   1933.091   1663.092 -11.672   0.2026  0.0117   1934.780   1659.643   1934.577   1659.631   1932.887   1663.095 N000217
  2410.228   1653.317 -10.253   2411.307   1628.949 -10.394  -0.2442 -0.1550   2412.326   1659.952   2412.571   1660.107   2411.550   1629.086 N000218
     0.000      0.000   0.000      0.000      0.000   0.000   0.0000  0.0000      0.000      0.000   1200.545   1675.126   1189.156   1734.121 N000219
     0.000      0.000   0.000      0.000      0.000   0.000   0.0000  0.0000      0.000      0.000   1276.048   1675.127   1266.169   1728.246 N000220
  1215.633   1672.535 -12.483   1206.603   1736.840 -12.624   0.1332  0.0347   1217.679   1679.161   1217.546   1679.126   1206.467   1736.816 N000221
     0.000      0.000   0.000      0.000      0.000   0.000   0.0000  0.0000      0.000      0.000   2392.035   1680.354   2391.049   1650.706 N000222
     0.000      0.000   0.000      0.000      0.000   0.000   0.0000  0.0000      0.000      0.000   2112.884   1699.934   2111.825   1690.295 N000223
  2508.475   1695.440  -9.334   2509.200   1663.915  -9.475  -0.0255  0.3988   2510.576   1702.077   2510.602   1701.678   2509.226   1663.516 N000224
   165.636   1695.542 -10.783    121.511   1845.967 -10.924   0.1361  0.0089    167.635   1702.161    167.499   1702.152    121.369   1845.970 N000225
  3356.272   1697.723 -10.592   3348.061   1607.761 -10.733  -0.2524  0.1992   3358.411   1704.366   3358.663   1704.167   3348.308   1607.547 N000226
     0.000      0.000   0.000      0.000      0.000   0.000   0.0000  0.0000      0.000      0.000   1265.630   1711.627   1255.252   1765.734 N000227
  2072.761   1707.157 -10.117   2073.632   1706.901 -10.258  -0.0144  0.1574   2074.843   1713.791   2074.857   1713.633   2073.647   1706.743 N000228
     0.000      0.000   0.000      0.000      0.000   0.000   0.0000  0.0000      0.000      0.000   1680.565   1722.531   1676.488   1744.904 N000229
     0.000      0.000   0.000      0.000      0.000   0.000   0.0000  0.0000      0.000      0.000   1518.058   1735.130   1511.824   1769.860 N000230
  2963.173   1728.997  -9.969   2960.543   1665.490 -10.111   0.1730 -0.0029   2965.294   1735.638   2965.121   1735.641   2960.372   1665.505 N000231
     0.000      0.000   0.000      0.000      0.000   0.000   0.0000  0.0000      0.000      0.000   2322.593   1737.136   2321.660   1712.254 N000232
  3703.615   1745.258  -8.881   3689.019   1631.801  -9.023   0.1149  0.1584   3705.768   1751.905   3705.653   1751.746   3688.906   1631.652 N000233
     0.000      0.000   0.000      0.000      0.000   0.000   0.0000  0.0000      0.000      0.000   2121.083   1771.835   2119.866   1761.485 N000234
  1931.172   1767.358 -10.523   1931.125   1777.503 -10.664   0.1717 -0.1415   1933.247   1773.992   1933.075   1774.133   1930.952   1777.657 N000235
  2248.746   1771.019  -8.878   2249.847   1757.851  -9.019   0.2463  0.0185   2250.835   1777.654   2250.589   1777.636   2249.600   1757.850 N000236
     0.000      0.000   0.000      0.000      0.000   0.000   0.0000  0.0000      0.000      0.000   1417.817   1779.806   1409.683   1822.438 N000237
     0.000      0.000   0.000      0.000      0.000   0.000   0.0000  0.0000      0.000      0.000   1998.103   1780.634   1996.339   1779.333 N000238
  1544.861   1778.129  -9.091   1540.780   1817.469  -9.232  -0.0479  0.0835   1546.919   1784.760   1546.967   1784.676   1540.829   1817.382 N000239
     0.000      0.000   0.000      0.000      0.000   0.000   0.0000  0.0000      0.000      0.000   1535.057   1791.631   1528.702   1825.278 N000240
  1644.658   1786.215 -10.059   1641.853   1817.963 -10.200   0.1583 -0.0522   1646.720   1792.846   1646.562   1792.898   1641.692   1818.027 N000241
  1957.958   1791.822  -9.960   1957.979   1799.987 -10.101  -0.0416 -0.1782   1960.034   1798.456   1960.076   1798.634   1958.020   1800.162 N000242
  1453.298   1795.031  -9.609   1447.687   1841.500  -9.750  -0.0951  0.0312   1455.351   1801.661   1455.446   1801.630   1447.784   1841.461 N000243
     0.000      0.000   0.000      0.000      0.000   0.000   0.0000  0.0000      0.000      0.000   1407.551   1806.130   1399.044   1849.700 N000244
     0.000      0.000   0.000      0.000      0.000   0.000   0.0000  0.0000      0.000      0.000   1180.541   1812.090   1167.482   1873.543 N000245
  2945.040   1806.706 -10.496   2942.773   1743.974 -10.638   0.0405  0.2058   2947.159   1813.348   2947.119   1813.142   2942.733   1743.772 N000246
  2039.677   1808.695 -10.244   2040.089   1810.804 -10.385   0.1774  0.1955   2041.756   1815.330   2041.579   1815.135   2039.911   1810.622 N000247
  1264.252   1808.820  -9.925   1255.039   1870.139 -10.067  -0.0819 -0.1797   1266.296   1815.449   1266.378   1815.629   1255.121   1870.314 N000248
   762.222   1811.730 -10.319    739.808   1913.570 -10.460   0.2217  0.1775    764.244   1818.356    764.023   1818.178    739.581   1913.408 N000249
     0.000      0.000   0.000      0.000      0.000   0.000   0.0000  0.0000      0.000      0.000   2451.597   1819.638   2450.356   1785.284 N000250
     0.000      0.000   0.000      0.000      0.000   0.000   0.0000  0.0000      0.000      0.000   2091.081   1822.993   2089.612   1814.824 N000251
     0.000      0.000   0.000      0.000      0.000   0.000   0.0000  0.0000      0.000      0.000   1861.571   1823.634   1858.707   1832.569 N000252
  1274.927   1822.413  -9.793   1265.810   1882.987  -9.935  -0.0732 -0.0868   1276.972   1829.043   1277.045   1829.129   1265.884   1883.069 N000253
     0.000      0.000   0.000      0.000      0.000   0.000   0.0000  0.0000      0.000      0.000   1980.159   1828.802   1978.110   1828.858 N000254
  1193.034   1823.658 -11.824   1182.167   1890.728 -11.965   0.0340  0.1577   1195.075   1830.287   1195.041   1830.129   1182.134   1890.571 N000255
  2353.333   1823.650  -9.240   2354.342   1802.833  -9.381  -0.1670  0.2413   2355.425   1830.288   2355.592   1830.047   2354.509   1802.580 N000256
     0.000      0.000   0.000      0.000      0.000   0.000   0.0000  0.0000      0.000      0.000   2770.611   1830.141   2767.807   1773.045 N000257
     0.000      0.000   0.000      0.000      0.000   0.000   0.0000  0.0000      0.000      0.000   2275.089   1832.137   2274.019   1810.498 N000258
  1870.767   1825.983  -9.696   1870.024   1840.721  -9.837  -0.1612 -0.0174   1872.838   1832.617   1873.000   1832.634   1870.186   1840.726 N000259
  2808.450   1832.557 -10.467   2807.463   1779.252 -10.609  -0.0502  0.0568   2810.562   1839.198   2810.612   1839.141   2807.513   1779.192 N000260
  2151.694   1833.816 -11.372   2152.475   1827.669 -11.513   0.1941 -0.1839   2153.777   1840.452   2153.583   1840.636   2152.280   1827.867 N000261
     0.000      0.000   0.000      0.000      0.000   0.000   0.0000  0.0000      0.000      0.000   1154.123   1843.712   1140.154   1907.530 N000262
  1465.791   1838.044  -9.350   1460.068   1883.780  -9.491  -0.2095 -0.0190   1467.844   1844.675   1468.053   1844.694   1460.281   1883.783 N000263
  3810.236   1846.828 -11.041   3794.029   1725.330 -11.182   0.0460 -0.1719   3812.392   1853.477   3812.346   1853.649   3793.985   1725.503 N000264
     0.000      0.000   0.000      0.000      0.000   0.000   0.0000  0.0000      0.000      0.000   1496.554   1854.632   1489.166   1891.564 N000265
  2993.152   1848.724 -11.015   2990.471   1782.423 -11.156   0.1518  0.1045   2995.272   1855.366   2995.120   1855.262   2990.321   1782.330 N000266
  1041.122   1852.391 -10.538   1026.319   1931.896 -10.679   0.1225 -0.1091   1043.156   1859.019   1043.034   1859.128   1026.192   1932.016 N000267
  1016.387   1855.466 -10.982   1000.899   1937.004 -11.123  -0.1131 -0.0344   1018.420   1862.094   1018.533   1862.128   1001.015   1937.030 N000268
  2242.411   1862.642 -11.232   2243.320   1849.847 -11.373  -0.0886  0.1421   2244.498   1869.280   2244.587   1869.137   2243.409   1849.698 N000269
  1761.531   1864.351 -10.824   1759.586   1887.463 -10.966   0.0315 -0.1107   1763.597   1870.985   1763.565   1871.095   1759.554   1887.576 N000270
   272.605   1873.399 -10.041    230.409   2017.576 -10.182   0.1052 -0.1013    274.605   1880.021    274.500   1880.123    230.297   2017.688 N000271
  2148.616   1873.073 -14.217   2149.275   1867.167 -14.358   0.1157  0.0511   2150.698   1879.710   2150.582   1879.659   2149.159   1867.125 N000272
     0.000      0.000   0.000      0.000      0.000   0.000   0.0000  0.0000      0.000      0.000   1211.005   1883.487   1197.937   1943.105 N000273
     0.000      0.000   0.000      0.000      0.000   0.000   0.0000  0.0000      0.000      0.000   2282.588   1885.638   2281.419   1863.422 N000274
  2585.662   1882.603 -13.242   2586.017   1844.966 -13.384   0.1624  0.1032   2587.764   1889.244   2587.601   1889.140   2585.855   1844.875 N000275
     0.000      0.000   0.000      0.000      0.000   0.000   0.0000  0.0000      0.000      0.000   1633.509   1893.683   1627.849   1920.227 N000276
  1370.781   1888.144 -10.057   1362.975   1941.645 -10.199   0.2455  0.1443   1372.829   1894.776   1372.584   1894.631   1362.726   1941.519 N000277
     0.000      0.000   0.000      0.000      0.000   0.000   0.0000  0.0000      0.000      0.000   2722.576   1897.142   2720.136   1843.217 N000278
     0.000      0.000   0.000      0.000      0.000   0.000   0.0000  0.0000      0.000      0.000   1073.534   1903.129   1056.998   1973.996 N000279
   953.277   1899.378  -9.628    935.557   1986.536  -9.769  -0.1512 -0.1223    955.307   1906.006    955.458   1906.128    935.711   1986.647 N000280
  1788.192   1903.217 -10.141   1786.302   1924.443 -10.283   0.1924  0.2167   1790.258   1909.851   1790.066   1909.635   1786.109   1924.240 N000281
  2476.285   1903.898 -11.665   2476.985   1874.101 -11.806  -0.2152 -0.1021   2478.381   1910.538   2478.596   1910.640   2477.199   1874.187 N000282
  1733.332   1907.497 -11.349   1730.837   1932.937 -11.490  -0.1679 -0.0034   1735.395   1914.131   1735.563   1914.134   1731.007   1932.927 N000283
  1280.805   1916.668  -9.427   1270.946   1977.533  -9.569  -0.5946  0.1679   1282.849   1923.299   1283.443   1923.131   1271.553   1977.316 N000284
   965.402   1925.670 -11.271    947.712   2012.143 -11.412  -0.0983  0.1079    967.431   1932.299    967.529   1932.191    947.814   2012.026 N000285
     0.000      0.000   0.000      0.000      0.000   0.000   0.0000  0.0000      0.000      0.000    490.508   1935.125     -1.000     -1.000 N000286
     0.000      0.000   0.000      0.000      0.000   0.000   0.0000  0.0000      0.000      0.000   2664.104   1941.070   2661.991   1891.225 N000287
     0.000      0.000   0.000      0.000      0.000   0.000   0.0000  0.0000      0.000      0.000   2627.185   1943.642   2625.247   1896.443 N000288
     0.000      0.000   0.000      0.000      0.000   0.000   0.0000  0.0000      0.000      0.000   2722.106   1944.142   2719.678   1890.142 N000289
     0.000      0.000   0.000      0.000      0.000   0.000   0.0000  0.0000      0.000      0.000   2287.337   1950.702   2286.023   1928.167 N000290
  2451.803   1954.323 -11.030   2452.484   1926.272 -11.171  -0.1974 -0.1770   2453.896   1960.964   2454.094   1961.141   2452.681   1926.435 N000291
  2648.101   1955.036 -10.471   2648.148   1912.802 -10.612   0.1006  0.0361   2650.203   1961.678   2650.103   1961.642   2648.048   1912.773 N000292
  3182.618   1956.499 -12.011   3177.983   1876.540 -12.153   0.1177 -0.0005   3184.744   1963.146   3184.626   1963.146   3177.867   1876.549 N000293
  1401.830   1961.703 -11.842   1393.976   2013.341 -11.984  -0.1699  0.2026   1403.878   1968.335   1404.048   1968.133   1394.151   2013.123 N000294
     0.000      0.000   0.000      0.000      0.000   0.000   0.0000  0.0000      0.000      0.000   3864.356   1968.151   3845.662   1835.555 N000295
     0.000      0.000   0.000      0.000      0.000   0.000   0.0000  0.0000      0.000      0.000    525.009   1970.126     -1.000     -1.000 N000296
  2103.828   1963.587 -11.559   2103.992   1961.172 -11.701  -0.1724  0.0867   2105.906   1970.225   2106.078   1970.138   2104.166   1961.072 N000297
  1120.447   1965.989 -10.463   1106.419   2040.264 -10.604  -0.0528 -0.0109   1122.482   1972.620   1122.535   1972.631   1106.473   2040.271 N000298
  2447.046   1973.419 -10.282   2447.706   1945.719 -10.424   0.0459 -0.0813   2449.139   1980.060   2449.093   1980.141   2447.660   1945.804 N000299
     0.000      0.000   0.000      0.000      0.000   0.000   0.0000  0.0000      0.000      0.000    585.511   1987.127     -1.000     -1.000 N000300
     0.000      0.000   0.000      0.000      0.000   0.000   0.0000  0.0000      0.000      0.000   2876.912   1986.444   2873.426   1921.345 N000301
     0.000      0.000   0.000      0.000      0.000   0.000   0.0000  0.0000      0.000      0.000   2552.697   2005.642   2550.989   1963.783 N000302
  2820.455   2004.926  -9.321   2819.513   1950.290  -9.462  -0.0446 -0.0737   2822.564   2011.571   2822.609   2011.644   2819.557   1950.361 N000303
   167.951   2007.831 -13.352    123.119   2112.150 -13.493  -0.0494 -0.1685    169.943   2014.456    169.992   2014.624    123.168   2112.317 N000304
     0.000      0.000   0.000      0.000      0.000   0.000   0.0000  0.0000      0.000      0.000   1394.996   2018.134     -1.000     -1.000 N000305
  2010.406   2014.404 -10.964   2009.808   2019.204 -11.105  -0.0942 -0.0960   2012.479   2021.042   2012.573   2021.138   2009.903   2019.293 N000306
     0.000      0.000   0.000      0.000      0.000   0.000   0.0000  0.0000      0.000      0.000   3155.823   2028.047   3149.595   1943.208 N000307
     0.000      0.000   0.000      0.000      0.000   0.000   0.0000  0.0000      0.000      0.000   2464.093   2036.642   2462.545   2001.260 N000308
  2375.115   2030.933  -9.563   2375.728   2008.565  -9.705   0.1150 -0.0173   2377.204   2037.574   2377.089   2037.591   2375.613   2008.591 N000309
  3055.556   2046.177  -9.976   3052.604   1974.804 -10.117   0.0563  0.1772   3057.675   2052.824   3057.618   2052.647   3052.548   1974.631 N000310
     0.000      0.000   0.000      0.000      0.000   0.000   0.0000  0.0000      0.000      0.000   2159.579   2054.640   2157.596   2041.855 N000311
     0.000      0.000   0.000      0.000      0.000   0.000   0.0000  0.0000      0.000      0.000   2356.087   2062.704   2354.551   2035.308 N000312
  2557.750   2060.254  -9.277   2558.043   2024.562  -9.418   0.1786 -0.1034   2559.846   2066.897   2559.668   2067.000   2557.865   2024.679 N000313
  3119.620   2072.264 -11.574   3116.025   1996.329 -11.715   0.1197 -0.2363   3121.740   2078.911   3121.621   2079.148   3115.907   1996.573 N000314
     0.000      0.000   0.000      0.000      0.000   0.000   0.0000  0.0000      0.000      0.000   2529.594   2099.644     -1.000     -1.000 N000315
  1732.918   2095.091 -11.692   1732.918   2069.349 -11.833  -0.0825  0.0909   1734.977   2101.729   1735.059   2101.638   1733.002   2069.251 N000316
     0.000      0.000   0.000      0.000      0.000   0.000   0.0000  0.0000      0.000      0.000   1606.665   2107.637   1602.951   2085.363 N000317
  1967.801   2121.595 -11.012   1969.881   2077.849 -11.153  -0.1989  0.0952   1969.870   2128.235   1970.069   2128.140   1970.082   2077.738 N000318
  1368.385   2125.763 -10.502   1362.524   2129.274 -10.643  -0.1148 -0.2370   1370.428   2132.398   1370.543   2132.635   1362.639   2129.504 N000319
   811.451   2130.253 -11.897    790.969   2180.313 -12.038  -0.0492 -0.2473    813.469   2136.884    813.518   2137.131    791.017   2180.560 N000320
     0.000      0.000   0.000      0.000      0.000   0.000   0.0000  0.0000      0.000      0.000   1449.161   2145.636   1442.653   2136.263 N000321
  1942.145   2139.369  -9.643   1943.969   2097.684  -9.785   0.1447 -0.0689   1944.212   2146.009   1944.068   2146.077   1943.823   2097.764 N000322
     0.000      0.000   0.000      0.000      0.000   0.000   0.0000  0.0000      0.000      0.000   2326.084   2147.685   2327.563   2070.396 N000323
  1969.494   2154.170  -9.887   1971.473   2110.466 -10.029  -0.0057  0.1696   1971.563   2160.810   1971.568   2160.640   1971.479   2110.295 N000324
     0.000      0.000   0.000      0.000      0.000   0.000   0.0000  0.0000      0.000      0.000   2227.553   2162.642   2228.820   2092.801 N000325
   509.024   2157.338 -11.702    477.063   2234.184 -11.843   0.0245 -0.1625    511.029   2163.967    511.004   2164.130    477.035   2234.352 N000326
  2086.297   2159.406 -10.306   2089.040   2106.787 -10.447  -0.2026 -0.0938   2088.371   2166.048   2088.573   2166.141   2089.243   2106.866 N000327
  2050.811   2164.520 -12.458   2053.323   2114.638 -12.600  -0.1655  0.0199   2052.882   2171.161   2053.048   2171.141   2053.490   2114.605 N000328
     0.000      0.000   0.000      0.000      0.000   0.000   0.0000  0.0000      0.000      0.000   2165.577   2172.642   2166.603   2107.533 N000329
  1638.359   2175.093 -11.025   1636.721   2157.376 -11.166  -0.1412  0.0931   1640.412   2181.731   1640.553   2181.638   1636.865   2157.271 N000330
     0.000      0.000   0.000      0.000      0.000   0.000   0.0000  0.0000      0.000      0.000   1730.557   2181.639   1728.034   2150.166 N000331
     0.000      0.000   0.000      0.000      0.000   0.000   0.0000  0.0000      0.000      0.000   2451.089   2185.644   2452.519   2099.122 N000332
     0.000      0.000   0.000      0.000      0.000   0.000   0.0000  0.0000      0.000      0.000   2250.080   2188.643   2251.364   2117.196 N000333
  1763.284   2185.218 -11.284   1763.167   2157.732 -11.425  -0.1897  0.1921   1765.343   2191.858   1765.532   2191.666   1763.360   2157.524 N000334
  2502.605   2190.841  -9.844   2506.042   2107.006  -9.985   0.1054 -0.1590   2504.697   2197.486   2504.591   2197.645   2505.937   2107.173 N000335
     0.000      0.000   0.000      0.000      0.000   0.000   0.0000  0.0000      0.000      0.000   1451.045   2198.637   1444.174   2189.637 N000336
  1330.134   2198.688  -9.741   1322.892   2206.108  -9.882   0.1340  0.1217   1332.173   2205.325   1332.039   2205.203   1322.756   2205.996 N000337
  1178.136   2200.307  -9.756   1167.407   2220.321  -9.897   0.1356 -0.1927   1180.168   2206.943   1180.033   2207.135   1167.266   2220.527 N000338
  3153.014   2200.336 -11.186   3152.188   2069.311 -11.328   0.0140 -0.1636   3155.134   2206.987   3155.119   2207.150   3152.175   2069.475 N000339
     0.000      0.000   0.000      0.000      0.000   0.000   0.0000  0.0000      0.000      0.000   3573.138   2207.153     -1.000     -1.000 N000340
     0.000      0.000   0.000      0.000      0.000   0.000   0.0000  0.0000      0.000      0.000   1110.029   2212.635   1095.440   2231.956 N000341
  1236.253   2216.719 -11.144   1226.753   2232.111 -11.285   0.0148 -0.1138   1238.288   2223.355   1238.273   2223.469   1226.737   2232.228 N000342
     0.000      0.000   0.000      0.000      0.000   0.000   0.0000  0.0000      0.000      0.000   2554.593   2227.646   2555.844   2133.526 N000343
  1499.166   2237.010  -9.926   1494.897   2231.060 -10.067   0.0776  0.0101   1501.212   2243.648   1501.134   2243.638   1494.818   2231.056 N000344
     0.000      0.000   0.000      0.000      0.000   0.000   0.0000  0.0000      0.000      0.000   3036.113   2247.689   3034.595   2118.431 N000345
  2149.901   2248.621 -10.007   2152.727   2191.612 -10.149  -0.0995  0.1212   2151.975   2255.265   2152.074   2255.143   2152.827   2191.483 N000346
   437.595   2251.734 -11.503    401.290   2336.733 -11.645   0.0949  0.2344    439.594   2258.365    439.499   2258.131    401.195   2336.502 N000347
  3181.249   2258.018  -9.183   3180.369   2124.854  -9.324  -0.0011  0.0176   3183.368   2264.669   3183.370   2264.651   3180.371   2124.837 N000348
  1379.205   2258.512 -10.439   1372.471   2262.615 -10.580   0.2055  0.0116   1381.246   2265.149   1381.040   2265.138   1372.261   2262.620 N000349
  1305.821   2261.630 -12.428   1297.489   2271.833 -12.569  -0.1790  0.1298   1307.858   2268.267   1308.037   2268.137   1297.673   2271.687 N000350
  2148.705   2272.418 -10.305   2151.453   2215.645 -10.446   0.2050 -0.0821   2150.779   2279.062   2150.574   2279.144   2151.246   2215.743 N000351
  2591.410   2274.387 -11.084   2594.674   2184.158 -11.225  -0.0900 -0.1133   2593.503   2281.034   2593.593   2281.147   2594.764   2184.265 N000352
  1352.331   2277.219 -11.215   1344.866   2283.777 -11.356  -0.1691  0.1956   1354.370   2283.857   1354.539   2283.662   1345.040   2283.565 N000353
     0.000      0.000   0.000      0.000      0.000   0.000   0.0000  0.0000      0.000      0.000   3232.121   2284.152   3228.639   2140.832 N000354
     0.000      0.000   0.000      0.000      0.000   0.000   0.0000  0.0000      0.000      0.000   2305.539   2285.145   2306.773   2209.926 N000355
     0.000      0.000   0.000      0.000      0.000   0.000   0.0000  0.0000      0.000      0.000   2745.600   2286.148   2746.242   2178.041 N000356
   985.335   2282.669  -9.751    968.521   2320.175  -9.892  -0.1647  0.1694    987.358   2289.305    987.522   2289.135    968.692   2319.989 N000357
   389.802   2287.809 -10.484    350.867   2377.858 -10.625   0.0242  0.0034    391.798   2294.440    391.774   2294.437    350.842   2377.857 N000358
     0.000      0.000   0.000      0.000      0.000   0.000   0.0000  0.0000      0.000      0.000   1741.555   2294.691   1738.527   2263.344 N000359
     0.000      0.000   0.000      0.000      0.000   0.000   0.0000  0.0000      0.000      0.000   1242.033   2299.209   1229.867   2308.675 N000360
  2658.174   2295.431 -10.961   2661.262   2200.308 -11.102   0.1457 -0.0695   2660.269   2302.079   2660.124   2302.148   2661.117   2200.389 N000361
     0.000      0.000   0.000      0.000      0.000   0.000   0.0000  0.0000      0.000      0.000   1728.055   2307.641   1724.775   2277.498 N000362
  1251.197   2303.860  -9.967   1241.221   2319.188 -10.108  -0.1876 -0.1398   1253.231   2310.498   1253.418   2310.638   1241.412   2319.314 N000363
  1716.183   2303.735  -8.985   1714.809   2281.043  -9.126   0.1830 -0.0986   1718.237   2310.376   1718.054   2310.474   1714.623   2281.158 N000364
  1986.706   2306.671 -10.464   1988.226   2262.686 -10.605  -0.0441  0.1705   1988.772   2313.314   1988.816   2313.143   1988.271   2262.510 N000365
     0.000      0.000   0.000      0.000      0.000   0.000   0.0000  0.0000      0.000      0.000   3439.630   2315.154   3433.503   2157.118 N000366
     0.000      0.000   0.000      0.000      0.000   0.000   0.0000  0.0000      0.000      0.000   1399.040   2315.639   1390.193   2312.284 N000367
     0.000      0.000   0.000      0.000      0.000   0.000   0.0000  0.0000      0.000      0.000    566.503   2316.233    532.610   2384.439 N000368
   600.148   2309.675  -9.021    569.682   2381.338  -9.162   0.1479  0.0317    602.153   2316.307    602.005   2316.276    569.529   2381.319 N000369
     0.000      0.000   0.000      0.000      0.000   0.000   0.0000  0.0000      0.000      0.000    927.519   2316.335    906.539   2352.809 N000370
     0.000      0.000   0.000      0.000      0.000   0.000   0.0000  0.0000      0.000      0.000   2255.578   2319.145   2256.594   2247.931 N000371
  2704.995   2314.545  -9.284   2707.934   2216.007  -9.425  -0.0046  0.0446   2707.093   2321.193   2707.097   2321.149   2707.938   2215.962 N000372
     0.000      0.000   0.000      0.000      0.000   0.000   0.0000  0.0000      0.000      0.000   1672.097   2322.550   1667.951   2297.040 N000373
  1187.800   2324.744 -10.286   1176.070   2345.704 -10.428  -0.2361  0.2436   1189.830   2331.381   1190.066   2331.138   1176.315   2345.437 N000374
  2428.790   2325.879  -8.911   2432.195   2248.036  -9.052  -0.1382 -0.0495   2430.875   2332.526   2431.013   2332.575   2432.333   2248.075 N000375
     0.000      0.000   0.000      0.000      0.000   0.000   0.0000  0.0000      0.000      0.000   2107.071   2334.144   2107.306   2274.482 N000376
  1675.751   2333.909  -9.501   1673.614   2314.781  -9.643  -0.1490 -0.0906   1677.803   2340.551   1677.952   2340.641   1673.765   2314.861 N000377
  2144.126   2336.109 -11.513   2146.646   2280.123 -11.654   0.1263  0.1092   2146.198   2342.754   2146.072   2342.645   2146.519   2280.023 N000378
   560.062   2343.227 -10.184    527.491   2419.164 -10.325   0.0616 -0.2418    562.064   2349.860    562.002   2350.102    527.423   2419.416 N000379
     0.000      0.000   0.000      0.000      0.000   0.000   0.0000  0.0000      0.000      0.000   1099.555   2354.137   1083.177   2376.476 N000380
     0.000      0.000   0.000      0.000      0.000   0.000   0.0000  0.0000      0.000      0.000   1463.750   2356.098   1455.840   2347.944 N000381
  1657.370   2364.540 -10.999   1654.751   2347.248 -11.140  -0.0740  0.0401   1659.421   2371.182   1659.495   2371.142   1654.826   2347.201 N000382
     0.000      0.000   0.000      0.000      0.000   0.000   0.0000  0.0000      0.000      0.000   2447.085   2373.460   2448.361   2287.957 N000383
     0.000      0.000   0.000      0.000      0.000   0.000   0.0000  0.0000      0.000      0.000   2508.588   2373.648   2509.863   2283.493 N000384
  2015.913   2372.598 -11.782   2017.392   2326.891 -11.923  -0.0873  0.0976   2017.979   2379.242   2018.066   2379.145   2017.480   2326.786 N000385
     0.000      0.000   0.000      0.000      0.000   0.000   0.0000  0.0000      0.000      0.000   1269.483   2380.589   1257.168   2388.959 N000386
     0.000      0.000   0.000      0.000      0.000   0.000   0.0000  0.0000      0.000      0.000   2682.595   2380.650   2683.570   2277.481 N000387
   346.789   2387.005 -10.056    304.286   2483.234 -10.198  -0.2114  0.0052    348.781   2393.637    348.992   2393.632    304.507   2483.209 N000388
  2072.228   2386.887  -9.206   2074.087   2336.901  -9.347  -0.0848 -0.1130   2074.296   2393.532   2074.380   2393.645   2074.172   2337.008 N000389
  1688.198   2392.499 -10.406   1685.834   2373.052 -10.547   0.1982 -0.0011   1690.249   2399.141   1690.051   2399.142   1685.633   2373.069 N000390
  1180.119   2393.389  -9.677   1167.467   2416.092  -9.818   0.0897 -0.0525   1182.148   2400.027   1182.058   2400.080   1167.374   2416.153 N000391
     0.000      0.000   0.000      0.000      0.000   0.000   0.0000  0.0000      0.000      0.000    673.506   2401.135    642.564   2461.560 N000392
   386.781   2407.877 -10.645    345.752   2500.953 -10.786  -0.1564 -0.1234    388.774   2414.510    388.931   2414.633    345.913   2501.065 N000393
  1635.484   2418.576 -10.363   1632.120   2403.739 -10.504  -0.0165  0.0755   1637.532   2425.218   1637.548   2425.143   1632.137   2403.661 N000394
     0.000      0.000   0.000      0.000      0.000   0.000   0.0000  0.0000      0.000      0.000   2764.598   2433.151   2765.324   2324.087 N000395
     0.000      0.000   0.000      0.000      0.000   0.000   0.0000  0.0000      0.000      0.000   1726.552   2436.143   1722.405   2407.576 N000396
  1602.218   2433.103 -10.200   1598.200   2421.180 -10.341  -0.2194  0.1026   1604.264   2439.745   1604.484   2439.643   1598.424   2421.058 N000397
  1672.210   2434.345 -11.038   1669.307   2416.725 -11.180   0.1801 -0.1545   1674.259   2440.989   1674.079   2441.143   1669.123   2416.896 N000398
  1311.963   2435.041  -9.801   1302.107   2447.273  -9.942  -0.0371  0.0408   1313.996   2441.681   1314.034   2441.640   1302.145   2447.229 N000399
     0.000      0.000   0.000      0.000      0.000   0.000   0.0000  0.0000      0.000      0.000   2478.994   2447.058   2480.196   2359.580 N000400
     0.000      0.000   0.000      0.000      0.000   0.000   0.0000  0.0000      0.000      0.000   1980.063   2450.146   1978.810   2401.466 N000401
  2961.112   2447.479 -12.523   2962.907   2330.402 -12.664   0.1117 -0.0207   2963.218   2454.132   2963.106   2454.153   2962.796   2330.431 N000402
  3882.492   2452.636  -9.241   3871.814   2269.972  -9.382  -0.0083  0.0807   3884.638   2459.296   3884.646   2459.216   3871.821   2269.891 N000403
  2506.425   2455.243 -11.047   2509.703   2372.266 -11.188  -0.0751 -0.2293   2508.510   2461.893   2508.586   2462.122   2509.778   2372.491 N000404
   462.628   2457.304 -11.013    424.151   2544.652 -11.154   0.1283 -0.1964    464.624   2463.938    464.496   2464.134    424.014   2544.865 N000405
  1639.249   2459.276 -12.770   1635.630   2444.685 -12.911   0.2489  0.1173   1641.296   2465.920   1641.047   2465.802   1635.378   2444.587 N000406
     0.000      0.000   0.000      0.000      0.000   0.000   0.0000  0.0000      0.000      0.000   1395.036   2481.642   1384.566   2481.069 N000407
     0.000      0.000   0.000      0.000      0.000   0.000   0.0000  0.0000      0.000      0.000   2278.275   2484.248   2278.916   2412.504 N000408
     0.000      0.000   0.000      0.000      0.000   0.000   0.0000  0.0000      0.000      0.000   1826.555   2497.145   1823.333   2461.276 N000409
     0.000      0.000   0.000      0.000      0.000   0.000   0.0000  0.0000      0.000      0.000   2500.385   2497.050   2501.529   2408.295 N000410
  2378.213   2491.868  -9.443   2381.238   2418.995  -9.584  -0.2591 -0.1318   2380.292   2498.518   2380.551   2498.649   2381.497   2419.108 N000411
     0.000      0.000   0.000      0.000      0.000   0.000   0.0000  0.0000      0.000      0.000   1746.051   2499.145   1741.730   2469.822 N000412
   704.923   2495.839  -8.630    675.757   2562.142  -8.772  -0.0774 -0.1608    706.928   2502.476    707.006   2502.637    675.835   2562.300 N000413
     0.000      0.000   0.000      0.000      0.000   0.000   0.0000  0.0000      0.000      0.000   2266.074   2504.149   2266.597   2433.534 N000414
     0.000      0.000   0.000      0.000      0.000   0.000   0.0000  0.0000      0.000      0.000   2123.029   2507.609   2122.692   2448.241 N000415
     0.000      0.000   0.000      0.000      0.000   0.000   0.0000  0.0000      0.000      0.000   3017.607   2509.154   3017.038   2381.606 N000416
  1317.264   2505.167 -10.506   1306.807   2518.137 -10.648  -0.1776  0.1670   1319.296   2511.809   1319.473   2511.642   1306.991   2517.952 N000417
     0.000      0.000   0.000      0.000      0.000   0.000   0.0000  0.0000      0.000      0.000   4084.654   2520.663   4068.193   2317.511 N000418
  2289.192   2514.275  -9.125   2291.848   2448.504  -9.267   0.1015  0.1839   2291.267   2520.924   2291.166   2520.740   2291.747   2448.326 N000419
  2657.582   2516.974  -9.626   2660.726   2422.948  -9.767   1.5824  0.4743   2659.673   2523.626   2658.091   2523.152   2659.146   2422.590 N000420
     0.000      0.000   0.000      0.000      0.000   0.000   0.0000  0.0000      0.000      0.000   2000.562   2523.680   1999.128   2474.191 N000421
     0.000      0.000   0.000      0.000      0.000   0.000   0.0000  0.0000      0.000      0.000   2269.574   2534.149   2270.014   2463.550 N000422
  2220.519   2528.042  -9.785   2222.784   2467.775  -9.927   0.0188  0.0416   2222.590   2534.690   2222.572   2534.649   2222.765   2467.735 N000423
  2180.255   2528.294  -9.301   2182.273   2471.193  -9.442  -0.6894 -0.6507   2182.325   2534.942   2183.014   2535.593   2182.964   2471.796 N000424
     0.000      0.000   0.000      0.000      0.000   0.000   0.0000  0.0000      0.000      0.000   2575.254   2540.652   2576.370   2446.514 N000425
  2793.427   2533.856 -11.015   2796.220   2429.680 -11.157  -0.0727 -0.1444   2795.524   2540.509   2795.597   2540.653   2796.292   2429.820 N000426
  3088.700   2537.276 -11.695   3089.767   2411.123 -11.836   0.1996 -0.2239   3090.809   2543.932   3090.609   2544.155   3089.570   2411.362 N000427
   473.270   2547.865  -9.542    433.729   2636.529  -9.683   0.2319 -0.1353    475.265   2554.501    475.033   2554.636    433.484   2636.689 N000428
     0.000      0.000   0.000      0.000      0.000   0.000   0.0000  0.0000      0.000      0.000    794.508   2574.739    765.523   2628.205 N000429
  1399.554   2568.794 -11.599   1390.318   2575.929 -11.740   0.0537 -0.2058   1401.588   2575.438   1401.535   2575.643   1390.261   2576.143 N000430
     0.000      0.000   0.000      0.000      0.000   0.000   0.0000  0.0000      0.000      0.000    804.008   2576.139    775.348   2628.784 N000431
     0.000      0.000   0.000      0.000      0.000   0.000   0.0000  0.0000      0.000      0.000   1488.488   2578.144   1479.033   2571.353 N000432
  2637.119   2573.954 -13.010   2640.258   2481.907 -13.151   0.1187 -0.0463   2639.208   2580.606   2639.089   2580.653   2640.140   2481.963 N000433
  1166.300   2576.542 -10.130   1151.165   2603.816 -10.272  -0.1738  0.0419   1168.324   2583.184   1168.498   2583.142   1151.344   2603.758 N000434
  2097.139   2582.928 -10.571   2098.300   2533.031 -10.713   0.1389 -0.0722   2099.204   2589.577   2099.065   2589.649   2098.159   2533.115 N000435
     0.000      0.000   0.000      0.000      0.000   0.000   0.0000  0.0000      0.000      0.000   2323.075   2590.151   2323.573   2515.945 N000436
   944.260   2589.307 -10.666    922.237   2636.347 -10.807  -0.2405 -0.1925    946.274   2595.948    946.514   2596.140    922.483   2636.523 N000437
  1718.723   2590.862 -11.014   1715.318   2571.704 -11.155   0.1179 -0.1383   1720.771   2597.508   1720.653   2597.646   1715.197   2571.854 N000438
     0.000      0.000   0.000      0.000      0.000   0.000   0.0000  0.0000      0.000      0.000   2506.583   2602.652   2507.570   2514.325 N000439
     0.000      0.000   0.000      0.000      0.000   0.000   0.0000  0.0000      0.000      0.000   1266.028   2604.643   1251.215   2617.260 N000440
     0.000      0.000   0.000      0.000      0.000   0.000   0.0000  0.0000      0.000      0.000   2161.667   2606.049   2161.169   2544.743 N000441
  1702.058   2606.215 -10.413   1698.258   2588.680 -10.554   0.0577  0.2148   1704.105   2612.861   1704.047   2612.646   1698.201   2588.466 N000442
  1108.340   2608.246 -10.204   1091.161   2641.236 -10.346  -0.1604 -0.2009   1110.360   2614.888   1110.521   2615.089   1091.323   2641.427 N000443
     0.000      0.000   0.000      0.000      0.000   0.000   0.0000  0.0000      0.000      0.000   2856.542   2626.655   2857.066   2511.794 N000444
     0.000      0.000   0.000      0.000      0.000   0.000   0.0000  0.0000      0.000      0.000    674.201   2628.139    639.803   2693.819 N000445
     0.000      0.000   0.000      0.000      0.000   0.000   0.0000  0.0000      0.000      0.000   2573.685   2628.053   2574.699   2534.795 N000446
  1419.986   2627.595 -12.320   1410.589   2634.092 -12.461  -0.0140  0.0955   1422.020   2634.240   1422.034   2634.145   1410.604   2633.994 N000447
     0.000      0.000   0.000      0.000      0.000   0.000   0.0000  0.0000      0.000      0.000   2571.585   2635.153   2572.588   2542.126 N000448
   273.914   2638.504 -10.120    223.311   2748.357 -10.261  -0.0858  0.0038    275.898   2645.140    275.984   2645.136    223.401   2748.345 N000449
     0.000      0.000   0.000      0.000      0.000   0.000   0.0000  0.0000      0.000      0.000   1265.027   2652.144   1249.636   2665.815 N000450
    92.153   2649.549 -10.069     31.753   2777.161 -10.210   0.1531  0.0487     94.128   2656.184     93.975   2656.135     31.593   2777.125 N000451
  3528.477   2658.203 -10.390   3525.205   2500.465 -10.532  -0.0228  0.0359   3530.604   2664.864   3530.626   2664.828   3525.227   2500.428 N000452
  2958.274   2660.798 -10.147   2960.467   2545.057 -10.289  -0.1983 -0.1740   2960.375   2667.455   2960.573   2667.629   2960.665   2545.218 N000453
  3749.286   2660.657  -9.750   3742.653   2487.213  -9.892  -0.1801  0.0906   3751.422   2667.320   3751.602   2667.229   3742.830   2487.109 N000454
  2453.839   2663.070 -11.158   2456.662   2586.028 -11.300  -0.1390  0.0703   2455.918   2669.723   2456.057   2669.653   2456.801   2585.946 N000455
     0.000      0.000   0.000      0.000      0.000   0.000   0.0000  0.0000      0.000      0.000   2241.670   2670.651   2241.438   2603.812 N000456
  1360.207   2666.443 -10.295   1349.016   2678.812 -10.436   0.7071  1.9429   1362.238   2673.088   1361.531   2671.145   1348.314   2676.890 N000457
  2758.973   2670.247  -9.080   2761.900   2569.709  -9.222  -0.0272  0.2470   2761.065   2676.902   2761.092   2676.655   2761.927   2569.457 N000458
  3616.282   2669.774  -9.465   3611.816   2505.789  -9.606  -0.1240  0.1805   3618.412   2676.436   3618.536   2676.256   3611.937   2505.599 N000459
  1419.189   2684.346  -8.931   1409.170   2692.027  -9.072   0.3553 -0.0705   1421.222   2690.992   1420.866   2691.062   1408.806   2692.129 N000460
  2685.599   2684.547 -13.432   2688.621   2589.776 -13.573   0.0994  0.0467   2687.688   2691.202   2687.589   2691.155   2688.522   2589.736 N000461
     0.000      0.000   0.000      0.000      0.000   0.000   0.0000  0.0000      0.000      0.000   3183.610   2693.059   3182.225   2554.141 N000462
     0.000      0.000   0.000      0.000      0.000   0.000   0.0000  0.0000      0.000      0.000   2940.600   2694.557   2940.822   2573.857 N000463
     0.000      0.000   0.000      0.000      0.000   0.000   0.0000  0.0000      0.000      0.000   1582.507   2700.147   1573.734   2687.669 N000464
  1944.880   2699.827 -11.398   1943.809   2663.875 -11.540  -0.1197 -0.1727   1946.936   2706.477   1947.056   2706.650   1943.929   2664.041 N000465
  3009.076   2715.959  -8.579   3011.078   2596.813  -8.721   0.0758 -0.0410   3011.178   2722.617   3011.102   2722.658   3011.002   2596.860 N000466
   302.567   2717.564  -9.713    251.830   2827.125  -9.854   0.0668  0.0638    304.550   2724.201    304.483   2724.138    251.761   2827.065 N000467
  2036.019   2723.363 -11.727   2035.823   2680.367 -11.868   0.0187 -0.1374   2038.078   2730.013   2038.059   2730.151   2035.803   2680.508 N000468
     0.000      0.000   0.000      0.000      0.000   0.000   0.0000  0.0000      0.000      0.000   2763.278   2736.594   2764.090   2629.799 N000469
   483.804   2730.747 -10.638    441.471   2823.550 -10.779   0.1498  0.2472    485.794   2737.386    485.645   2737.139    441.319   2823.310 N000470
  1772.990   2734.222  -9.878   1769.258   2713.038 -10.020  -0.0096  0.1337   1775.038   2740.871   1775.047   2740.737   1769.269   2712.901 N000471
     0.000      0.000   0.000      0.000      0.000   0.000   0.0000  0.0000      0.000      0.000    940.910   2757.593    914.350   2802.385 N000472
     0.000      0.000   0.000      0.000      0.000   0.000   0.0000  0.0000      0.000      0.000   1735.545   2758.149   1728.981   2733.934 N000473
  1623.093   2752.046  -9.550   1616.604   2743.764  -9.691   0.0933  0.0462   1625.134   2758.694   1625.040   2758.648   1616.509   2743.725 N000474
  2483.938   2764.748  -9.402   2486.592   2686.588  -9.543  -0.0624  0.2477   2486.016   2771.403   2486.078   2771.155   2486.655   2686.332 N000475
     0.000      0.000   0.000      0.000      0.000   0.000   0.0000  0.0000      0.000      0.000   2040.558   2775.652   2038.045   2726.552 N000476
     0.000      0.000   0.000      0.000      0.000   0.000   0.0000  0.0000      0.000      0.000    809.504   2775.857    777.953   2833.072 N000477
     0.000      0.000   0.000      0.000      0.000   0.000   0.0000  0.0000      0.000      0.000   1165.377   2783.002   1145.575   2808.366 N000478
  3340.700   2779.670 -11.735   3340.223   2636.237 -11.876  -0.0893  0.0125   3342.816   2786.332   3342.905   2786.320   3340.312   2636.218 N000479
     0.000      0.000   0.000      0.000      0.000   0.000   0.0000  0.0000      0.000      0.000   2467.827   2791.155   2468.288   2708.035 N000480
  2231.676   2792.651 -10.029   2232.874   2734.948 -10.171   0.1763  0.1515   2233.743   2799.305   2233.566   2799.153   2232.697   2734.808 N000481
     0.000      0.000   0.000      0.000      0.000   0.000   0.0000  0.0000      0.000      0.000   1087.593   2799.645   1065.212   2832.345 N000482
     0.000      0.000   0.000      0.000      0.000   0.000   0.0000  0.0000      0.000      0.000   2763.590   2799.657   2764.365   2693.514 N000483
  2000.919   2795.851  -9.380   1999.865   2756.944  -9.521  -0.0808 -0.1486   2002.975   2802.503   2003.056   2802.652   1999.946   2757.089 N000484
  1779.078   2796.872 -11.866   1774.913   2776.371 -12.007   0.0781 -0.1279   1781.125   2803.522   1781.046   2803.650   1774.832   2776.508 N000485
  1917.301   2801.121 -10.302   1915.146   2769.202 -10.443  -0.1993  0.1215   1919.353   2807.773   1919.552   2807.651   1915.349   2769.062 N000486
  3779.171   2803.170 -12.404   3773.011   2628.110 -12.546   0.1715  0.1699   3781.306   2809.835   3781.134   2809.665   3772.841   2627.951 N000487
  2456.262   2803.593  -8.533   2458.707   2728.139  -8.674  -0.0384  0.0927   2458.338   2810.248   2458.376   2810.155   2458.746   2728.042 N000488
     0.000      0.000   0.000      0.000      0.000   0.000   0.0000  0.0000      0.000      0.000   2689.586   2819.657   2690.384   2719.501 N000489
  2577.262   2816.941  -8.937   2580.020   2732.119  -9.078  -0.3005 -0.0586   2579.343   2823.598   2579.644   2823.656   2580.321   2732.155 N000490
  2312.173   2829.308  -9.375   2313.774   2765.713  -9.516   0.1372  0.2362   2314.242   2835.962   2314.105   2835.726   2313.637   2765.484 N000491
  1950.198   2833.206  -9.382   1948.241   2799.163  -9.523   0.1560 -0.2104   1952.251   2839.858   1952.095   2840.069   1948.081   2799.390 N000492
  2102.231   2841.215 -10.403   2101.999   2794.815 -10.544   0.0641  0.2153   2104.291   2847.869   2104.226   2847.653   2101.935   2794.601 N000493
  2464.552   2842.655  -9.942   2466.912   2767.100 -10.083   0.0517  0.1550   2466.627   2849.311   2466.576   2849.156   2466.861   2766.947 N000494
  1089.171   2844.352  -9.237   1068.179   2884.711  -9.378   0.1710 -0.0569   1091.186   2850.998   1091.015   2851.055   1068.002   2884.785 N000495
     0.000      0.000   0.000      0.000      0.000   0.000   0.0000  0.0000      0.000      0.000    744.000   2855.358    708.577   2920.893 N000496
  2503.948   2851.282 -13.083   2506.425   2772.723 -13.224  -0.0517  0.2165   2506.025   2857.938   2506.077   2857.722   2506.477   2772.499 N000497
     0.000      0.000   0.000      0.000      0.000   0.000   0.0000  0.0000      0.000      0.000    758.000   2871.644    722.850   2936.367 N000498
  1253.203   2872.216  -9.272   1236.723   2898.660  -9.413   0.2030  0.2163   1255.225   2878.864   1255.022   2878.647   1236.517   2898.456 N000499
  1217.257   2878.833 -11.250   1199.666   2908.642 -11.391   0.2324 -0.1669   1219.277   2885.480   1219.045   2885.647   1199.425   2908.834 N000500
     0.000      0.000   0.000      0.000      0.000   0.000   0.0000  0.0000      0.000      0.000   1956.552   2890.653   1952.219   2850.579 N000501
     0.000      0.000   0.000      0.000      0.000   0.000   0.0000  0.0000      0.000      0.000   1921.051   2896.153   1916.181   2859.147 N000502
     0.000      0.000   0.000      0.000      0.000   0.000   0.0000  0.0000      0.000      0.000   1767.544   2900.152   1760.246   2876.116 N000503
   519.856   2893.798 -11.076    476.068   2988.309 -11.217  -0.1436 -0.2017    521.845   2900.441    521.989   2900.642    476.214   2988.503 N000504
  1543.374   2897.454  -9.257   1533.791   2899.121  -9.398  -0.0810 -0.0463   1545.407   2904.104   1545.488   2904.150   1533.873   2899.161 N000505
  2487.492   2907.532  -8.672   2489.741   2831.126  -8.813   0.0481  0.0875   2489.568   2914.189   2489.520   2914.102   2489.693   2831.041 N000506
  1044.345   2910.869 -10.562   1020.915   2957.100 -10.703  -0.1547 -0.1310   1046.357   2917.516   1046.512   2917.647   1021.073   2957.221 N000507
     0.000      0.000   0.000      0.000      0.000   0.000   0.0000  0.0000      0.000      0.000   1144.516   2919.147   1122.201   2949.902 N000508
     0.000      0.000   0.000      0.000      0.000   0.000   0.0000  0.0000      0.000      0.000   2045.055   2931.154   2041.550   2884.534 N000509
  2538.721   2927.009  -9.490   2541.106   2846.816  -9.632   0.0675  0.0475   2540.798   2933.667   2540.731   2933.620   2541.038   2846.773 N000510
  2792.214   2932.859 -11.075   2794.941   2832.732 -11.216   0.2145  1.6487   2794.302   2939.519   2794.088   2937.871   2794.728   2831.077 N000511
   719.733   2933.992 -10.416    683.885   3010.889 -10.558   0.1578 -0.0083    721.730   2940.636    721.572   2940.645    683.721   3010.912 N000512
     0.000      0.000   0.000      0.000      0.000   0.000   0.0000  0.0000      0.000      0.000   1643.037   2947.152   1632.981   2934.772 N000513
  1407.299   2948.172 -10.410   1393.949   2962.940 -10.551  -0.2007  0.1721   1409.326   2954.822   1409.527   2954.650   1394.157   2962.746 N000514
     0.000      0.000   0.000      0.000      0.000   0.000   0.0000  0.0000      0.000      0.000   1829.379   2954.903   1822.614   2926.831 N000515
  2153.306   2948.371  -8.261   2152.943   2899.765  -8.402  -0.1939 -0.1290   2155.366   2955.027   2155.560   2955.156   2153.138   2899.880 N000516
  2315.736   2949.858 -11.146   2316.812   2888.000 -11.287   0.1882 -0.1424   2317.802   2956.514   2317.614   2956.657   2316.622   2888.160 N000517
  1658.291   2954.766  -9.988   1650.469   2947.889 -10.129  -0.2087  0.2382   1660.329   2961.418   1660.538   2961.180   1650.684   2947.627 N000518
  2884.563   2957.974 -10.792   2887.162   2850.982 -10.934   0.0627 -0.0262   2886.654   2964.635   2886.592   2964.661   2887.099   2851.014 N000519
  1728.651   2988.621  -9.171   1721.831   2976.513  -9.312   0.1511  0.1209   1730.691   2995.274   1730.540   2995.153   1721.678   2976.402 N000520
     0.000      0.000   0.000      0.000      0.000   0.000   0.0000  0.0000      0.000      0.000   3797.631   2998.669   3790.260   2817.057 N000521
  2429.637   3029.723  -9.437   2431.142   2960.049  -9.579   0.1375 -0.0900   2431.708   3036.382   2431.570   3036.472   2431.004   2960.151 N000522
  1490.589   3031.109 -10.199   1478.260   3040.711 -10.340   0.0890  0.0811   1492.618   3037.761   1492.529   3037.680   1478.170   3040.635 N000523
   771.005   3032.565 -12.354    735.446   3107.864 -12.495   0.0054  0.0653    773.002   3039.212    772.997   3039.147    735.442   3107.797 N000524
   607.093   3036.033 -10.502    564.472   3127.045 -10.643   0.0931  0.0325    609.083   3042.678    608.990   3042.645    564.375   3127.020 N000525
  3828.475   3039.872 -11.823   3823.029   2862.983 -11.964  -0.0254 -0.1285   3830.606   3046.541   3830.631   3046.670   3823.055   2863.111 N000526
  2170.625   3050.442 -11.181   2169.794   3002.462 -11.323   0.1249 -0.0579   2172.683   3057.100   2172.558   3057.157   2169.667   3002.531 N000527
  3529.353   3055.760 -10.652   3527.887   2900.930 -10.793  -0.1467  0.1650   3531.471   3062.428   3531.618   3062.263   3528.031   2900.752 N000528
     0.000      0.000   0.000      0.000      0.000   0.000   0.0000  0.0000      0.000      0.000   3441.614   3079.167   3439.022   2924.566 N000529
     0.000      0.000   0.000      0.000      0.000   0.000   0.0000  0.0000      0.000      0.000    250.723   3084.751    187.372   3205.809 N000530
  1858.323   3083.860 -11.024   1852.882   3062.959 -11.165  -0.1773 -0.1066   1860.366   3090.516   1860.544   3090.622   1853.061   3063.053 N000531
     0.000      0.000   0.000      0.000      0.000   0.000   0.0000  0.0000      0.000      0.000   3335.408   3099.067   3333.811   2952.708 N000532
  1746.004   3109.803 -10.523   1738.275   3099.209 -10.664   0.0041 -0.1966   1748.042   3116.459   1748.038   3116.655   1738.269   3099.411 N000533
  1922.554   3114.460 -11.285   1917.890   3088.830 -11.426   0.0818 -0.0400   1924.600   3121.117   1924.518   3121.157   1917.806   3088.878 N000534
  1963.787   3115.249 -10.643   1959.756   3086.127 -10.784  -0.2134 -0.2212   1965.834   3121.906   1966.048   3122.128   1959.971   3086.336 N000535
  1848.726   3116.387  -9.719   1842.812   3097.117  -9.860   0.1212 -0.1127   1850.769   3123.043   1850.648   3123.156   1842.687   3097.243 N000536
  1543.904   3119.880  -9.360   1531.764   3127.202  -9.502  -0.0962 -0.1198   1545.933   3126.534   1546.029   3126.654   1531.861   3127.317 N000537
     0.000      0.000   0.000      0.000      0.000   0.000   0.0000  0.0000      0.000      0.000   2344.564   3127.705   2342.944   3060.302 N000538
     0.000      0.000   0.000      0.000      0.000   0.000   0.0000  0.0000      0.000      0.000   2462.819   3139.161   2462.023   3062.261 N000539
  1853.934   3143.008 -11.650   1847.856   3123.971 -11.792  -0.0657  0.0079   1855.977   3149.665   1856.042   3149.657   1847.923   3123.958 N000540
  2266.163   3148.836  -9.774   2265.735   3095.032  -9.915  -0.0151 -0.1636   2268.224   3155.496   2268.239   3155.660   2265.749   3095.198 N000541
   443.342   3167.989 -11.081    390.132   3279.923 -11.222  -0.1576 -0.0110    445.322   3174.635    445.480   3174.647    390.297   3279.919 N000542
   918.530   3179.116 -10.928    886.132   3245.527 -11.069   0.0303  0.1161    920.531   3185.766    920.500   3185.650    886.103   3245.410 N000543
  2339.120   3206.005 -10.546   2339.065   3147.400 -10.687   0.1196  0.0053   2341.182   3212.667   2341.062   3212.661   2338.945   3147.405 N000544
     0.000      0.000   0.000      0.000      0.000   0.000   0.0000  0.0000      0.000      0.000   2135.553   3219.910   2131.085   3172.119 N000545
   538.987   3246.285 -11.155    488.774   3351.910 -11.296  -0.0128  0.2621    540.969   3252.933    540.982   3252.671    488.793   3351.636 N000546
   875.325   3253.056 -10.133    839.863   3326.255 -10.274  -0.1473  0.0560    877.322   3259.707    877.469   3259.651    840.017   3326.183 N000547
     0.000      0.000   0.000      0.000      0.000   0.000   0.0000  0.0000      0.000      0.000   1869.040   3276.659   1859.895   3253.269 N000548
   784.833   3276.236 -10.345    745.175   3359.012 -10.486  -0.1667  0.2355    786.826   3282.886    786.992   3282.651    745.354   3358.751 N000549
  2252.645   3345.380  -8.823   2250.754   3297.499  -8.964   0.1454 -0.1197   2254.701   3352.043   2254.556   3352.163   2250.606   3297.634 N000550
  2506.880   3346.766 -14.198   2507.447   3277.493 -14.339  -0.0728 -0.0435   2508.946   3353.431   2509.019   3353.475   2507.520   3277.531 N000551
     0.000      0.000   0.000      0.000      0.000   0.000   0.0000  0.0000      0.000      0.000   2421.563   3361.165   2419.311   3292.729 N000552
  1373.453   3356.616 -10.422   1353.537   3386.739 -10.563  -0.0469  0.1162   1375.470   3363.273   1375.517   3363.157   1353.587   3386.614 N000553
     0.000      0.000   0.000      0.000      0.000   0.000   0.0000  0.0000      0.000      0.000   2448.618   3416.666   2446.278   3347.384 N000554
     0.000      0.000   0.000      0.000      0.000   0.000   0.0000  0.0000      0.000      0.000   1469.520   3417.158   1449.466   3433.874 N000555
  2330.160   3426.574 -11.356   2328.595   3374.281 -11.498   0.1601  0.0736   2332.217   3433.239   2332.057   3433.165   2328.433   3374.219 N000556
     0.000      0.000   0.000      0.000      0.000   0.000   0.0000  0.0000      0.000      0.000   2852.080   3446.669   2851.863   3344.713 N000557
     0.000      0.000   0.000      0.000      0.000   0.000   0.0000  0.0000      0.000      0.000   2335.414   3455.166   2331.674   3396.545 N000558
  3227.478   3470.953  -9.597   3229.107   3346.106  -9.739  -0.0222 -0.0475   3229.573   3477.625   3229.596   3477.673   3229.129   3346.153 N000559
  1980.557   3481.443  -9.539   1973.374   3461.113  -9.681   0.0575 -0.0573   1982.598   3488.106   1982.541   3488.163   1973.315   3461.178 N000560
     0.000      0.000   0.000      0.000      0.000   0.000   0.0000  0.0000      0.000      0.000    609.480   3494.653    555.096   3597.252 N000561
  1739.105   3488.907  -9.575   1726.877   3490.348  -9.716   0.1049 -0.0930   1741.135   3495.569   1741.030   3495.662   1726.769   3490.453 N000562
  1844.416   3501.589 -10.169   1834.345   3494.009 -10.311  -0.0839  0.0894   1846.450   3508.252   1846.534   3508.163   1834.431   3493.909 N000563
     0.000      0.000   0.000      0.000      0.000   0.000   0.0000  0.0000      0.000      0.000   1838.784   3521.132   1826.366   3508.008 N000564
     0.000      0.000   0.000      0.000      0.000   0.000   0.0000  0.0000      0.000      0.000   1021.998   3530.057    985.028   3593.404 N000565
     0.000      0.000   0.000      0.000      0.000   0.000   0.0000  0.0000      0.000      0.000   3328.598   3553.175   3327.781   3415.558 N000566
  2186.219   3552.084  -9.061   2181.774   3515.932  -9.203   0.2194  0.1470   2188.268   3558.751   2188.048   3558.604   2181.553   3515.800 N000567
     0.000      0.000   0.000      0.000      0.000   0.000   0.0000  0.0000      0.000      0.000   2143.046   3563.666   2135.818   3524.960 N000568
     0.000      0.000   0.000      0.000      0.000   0.000   0.0000  0.0000      0.000      0.000   1602.122   3600.363   1583.009   3611.610 N000569
   835.900   3644.160  -9.076    790.628   3737.721  -9.218  -0.0378  0.1602    837.887   3650.818    837.924   3650.658    790.671   3737.549 N000570
     0.000      0.000   0.000      0.000      0.000   0.000   0.0000  0.0000      0.000      0.000    846.487   3650.658    799.612   3736.692 N000571
     0.000      0.000   0.000      0.000      0.000   0.000   0.0000  0.0000      0.000      0.000   2584.001   3663.546   2581.385   3589.861 N000572
     0.000      0.000   0.000      0.000      0.000   0.000   0.0000  0.0000      0.000      0.000   4046.072   3673.404   4039.465   3483.357 N000573
  2865.659   3674.185  -9.227   2866.838   3583.842  -9.369   0.1589  0.1849   2867.734   3680.858   2867.575   3680.673   2866.679   3583.665 N000574
   808.270   3687.332  -9.157    760.748   3785.745  -9.298   0.1332  0.1950    810.254   3693.990    810.121   3693.795    760.613   3785.554 N000575
  3546.263   3688.963 -10.209   3546.615   3544.183 -10.351   0.1068 -0.0368   3548.368   3695.642   3548.261   3695.679   3546.509   3544.229 N000576
  1981.116   3694.801 -10.473   1971.640   3681.711 -10.614   0.1162  0.2293   1983.152   3701.468   1983.036   3701.239   1971.524   3681.483 N000577
  1457.666   3696.025 -10.108   1434.884   3731.332 -10.249   0.1661  0.0252   1459.679   3702.688   1459.513   3702.663   1434.713   3731.321 N000578
  2608.420   3703.822  -8.754   2607.823   3636.025  -8.895  -0.0797 -0.1779   2610.484   3710.494   2610.564   3710.672   2607.902   3636.202 N000579
  3489.505   3720.296 -10.609   3490.231   3580.763 -10.750   0.0050  0.0962   3491.607   3726.975   3491.602   3726.879   3490.226   3580.664 N000580
   758.282   3721.999  -9.023    707.592   3827.203  -9.165   0.0047  0.0552    760.264   3728.658    760.260   3728.603    707.588   3827.146 N000581
  3857.816   3732.666 -10.455   3855.836   3564.837 -10.596  -0.1572  0.1659   3859.934   3739.348   3860.092   3739.182   3855.991   3564.655 N000582
  1977.700   3747.535  -9.893   1967.544   3736.721 -10.034   0.2005  0.0353   1979.735   3754.203   1979.535   3754.168   1967.340   3736.703 N000583
  1945.047   3779.426 -10.087   1933.823   3772.809 -10.228   0.0467 -0.0737   1947.079   3786.095   1947.033   3786.168   1933.774   3772.889 N000584
     0.000      0.000   0.000      0.000      0.000   0.000   0.0000  0.0000      0.000      0.000   1515.013   3805.165   1490.229   3832.935 N000585
  1629.656   3801.637  -9.477   1610.281   3825.158  -9.618   0.0385  0.1371   1631.675   3808.303   1631.636   3808.166   1610.244   3825.019 N000586
  2627.144   3825.388  -9.230   2625.962   3760.022  -9.371   0.1440 -0.1118   2629.206   3832.062   2629.062   3832.174   2625.816   3760.150 N000587
   917.225   3841.719  -8.775    871.058   3936.827  -8.917  -0.1747  0.2189    919.211   3848.381    919.386   3848.162    871.246   3936.579 N000588
     0.000      0.000   0.000      0.000      0.000   0.000   0.0000  0.0000      0.000      0.000   2037.035   3874.206   2024.599   3856.214 N000589
  3376.404   3871.486 -10.226   3377.646   3745.184 -10.367  -0.0957 -0.0142   3378.498   3878.167   3378.594   3878.181   3377.741   3745.191 N000590
     0.000      0.000   0.000      0.000      0.000   0.000   0.0000  0.0000      0.000      0.000   3848.214   3878.984   3844.806   3708.910 N000591
     0.000      0.000   0.000      0.000      0.000   0.000   0.0000  0.0000      0.000      0.000   1313.002   3911.666   1279.529   3963.874 N000592
   961.452   3908.532  -9.858    915.699   4002.621  -9.999  -0.0197  0.0318    963.439   3915.195    963.459   3915.163    915.720   4002.585 N000593
     0.000      0.000   0.000      0.000      0.000   0.000   0.0000  0.0000      0.000      0.000   1788.495   3915.336   1769.729   3922.060 N000594
  1002.758   3915.060  -9.777    958.678   4005.288  -9.918   0.2052  0.0605   1004.746   3921.724   1004.541   3921.664    958.465   4005.245 N000595
     0.000      0.000   0.000      0.000      0.000   0.000   0.0000  0.0000      0.000      0.000   3267.588   3926.181   3266.836   3803.683 N000596
  1338.233   3948.594 -12.557   1306.896   4006.924 -12.698   0.0592  0.0945   1340.236   3955.261   1340.176   3955.167   1306.837   4006.831 N000597
  1290.586   3957.149 -11.266   1257.320   4020.618 -11.407   0.0865  0.1489   1292.587   3963.815   1292.500   3963.667   1257.233   4020.470 N000598
  1938.443   3984.644 -11.531   1924.397   3987.182 -11.672  -0.0569  0.1443   1940.471   3991.316   1940.528   3991.172   1924.457   3987.026 N000599
     0.000      0.000   0.000      0.000      0.000   0.000   0.0000  0.0000      0.000      0.000   3645.103   3996.718   3643.412   3846.002 N000600
     0.000      0.000   0.000      0.000      0.000   0.000   0.0000  0.0000      0.000      0.000   1780.020   4031.671   1759.248   4044.474 N000601
     0.000      0.000   0.000      0.000      0.000   0.000   0.0000  0.0000      0.000      0.000   2735.062   4043.679   2731.427   3970.236 N000602
     0.000      0.000   0.000      0.000      0.000   0.000   0.0000  0.0000      0.000      0.000   2371.444   4119.677   2362.433   4081.639 N000603
