     0.000      0.000   0.000      0.000      0.000   0.000   0.0000  0.0000      0.000      0.000    283.711   -147.071     -1.000     -1.000 N000001
     0.000      0.000   0.000      0.000      0.000   0.000   0.0000  0.0000      0.000      0.000    473.718   -123.405     -1.000     -1.000 N000002
     0.000      0.000   0.000      0.000      0.000   0.000   0.0000  0.0000      0.000      0.000    878.735   -119.906     -1.000     -1.000 N000003
   332.257    -48.874 -11.494    323.184     84.088 -11.487  -0.2157  0.1255    345.968    -44.277    346.184    -44.403    323.407     83.949 N000004
     0.000      0.000   0.000      0.000      0.000   0.000   0.0000  0.0000      0.000      0.000   2330.293    -21.758     -1.000     -1.000 N000005
   724.929     -9.066  -9.907    726.164     97.000  -9.899  -0.0706 -0.0660    738.656     -4.469    738.727     -4.403    726.236     97.060 N000006
  1272.404     -5.957 -10.329   1282.165     64.429 -10.322  -0.0962  0.0431   1286.153     -1.362   1286.249     -1.405   1282.262     64.381 N000007
     0.000      0.000   0.000      0.000      0.000   0.000   0.0000  0.0000      0.000      0.000   2833.312     33.592   2822.133      3.665 N000008
     0.000      0.000   0.000      0.000      0.000   0.000   0.0000  0.0000      0.000      0.000    778.454     75.644    766.711    173.295 N000009
  2272.970     90.639 -11.122   2283.143     96.473 -11.114  -0.0298  0.1389   2286.759     95.233   2286.789     95.094   2283.172     96.336 N000010
  3387.676     96.273 -13.513   3378.743     35.607 -13.506   0.1758 -0.0184   3401.510    100.865   3401.334    100.883   3378.572     35.635 N000011
   132.873    102.787 -12.918    116.399    248.002 -12.910  -0.1270 -0.1259    146.573    107.388    146.700    107.514    116.530    248.118 N000012
     0.000      0.000   0.000      0.000      0.000   0.000   0.0000  0.0000      0.000      0.000    551.750    115.100    534.480    227.556 N000013
   441.561    138.808 -10.308    435.197    262.178 -10.301   0.0612 -0.1916    455.273    143.409    455.212    143.600    435.133    262.372 N000014
  2368.336    183.382 -12.032   2378.075    181.087 -12.025  -0.1645 -0.1179   2382.126    187.978   2382.291    188.096   2378.238    181.192 N000015
  1833.906    187.412 -10.764   1846.456    218.282 -10.756  -0.0939 -0.0876   1847.675    192.010   1847.769    192.097   1846.550    218.362 N000016
  1619.916    221.192  -9.642   1632.210    265.005  -9.634  -0.0837  0.1694   1633.675    225.791   1633.759    225.621   1632.294    264.833 N000017
     0.000      0.000   0.000      0.000      0.000   0.000   0.0000  0.0000      0.000      0.000   2895.782    226.095   2884.891    187.034 N000018
  1939.180    290.880 -10.842   1951.857    312.952 -10.835   0.1798 -0.1201   1952.951    295.479   1952.771    295.599   1951.678    313.081 N000019
   687.815    302.692  -8.932    687.451    407.316  -8.925  -0.1225  0.3172    701.534    307.295    701.657    306.978    687.578    406.994 N000020
     0.000      0.000   0.000      0.000      0.000   0.000   0.0000  0.0000      0.000      0.000   1883.767    326.600   1882.842    347.863 N000021
  1466.399    322.358  -8.726   1477.953    374.331  -8.718  -0.1007 -0.1415   1480.150    326.960   1480.251    327.101   1478.055    374.464 N000022
  2178.121    350.859 -11.764   2190.037    356.577 -11.756   0.1211 -0.1405   2191.901    355.459   2191.780    355.600   2189.917    356.722 N000023
  1247.383    353.494 -10.400   1256.877    419.467 -10.393  -0.1175 -0.0060   1261.124    358.096   1261.241    358.102   1256.996    419.465 N000024
     0.000      0.000   0.000      0.000      0.000   0.000   0.0000  0.0000      0.000      0.000   3713.842    388.810   3685.516    296.499 N000025
     0.000      0.000   0.000      0.000      0.000   0.000   0.0000  0.0000      0.000      0.000   1511.751    396.102   1509.786    440.273 N000026
   997.347    398.974 -10.731   1003.104    481.247 -10.724  -0.1529 -0.0261   1011.077    403.578   1011.230    403.604   1003.260    481.262 N000027
     0.000      0.000   0.000      0.000      0.000   0.000   0.0000  0.0000      0.000      0.000   1096.233    413.104   1089.647    484.849 N000028
     0.000      0.000   0.000      0.000      0.000   0.000   0.0000  0.0000      0.000      0.000   1134.235    419.104   1128.214    488.190 N000029
     0.000      0.000   0.000      0.000      0.000   0.000   0.0000  0.0000      0.000      0.000   1108.333    425.104   1101.910    495.876 N000030
     0.000      0.000   0.000      0.000      0.000   0.000   0.0000  0.0000      0.000      0.000   3145.317    426.132   3131.148    366.649 N000031
  3177.493    447.744 -13.307   3176.397    389.386 -13.300  -0.0071  0.1981   3191.312    452.342   3191.319    452.144   3176.403    389.193 N000032
  2468.030    458.851  -8.878   2478.039    443.999  -8.870   0.0299 -0.1494   2481.819    463.452   2481.789    463.601   2478.010    444.147 N000033
   195.705    478.489  -8.812    179.254    616.946  -8.804   0.0383  0.0727    209.400    483.097    209.362    483.024    179.215    616.876 N000034
  2063.275    484.602  -9.266   2076.103    494.963  -9.258  -0.2251  0.1020   2077.047    489.205   2077.272    489.103   2076.327    494.848 N000035
   166.799    499.546 -12.816    149.103    640.056 -12.808  -0.2011  0.0456    180.493    504.154    180.694    504.108    149.312    639.996 N000036
     0.000      0.000   0.000      0.000      0.000   0.000   0.0000  0.0000      0.000      0.000   2331.582    527.103   2329.374    515.826 N000037
     0.000      0.000   0.000      0.000      0.000   0.000   0.0000  0.0000      0.000      0.000   1595.251    535.105   1593.795    571.614 N000038
     0.000      0.000   0.000      0.000      0.000   0.000   0.0000  0.0000      0.000      0.000   1805.260    560.605   1804.615    582.809 N000039
     0.000      0.000   0.000      0.000      0.000   0.000   0.0000  0.0000      0.000      0.000   1448.745    565.106   1446.197    611.016 N000040
     0.000      0.000   0.000      0.000      0.000   0.000   0.0000  0.0000      0.000      0.000   2806.301    573.602   2799.023    531.374 N000041
     0.000      0.000   0.000      0.000      0.000   0.000   0.0000  0.0000      0.000      0.000   2420.368    575.103   2417.616    557.201 N000042
     0.000      0.000   0.000      0.000      0.000   0.000   0.0000  0.0000      0.000      0.000   3269.153    584.101   3253.603    513.024 N000043
     0.000      0.000   0.000      0.000      0.000   0.000   0.0000  0.0000      0.000      0.000   1828.560    584.605   1827.968    604.890 N000044
  2732.661    599.408 -10.272   2740.188    564.862 -10.264   0.1612 -0.0922   2746.459    604.011   2746.298    604.103   2740.030    564.962 N000045
    69.445    608.653 -10.080     46.969    756.203 -10.072  -0.0550  0.1528     83.133    613.263     83.188    613.111     47.028    756.046 N000046
     0.000      0.000   0.000      0.000      0.000   0.000   0.0000  0.0000      0.000      0.000   2032.768    619.105   2032.192    625.405 N000047
     0.000      0.000   0.000      0.000      0.000   0.000   0.0000  0.0000      0.000      0.000   2913.911    620.603   2905.252    570.594 N000048
     0.000      0.000   0.000      0.000      0.000   0.000   0.0000  0.0000      0.000      0.000   1157.732    621.608   1151.552    686.763 N000049
  2361.172    627.461 -11.891   2372.763    615.954 -11.883   0.1719 -0.0392   2374.954    632.065   2374.782    632.105   2372.593    616.003 N000050
     0.000      0.000   0.000      0.000      0.000   0.000   0.0000  0.0000      0.000      0.000   2155.772    655.606   2154.918    653.248 N000051
  1650.039    666.816 -11.173   1662.658    701.409 -11.165   0.0387 -0.1841   1663.790    671.423   1663.752    671.607   1662.619    701.593 N000052
  1458.771    668.200  -8.568   1470.031    715.741  -8.561  -0.2285  0.0000   1472.515    672.808   1472.744    672.808   1470.262    715.725 N000053
     0.000      0.000   0.000      0.000      0.000   0.000   0.0000  0.0000      0.000      0.000    410.762    674.548    386.336    792.883 N000054
  2584.525    677.282 -11.008   2594.227    650.504 -11.001   0.0253 -0.2183   2598.315    681.887   2598.290    682.105   2594.203    650.720 N000055
  3247.611    678.575 -12.405   3246.786    610.149 -12.398   0.1110  0.0752   3261.428    683.178   3261.317    683.103   3246.676    610.082 N000056
     0.000      0.000   0.000      0.000      0.000   0.000   0.0000  0.0000      0.000      0.000   1481.744    700.108   1479.295    742.086 N000057
  4070.208    713.584 -11.490   4048.159    594.632 -11.483   0.2079  0.0845   4084.058    718.186   4083.850    718.101   4047.957    594.562 N000058
   585.629    729.108  -9.435    580.352    837.936  -9.427   0.1291  0.1076    599.336    733.719    599.206    733.611    580.220    837.838 N000059
     0.000      0.000   0.000      0.000      0.000   0.000   0.0000  0.0000      0.000      0.000   1786.155    735.508   1785.509    756.395 N000060
  2832.692    735.949 -10.420   2839.513    692.199 -10.413   0.1917 -0.0515   2846.491    740.554   2846.299    740.605   2839.324    692.262 N000061
  1304.399    742.820  -8.387   1313.838    800.184  -8.380  -0.2013  0.0198   1318.135    747.430   1318.336    747.410   1314.042    800.150 N000062
     0.000      0.000   0.000      0.000      0.000   0.000   0.0000  0.0000      0.000      0.000   3804.838    748.103   3777.506    640.384 N000063
  2520.549    744.406  -9.105   2531.167    720.439  -9.098   0.2363 -0.0311   2534.335    749.013   2534.098    749.044   2530.933    720.485 N000064
     0.000      0.000   0.000      0.000      0.000   0.000   0.0000  0.0000      0.000      0.000   3830.839    756.603   3802.858    647.102 N000065
  1728.670    757.611  -9.177   1741.606    785.698  -9.170   0.1700  0.1110   1742.423    762.220   1742.253    762.109   1741.435    785.600 N000066
     0.000      0.000   0.000      0.000      0.000   0.000   0.0000  0.0000      0.000      0.000   3295.817    784.605   3281.188    707.096 N000067
  1326.752    782.457  -9.386   1336.353    837.883  -9.378  -0.2484 -0.0429   1340.488    787.068   1340.736    787.110   1336.604    837.908 N000068
   498.523    783.962 -10.647    490.234    899.062 -10.639   0.0231 -0.0377    512.225    788.575    512.202    788.613    490.210    899.101 N000069
     0.000      0.000   0.000      0.000      0.000   0.000   0.0000  0.0000      0.000      0.000   1527.244    793.110   1525.031    830.910 N000070
     0.000      0.000   0.000      0.000      0.000   0.000   0.0000  0.0000      0.000      0.000   1631.248    793.610   1629.810    824.259 N000071
   937.598    793.534 -10.389    940.702    876.436 -10.381   0.0980  0.0343    951.318    798.146    951.220    798.112    940.602    876.409 N000072
     0.000      0.000   0.000      0.000      0.000   0.000   0.0000  0.0000      0.000      0.000   2859.215    804.773   2852.374    754.310 N000073
     0.000      0.000   0.000      0.000      0.000   0.000   0.0000  0.0000      0.000      0.000   1218.230    811.111   1212.348    870.292 N000074
     0.000      0.000   0.000      0.000      0.000   0.000   0.0000  0.0000      0.000      0.000   2089.266    818.109   2088.859    817.522 N000075
     0.000      0.000   0.000      0.000      0.000   0.000   0.0000  0.0000      0.000      0.000   2217.771    821.609   2216.985    812.443 N000076
  3008.930    818.777 -10.572   3013.460    762.162 -10.564  -0.0451 -0.1479   3022.735    823.384   3022.780    823.531   3013.505    762.304 N000077
  2107.414    841.029 -10.311   2120.735    842.522 -10.303  -0.0861  0.0287   2121.181    845.638   2121.267    845.609   2120.821    842.488 N000078
   144.204    843.035 -11.159    122.610    984.982 -11.151   0.2036  0.0348    157.890    847.650    157.686    847.615    122.398    984.963 N000079
     0.000      0.000   0.000      0.000      0.000   0.000   0.0000  0.0000      0.000      0.000   1618.246    851.611   1616.632    882.506 N000080
  1555.815    847.343 -10.415   1567.580    886.207 -10.408  -0.1603 -0.1571   1569.559    851.954   1569.719    852.111   1567.741    886.351 N000081
  2182.703    867.775 -10.330   2195.844    863.865 -10.323   0.2030 -0.1938   2196.473    872.385   2196.270    872.578   2195.642    864.069 N000082
  2864.683    872.136  -8.718   2871.720    823.652  -8.711   0.1828 -0.0066   2878.480    876.744   2878.298    876.751   2871.540    823.670 N000083
     0.000      0.000   0.000      0.000      0.000   0.000   0.0000  0.0000      0.000      0.000   2782.794    877.608   2777.330    830.646 N000084
     0.000      0.000   0.000      0.000      0.000   0.000   0.0000  0.0000      0.000      0.000   2567.034    898.192   2564.058    864.854 N000085
     0.000      0.000   0.000      0.000      0.000   0.000   0.0000  0.0000      0.000      0.000   2345.275    907.610   2344.016    888.697 N000086
     0.000      0.000   0.000      0.000      0.000   0.000   0.0000  0.0000      0.000      0.000    405.195    921.991    378.569   1040.410 N000087
     0.000      0.000   0.000      0.000      0.000   0.000   0.0000  0.0000      0.000      0.000   1304.665    924.113   1299.609    976.299 N000088
  2812.112    934.379 -10.112   2820.153    888.132 -10.105   0.1122 -0.1210   2825.906    938.988   2825.794    939.109   2820.043    888.258 N000089
  2391.546    936.930 -13.221   2403.766    918.139 -13.213   0.0464 -0.0702   2405.323    941.540   2405.277    941.610   2403.720    918.211 N000090
   538.663    937.379 -10.065    530.412   1049.228 -10.058   0.1633 -0.1214    552.364    941.994    552.200    942.116    530.243   1049.362 N000091
     0.000      0.000   0.000      0.000      0.000   0.000   0.0000  0.0000      0.000      0.000   2163.392    948.611   2162.940    941.239 N000092
     0.000      0.000   0.000      0.000      0.000   0.000   0.0000  0.0000      0.000      0.000   2894.297    952.109   2887.668    896.604 N000093
     0.000      0.000   0.000      0.000      0.000   0.000   0.0000  0.0000      0.000      0.000   1565.742    955.113   1563.506    988.637 N000094
  1807.700    952.790  -9.389   1820.792    973.165  -9.382   0.1639 -0.2102   1821.452    957.402   1821.288    957.612   1820.627    973.384 N000095
  2325.103    956.539 -10.760   2337.755    941.868 -10.753   0.1027  0.0392   2338.876    961.150   2338.774    961.111   2337.652    941.836 N000096
     0.000      0.000   0.000      0.000      0.000   0.000   0.0000  0.0000      0.000      0.000   2183.267    963.111   2182.780    954.211 N000097
  1059.281    965.041 -10.721   1063.938   1038.215 -10.713  -0.1899  0.0409   1073.002    969.656   1073.192    969.615   1064.132   1038.160 N000098
     0.000      0.000   0.000      0.000      0.000   0.000   0.0000  0.0000      0.000      0.000   2414.777    973.736   2413.228    949.227 N000099
  1086.873    974.201  -9.795   1092.000   1045.325  -9.787  -0.1265  0.2010   1100.596    978.816   1100.722    978.615   1092.130   1045.116 N000100
  2041.068    973.780  -8.472   2054.553    977.974  -8.464   0.0684 -0.0198   2054.830    978.392   2054.762    978.412   2054.484    977.998 N000101
     0.000      0.000   0.000      0.000      0.000   0.000   0.0000  0.0000      0.000      0.000   1968.258    994.163   1967.939    999.453 N000102
  1409.990   1007.821  -9.873   1419.871   1055.520  -9.865  -0.0100 -0.1525   1423.725   1012.436   1423.735   1012.588   1419.881   1055.671 N000103
  2129.884   1017.194 -10.634   2143.295   1014.834 -10.627  -0.1156  0.1942   2143.649   1021.807   2143.765   1021.613   2143.410   1014.634 N000104
  1972.577   1023.093 -10.482   1986.029   1031.383 -10.474   0.0771  0.0928   1986.335   1027.706   1986.258   1027.613   1985.952   1031.296 N000105
   533.154   1023.583 -10.654    523.993   1135.854 -10.647   0.1542  0.0829    546.853   1028.200    546.699   1028.117    523.835   1135.783 N000106
     0.000      0.000   0.000      0.000      0.000   0.000   0.0000  0.0000      0.000      0.000   1813.251   1033.058   1812.474   1048.609 N000107
  3751.084   1029.714 -10.501   3741.268    922.215 -10.493   0.0842  0.1661   3764.915   1034.322   3764.831   1034.156   3741.185    922.058 N000108
     0.000      0.000   0.000      0.000      0.000   0.000   0.0000  0.0000      0.000      0.000   2373.773   1049.613   2372.612   1026.770 N000109
     0.000      0.000   0.000      0.000      0.000   0.000   0.0000  0.0000      0.000      0.000   1748.248   1056.614   1747.106   1076.475 N000110
  1826.102   1056.992  -8.911   1839.146   1075.034  -8.904   0.1020 -0.0081   1839.853   1061.606   1839.751   1061.614   1839.044   1075.049 N000111
     0.000      0.000   0.000      0.000      0.000   0.000   0.0000  0.0000      0.000      0.000   3753.355   1062.109   3730.246    950.118 N000112
     0.000      0.000   0.000      0.000      0.000   0.000   0.0000  0.0000      0.000      0.000   3096.803   1064.111   3087.622    993.550 N000113
  1396.358   1068.053 -11.392   1405.854   1116.332 -11.384  -0.1424  0.0527   1410.091   1072.668   1410.233   1072.616   1405.998   1116.269 N000114
  2833.816   1072.085 -10.605   2842.146   1022.091 -10.598  -0.1841  0.0851   2847.608   1076.697   2847.792   1076.612   2842.327   1021.995 N000115
     0.000      0.000   0.000      0.000      0.000   0.000   0.0000  0.0000      0.000      0.000   1854.251   1081.615   1853.576   1093.852 N000116
   950.149   1091.253 -11.875    951.776   1172.031 -11.867   0.1494 -0.2470    963.864   1095.870    963.714   1096.117    951.622   1172.289 N000117
  2735.676   1091.517  -8.752   2745.260   1047.661  -8.744   0.1763  0.0170   2749.464   1096.129   2749.288   1096.112   2745.086   1047.656 N000118
  1511.464   1095.053 -10.575   1522.175   1134.937 -10.567  -0.0359  0.0535   1525.202   1099.669   1525.237   1099.616   1522.211   1134.881 N000119
  1721.825   1099.447 -10.705   1734.259   1124.410 -10.698  -0.1747 -0.0531   1735.571   1104.062   1735.746   1104.115   1734.435   1124.450 N000120
  1213.748   1112.780  -9.008   1220.383   1174.049  -9.001   0.2477 -0.1571   1227.473   1117.398   1227.225   1117.555   1220.130   1174.223 N000121
  2263.829   1113.168 -12.391   2276.956   1100.565 -12.383  -0.1707  0.1680   2277.597   1117.782   2277.768   1117.614   2277.126   1100.387 N000122
  1165.652   1119.716 -10.351   1171.425   1184.484 -10.344   0.1518  0.1414   1179.375   1124.334   1179.223   1124.192   1171.271   1184.354 N000123
     0.000      0.000   0.000      0.000      0.000   0.000   0.0000  0.0000      0.000      0.000   2227.866   1127.015   2227.379   1113.072 N000124
   455.380   1130.194 -10.925    442.634   1248.665 -10.918  -0.1201  0.1943    469.073   1134.814    469.193   1134.620    442.760   1248.461 N000125
  1378.398   1148.675  -9.729   1387.328   1197.816  -9.722  -0.1020  0.1747   1392.129   1153.292   1392.231   1153.117   1387.432   1197.635 N000126
  2630.443   1168.150 -12.873   2641.321   1130.177 -12.866  -0.0573  0.1497   2644.225   1172.764   2644.282   1172.614   2641.378   1130.026 N000127
   189.439   1182.028  -9.623    165.985   1321.797  -9.616  -0.0608  0.0283    203.120   1186.650    203.181   1186.621    166.049   1321.764 N000128
  1485.481   1197.659 -10.284   1495.531   1238.823 -10.276  -0.0193  0.1330   1499.215   1202.277   1499.234   1202.144   1495.551   1238.689 N000129
  1014.400   1211.764 -10.851   1016.610   1287.583 -10.844  -0.0771 -0.2131   1028.115   1216.384   1028.192   1216.597   1016.687   1287.790 N000130
     0.000      0.000   0.000      0.000      0.000   0.000   0.0000  0.0000      0.000      0.000    786.133   1216.692    768.722   1306.249 N000131
  2029.237   1212.473  -9.834   2042.625   1214.972  -9.827   0.2369 -0.0274   2042.993   1217.089   2042.757   1217.117   2042.388   1215.016 N000132
  3113.020   1219.797 -14.134   3117.971   1149.223 -14.127   0.0202 -0.0157   3126.821   1224.411   3126.801   1224.426   3117.951   1149.240 N000133
  1083.731   1226.651 -11.207   1087.292   1297.259 -11.200   0.2085  0.1513   1097.448   1231.271   1097.240   1231.120   1087.080   1297.123 N000134
     0.000      0.000   0.000      0.000      0.000   0.000   0.0000  0.0000      0.000      0.000   1375.062   1233.119   1369.657   1278.562 N000135
     0.000      0.000   0.000      0.000      0.000   0.000   0.0000  0.0000      0.000      0.000   1450.732   1233.619   1446.338   1273.541 N000136
     0.000      0.000   0.000      0.000      0.000   0.000   0.0000  0.0000      0.000      0.000   2267.837   1238.545   2267.291   1220.671 N000137
  2133.130   1238.181 -12.767   2146.539   1233.229 -12.759   0.1296  0.1810   2146.890   1242.798   2146.760   1242.617   2146.409   1233.059 N000138
     0.000      0.000   0.000      0.000      0.000   0.000   0.0000  0.0000      0.000      0.000   1486.233   1249.119   1482.204   1286.398 N000139
     0.000      0.000   0.000      0.000      0.000   0.000   0.0000  0.0000      0.000      0.000   1577.237   1257.619   1574.179   1288.266 N000140
     0.000      0.000   0.000      0.000      0.000   0.000   0.0000  0.0000      0.000      0.000   1894.850   1258.118   1894.035   1266.065 N000141
     0.000      0.000   0.000      0.000      0.000   0.000   0.0000  0.0000      0.000      0.000   1796.946   1259.118   1795.646   1274.001 N000142
  2117.516   1260.383  -9.137   2130.917   1256.319  -9.130   0.0162 -0.0838   2131.275   1265.000   2131.259   1265.084   2130.901   1256.403 N000143
     0.000      0.000   0.000      0.000      0.000   0.000   0.0000  0.0000      0.000      0.000   1517.870   1272.528   1514.115   1307.414 N000144
  2436.565   1269.989 -10.376   2449.055   1243.870 -10.369   0.0652 -0.0114   2450.337   1274.605   2450.272   1274.617   2448.990   1243.886 N000145
     0.000      0.000   0.000      0.000      0.000   0.000   0.0000  0.0000      0.000      0.000   1945.751   1276.118   1945.093   1280.343 N000146
  1282.892   1276.390  -9.298   1289.771   1332.099  -9.290  -0.1637 -0.1099   1296.616   1281.010   1296.780   1281.120   1289.937   1332.196 N000147
  3627.285   1281.743 -10.963   3622.536   1177.035 -10.955  -0.2146  0.0851   3641.106   1286.357   3641.321   1286.271   3622.745   1176.938 N000148
     0.000      0.000   0.000      0.000      0.000   0.000   0.0000  0.0000      0.000      0.000   1362.227   1293.120   1356.331   1339.333 N000149
     0.000      0.000   0.000      0.000      0.000   0.000   0.0000  0.0000      0.000      0.000   2008.682   1300.047   2008.159   1299.667 N000150
  2789.736   1307.632 -11.014   2799.401   1257.203 -11.007   0.1312  0.1320   2803.522   1312.248   2803.391   1312.116   2799.271   1257.081 N000151
     0.000      0.000   0.000      0.000      0.000   0.000   0.0000  0.0000      0.000      0.000   1361.227   1313.621   1355.207   1359.863 N000152
  1259.032   1313.847 -11.086   1265.302   1371.269 -11.079   0.0324 -0.1531   1272.755   1318.468   1272.723   1318.621   1265.268   1371.425 N000153
  1455.871   1344.596 -12.739   1464.910   1387.388 -12.732  -0.1292  0.0961   1469.601   1349.217   1469.730   1349.121   1465.041   1387.283 N000154
  3638.761   1344.851 -14.331   3634.209   1238.340 -14.323   0.0440  0.3297   3652.582   1349.466   3652.538   1349.136   3634.163   1238.019 N000155
  1954.411   1350.010 -10.979   1967.426   1356.753 -10.972  -0.0891  0.0099   1968.162   1354.630   1968.251   1354.620   1967.515   1356.737 N000156
     0.000      0.000   0.000      0.000      0.000   0.000   0.0000  0.0000      0.000      0.000   2602.277   1356.368   2600.124   1314.411 N000157
     0.000      0.000   0.000      0.000      0.000   0.000   0.0000  0.0000      0.000      0.000   1476.330   1359.921   1471.673   1397.572 N000158
  1728.923   1356.930  -9.272   1740.699   1379.778  -9.264  -0.0770 -0.0695   1742.664   1361.551   1742.741   1361.620   1740.776   1379.842 N000159
  1370.747   1357.846 -11.861   1378.539   1406.902 -11.854   0.1222 -0.1538   1384.474   1362.468   1384.352   1362.621   1378.414   1407.065 N000160
     0.000      0.000   0.000      0.000      0.000   0.000   0.0000  0.0000      0.000      0.000   3986.334   1365.614   3959.746   1233.154 N000161
  1747.053   1367.978 -11.119   1758.926   1389.470 -11.111   0.0535 -0.0216   1760.795   1372.599   1760.742   1372.621   1758.872   1389.495 N000162
     0.000      0.000   0.000      0.000      0.000   0.000   0.0000  0.0000      0.000      0.000   2214.261   1372.619   2213.790   1357.284 N000163
     0.000      0.000   0.000      0.000      0.000   0.000   0.0000  0.0000      0.000      0.000   2522.773   1373.993   2521.186   1337.291 N000164
  2192.705   1374.700 -10.993   2205.997   1364.480 -10.986   0.2052  0.1999   2206.465   1379.319   2206.260   1379.119   2205.792   1364.296 N000165
     0.000      0.000   0.000      0.000      0.000   0.000   0.0000  0.0000      0.000      0.000   2956.791   1383.506   2951.087   1317.321 N000166
     0.000      0.000   0.000      0.000      0.000   0.000   0.0000  0.0000      0.000      0.000   1417.727   1392.122   1412.108   1434.046 N000167
  1002.104   1388.042 -10.429   1002.699   1464.926 -10.421   0.1354  0.0420   1015.815   1392.665   1015.679   1392.623   1002.561   1464.894 N000168
     0.000      0.000   0.000      0.000      0.000   0.000   0.0000  0.0000      0.000      0.000   3381.737   1396.116   3369.331   1301.720 N000169
     0.000      0.000   0.000      0.000      0.000   0.000   0.0000  0.0000      0.000      0.000   2192.259   1407.020   2191.777   1392.983 N000170
     0.000      0.000   0.000      0.000      0.000   0.000   0.0000  0.0000      0.000      0.000   1680.238   1407.621   1677.591   1430.203 N000171
  3366.393   1403.485  -8.881   3367.894   1313.632  -8.873  -0.1075 -0.0150   3380.200   1408.102   3380.308   1408.117   3368.000   1313.640 N000172
  1633.773   1412.345  -9.671   1644.516   1441.910  -9.664  -0.1440 -0.1551   1647.509   1416.967   1647.653   1417.122   1644.661   1442.054 N000173
  1150.483   1421.996 -10.046   1154.027   1487.600 -10.039  -0.0166 -0.0043   1164.200   1426.619   1164.216   1426.623   1154.044   1487.603 N000174
  2172.573   1425.225 -10.993   2185.828   1416.076 -10.986   0.0725  0.1001   2186.331   1429.846   2186.258   1429.745   2185.756   1415.982 N000175
     0.000      0.000   0.000      0.000      0.000   0.000   0.0000  0.0000      0.000      0.000   3254.802   1433.118   3244.878   1346.520 N000176
  1903.023   1429.179  -9.534   1915.657   1439.183  -9.526  -0.0030  0.2052   1916.770   1433.800   1916.773   1433.595   1915.661   1438.978 N000177
  1397.939   1432.395  -9.336   1405.713   1479.351  -9.328  -0.0610 -0.0759   1411.665   1437.017   1411.726   1437.093   1405.775   1479.423 N000178
     0.000      0.000   0.000      0.000      0.000   0.000   0.0000  0.0000      0.000      0.000    623.694   1440.125    599.216   1543.263 N000179
  2587.976   1456.070  -9.810   2599.756   1417.760  -9.803  -0.0236  0.0704   2601.751   1460.690   2601.775   1460.620   2599.780   1417.689 N000180
     0.000      0.000   0.000      0.000      0.000   0.000   0.0000  0.0000      0.000      0.000   2431.768   1464.120   2430.714   1432.924 N000181
  2121.092   1466.506  -9.209   2134.278   1460.758  -9.202   0.0916  0.0060   2134.847   1471.127   2134.755   1471.121   2134.186   1460.758 N000182
     0.000      0.000   0.000      0.000      0.000   0.000   0.0000  0.0000      0.000      0.000    933.984   1474.236    918.184   1553.091 N000183
  2899.681   1480.372 -10.138   2908.622   1420.566 -10.131   0.1542 -0.1280   2913.468   1484.991   2913.314   1485.119   2908.470   1420.703 N000184
     0.000      0.000   0.000      0.000      0.000   0.000   0.0000  0.0000      0.000      0.000   1223.917   1489.324   1214.457   1545.861 N000185
  1836.353   1487.296 -12.736   1848.454   1501.902 -12.728  -0.1474 -0.2036   1850.096   1491.919   1850.243   1492.123   1848.602   1502.094 N000186
     0.000      0.000   0.000      0.000      0.000   0.000   0.0000  0.0000      0.000      0.000   1477.261   1495.124   1471.905   1532.543 N000187
     0.000      0.000   0.000      0.000      0.000   0.000   0.0000  0.0000      0.000      0.000   1767.740   1497.123   1765.493   1513.087 N000188
     0.000      0.000   0.000      0.000      0.000   0.000   0.0000  0.0000      0.000      0.000   1544.230   1501.124   1539.708   1533.551 N000189
     0.000      0.000   0.000      0.000      0.000   0.000   0.0000  0.0000      0.000      0.000   1577.732   1506.624   1573.581   1536.559 N000190
  2124.796   1503.707 -10.579   2137.930   1497.506 -10.571  -0.1764  0.2072   2138.551   1508.329   2138.727   1508.122   2138.107   1497.287 N000191
     0.000      0.000   0.000      0.000      0.000   0.000   0.0000  0.0000      0.000      0.000   1174.851   1512.125   1164.256   1572.467 N000192
  2263.023   1512.178  -8.861   2276.138   1496.126  -8.854  -0.0601  0.0942   2276.783   1516.799   2276.844   1516.705   2276.198   1496.028 N000193
  1399.514   1535.296 -11.686   1406.688   1582.165 -11.679   0.0136 -0.2041   1413.238   1539.921   1413.224   1540.125   1406.673   1582.370 N000194
     0.000      0.000   0.000      0.000      0.000   0.000   0.0000  0.0000      0.000      0.000   2189.339   1540.123   2188.707   1525.529 N000195
  2231.941   1536.762 -10.457   2245.057   1522.779 -10.450  -0.0322 -0.1587   2245.700   1541.385   2245.732   1541.543   2245.090   1522.935 N000196
  4004.636   1538.879 -12.298   3992.629   1406.013 -12.291   0.1359 -0.1213   4018.468   1543.496   4018.332   1543.617   3992.498   1406.141 N000197
     0.000      0.000   0.000      0.000      0.000   0.000   0.0000  0.0000      0.000      0.000    935.038   1545.043    918.602   1624.154 N000198
  2332.745   1544.844 -10.947   2345.714   1523.684 -10.940  -0.1082 -0.1560   2346.507   1549.466   2346.616   1549.622   2345.822   1523.831 N000199
   486.712   1546.895  -9.592    470.310   1665.521  -9.584   0.2123 -0.1049    500.399   1551.523    500.186   1551.628    470.089   1665.644 N000200
     0.000      0.000   0.000      0.000      0.000   0.000   0.0000  0.0000      0.000      0.000   1862.242   1565.695   1860.438   1574.611 N000201
  1673.920   1563.584 -10.441   1684.399   1589.961 -10.433  -0.0797  0.0842   1687.655   1568.209   1687.735   1568.125   1684.480   1589.871 N000202
     0.000      0.000   0.000      0.000      0.000   0.000   0.0000  0.0000      0.000      0.000   1899.244   1569.124   1897.649   1575.331 N000203
     0.000      0.000   0.000      0.000      0.000   0.000   0.0000  0.0000      0.000      0.000   3067.792   1582.621   3061.338   1506.767 N000204
  1830.496   1585.663 -10.468   1842.221   1600.479 -10.460  -0.0039  0.1633   1844.237   1590.288   1844.241   1590.125   1842.226   1600.316 N000205
  2022.173   1585.876 -11.553   2034.897   1586.725 -11.545   0.1732 -0.1243   2035.922   1590.500   2035.749   1590.624   2034.723   1586.862 N000206
     0.000      0.000   0.000      0.000      0.000   0.000   0.0000  0.0000      0.000      0.000    609.190   1602.513    582.318   1708.131 N000207
  1251.674   1598.548  -9.461   1255.872   1656.834  -9.454   0.1739  0.0482   1265.391   1603.175   1265.217   1603.126   1255.695   1656.799 N000208
  1845.606   1606.402  -9.809   1857.362   1620.078  -9.801   0.1062 -0.0979   1859.347   1611.027   1859.241   1611.125   1857.255   1620.183 N000209
  1677.105   1606.881 -10.568   1687.417   1633.010 -10.561   0.1048 -0.1194   1690.839   1611.506   1690.734   1611.625   1687.311   1633.137 N000210
     0.000      0.000   0.000      0.000      0.000   0.000   0.0000  0.0000      0.000      0.000   1408.723   1613.093   1401.627   1655.804 N000211
  1714.163   1611.809 -11.224   1724.824   1635.186 -11.216   0.1369 -0.1913   1727.899   1616.434   1727.762   1616.625   1724.685   1635.388 N000212
     0.000      0.000   0.000      0.000      0.000   0.000   0.0000  0.0000      0.000      0.000   2046.749   1632.125   2045.656   1627.451 N000213
  2210.632   1639.079  -9.530   2223.613   1626.172  -9.522   0.1316  0.0792   2224.387   1643.704   2224.256   1643.625   2223.482   1626.103 N000214
  2771.195   1651.471 -10.846   2781.828   1598.965 -10.839   0.1590 -0.0290   2784.973   1656.094   2784.814   1656.123   2781.670   1599.005 N000215
     0.000      0.000   0.000      0.000      0.000   0.000   0.0000  0.0000      0.000      0.000   1074.208   1657.628   1060.161   1726.432 N000216
  1932.728   1653.049 -11.531   1944.853   1660.268 -11.524   0.2279  0.0485   1946.472   1657.674   1946.244   1657.626   1944.624   1660.236 N000217
  2410.300   1653.310 -10.217   2423.010   1626.107 -10.209  -0.1723 -0.1624   2424.063   1657.934   2424.236   1658.096   2423.182   1626.257 N000218
  1198.513   1668.396  -9.034   1201.096   1731.097  -9.026   0.0132 -0.1040   1212.227   1673.024   1212.213   1673.128   1201.082   1731.202 N000219
     0.000      0.000   0.000      0.000      0.000   0.000   0.0000  0.0000      0.000      0.000   1287.716   1673.128   1278.071   1725.333 N000220
  1215.621   1672.483 -12.475   1218.514   1733.871 -12.467   0.1205 -0.0173   1229.334   1677.111   1229.214   1677.128   1218.391   1733.898 N000221
  2389.173   1673.354 -11.920   2401.928   1647.565 -11.913  -0.7643 -0.3644   2402.936   1677.979   2403.700   1678.343   2402.690   1647.874 N000222
  2110.757   1693.527  -8.941   2123.485   1687.673  -8.933  -0.0432  0.2272   2124.507   1698.153   2124.551   1697.926   2123.529   1687.443 N000223
  2508.458   1695.111  -9.129   2520.802   1660.759  -9.122  -0.0422  0.0692   2522.225   1699.736   2522.267   1699.666   2520.844   1660.687 N000224
     0.000      0.000   0.000      0.000      0.000   0.000   0.0000  0.0000      0.000      0.000    179.170   1700.165    133.616   1842.949 N000225
  3356.290   1697.660 -10.579   3359.535   1604.916 -10.572  -0.2344  0.1365   3370.091   1702.283   3370.326   1702.146   3359.765   1604.765 N000226
     0.000      0.000   0.000      0.000      0.000   0.000   0.0000  0.0000      0.000      0.000   1277.299   1709.628   1267.165   1762.815 N000227
     0.000      0.000   0.000      0.000      0.000   0.000   0.0000  0.0000      0.000      0.000   2086.524   1711.626   2085.357   1703.887 N000228
     0.000      0.000   0.000      0.000      0.000   0.000   0.0000  0.0000      0.000      0.000   1692.232   1720.528   1688.288   1742.019 N000229
  1516.918   1728.566  -9.739   1524.604   1766.958  -9.731   0.9178  0.0664   1530.643   1733.195   1529.725   1733.128   1523.674   1766.961 N000230
     0.000      0.000   0.000      0.000      0.000   0.000   0.0000  0.0000      0.000      0.000   2976.785   1733.624   2971.901   1662.698 N000231
     0.000      0.000   0.000      0.000      0.000   0.000   0.0000  0.0000      0.000      0.000   2334.258   1735.126   2333.319   1709.413 N000232
     0.000      0.000   0.000      0.000      0.000   0.000   0.0000  0.0000      0.000      0.000   3717.315   1749.722   3700.306   1628.885 N000233
     0.000      0.000   0.000      0.000      0.000   0.000   0.0000  0.0000      0.000      0.000   2132.749   1769.827   2131.574   1758.626 N000234
     0.000      0.000   0.000      0.000      0.000   0.000   0.0000  0.0000      0.000      0.000   1944.742   1772.128   1942.700   1774.784 N000235
     0.000      0.000   0.000      0.000      0.000   0.000   0.0000  0.0000      0.000      0.000   2262.255   1775.627   2261.278   1755.001 N000236
  1415.757   1773.229 -10.331   1421.556   1819.578 -10.323  -0.0076  0.0528   1429.477   1777.859   1429.485   1777.806   1421.564   1819.524 N000237
  1996.213   1773.866 -10.955   2008.265   1776.316 -10.947   0.1886 -0.1341   2009.958   1778.494   2009.769   1778.628   2008.075   1776.464 N000238
     0.000      0.000   0.000      0.000      0.000   0.000   0.0000  0.0000      0.000      0.000   1558.635   1782.674   1552.670   1814.478 N000239
  1533.015   1785.158 -10.477   1540.566   1822.531 -10.469   0.0154  0.1581   1546.740   1789.787   1546.725   1789.629   1540.551   1822.373 N000240
     0.000      0.000   0.000      0.000      0.000   0.000   0.0000  0.0000      0.000      0.000   1658.229   1790.896   1653.515   1815.130 N000241
  1957.974   1791.795  -9.954   1969.741   1797.084  -9.946  -0.0258 -0.2050   1971.716   1796.423   1971.742   1796.628   1969.766   1797.287 N000242
     0.000      0.000   0.000      0.000      0.000   0.000   0.0000  0.0000      0.000      0.000   1467.114   1799.630   1459.657   1838.548 N000243
     0.000      0.000   0.000      0.000      0.000   0.000   0.0000  0.0000      0.000      0.000   1419.219   1804.130   1410.926   1846.782 N000244
  1178.336   1805.342  -9.500   1179.264   1870.496  -9.492  -0.1635 -0.1189   1192.046   1809.973   1192.210   1810.092   1179.430   1870.603 N000245
  2945.060   1806.694 -10.462   2954.334   1741.145 -10.455   0.0596  0.1939   2958.842   1811.320   2958.783   1811.126   2954.274   1740.956 N000246
  2039.679   1808.678 -10.219   2051.821   1807.916 -10.211   0.1788  0.1776   2053.424   1813.306   2053.245   1813.128   2051.642   1807.752 N000247
     0.000      0.000   0.000      0.000      0.000   0.000   0.0000  0.0000      0.000      0.000   1278.047   1813.630   1267.044   1867.381 N000248
   762.181   1811.707 -10.349    751.836   1910.571 -10.342   0.1813  0.1542    775.874   1816.339    775.693   1816.185    751.651   1910.430 N000249
  2449.592   1813.010  -9.897   2462.086   1782.444  -9.890   0.0922  0.0103   2463.354   1817.637   2463.262   1817.627   2461.994   1782.440 N000250
     0.000      0.000   0.000      0.000      0.000   0.000   0.0000  0.0000      0.000      0.000   2102.747   1820.985   2101.326   1811.956 N000251
  1859.725   1816.854  -8.953   1870.706   1829.519  -8.945   0.2255 -0.1463   1873.463   1821.483   1873.238   1821.629   1870.478   1829.683 N000252
  1274.984   1822.381  -9.689   1277.786   1880.017  -9.681  -0.0163 -0.1187   1288.697   1827.012   1288.713   1827.131   1277.802   1880.135 N000253
     0.000      0.000   0.000      0.000      0.000   0.000   0.0000  0.0000      0.000      0.000   1991.826   1826.795   1989.855   1825.982 N000254
  1193.042   1823.611 -11.808   1194.117   1887.739 -11.801   0.0417  0.1110   1206.752   1828.242   1206.710   1828.131   1194.076   1887.630 N000255
  2353.352   1823.670  -9.153   2366.014   1800.003  -9.146  -0.1476  0.2612   2367.110   1828.298   2367.258   1828.037   2366.162   1799.731 N000256
     0.000      0.000   0.000      0.000      0.000   0.000   0.0000  0.0000      0.000      0.000   2782.275   1828.126   2779.379   1770.218 N000257
  2273.098   1825.379  -9.384   2285.790   1807.516  -9.377   0.0985 -0.1209   2286.853   1830.007   2286.755   1830.128   2285.691   1807.644 N000258
  1869.221   1827.002 -10.353   1880.227   1838.972 -10.345  -1.7075  1.0022   1882.959   1831.631   1884.666   1830.629   1881.954   1837.839 N000259
  2808.410   1832.578 -10.532   2818.993   1776.450 -10.525  -0.0905  0.0778   2822.186   1837.204   2822.277   1837.127   2819.082   1776.366 N000260
  2151.694   1833.802 -11.410   2164.176   1824.791 -11.402   0.1940 -0.1975   2165.443   1838.431   2165.249   1838.628   2163.981   1825.003 N000261
  1152.743   1837.436  -9.430   1152.782   1904.886  -9.422   0.6594  0.3524   1166.451   1842.067   1165.791   1841.715   1152.111   1904.583 N000262
     0.000      0.000   0.000      0.000      0.000   0.000   0.0000  0.0000      0.000      0.000   1479.721   1842.693   1472.154   1880.865 N000263
     0.000      0.000   0.000      0.000      0.000   0.000   0.0000  0.0000      0.000      0.000   3824.008   1851.624   3805.370   1722.732 N000264
     0.000      0.000   0.000      0.000      0.000   0.000   0.0000  0.0000      0.000      0.000   1508.222   1852.631   1501.035   1888.647 N000265
  2993.118   1848.739 -11.046   3001.974   1779.623 -11.038   0.1181  0.1194   3006.902   1853.365   3006.784   1853.245   3001.857   1779.512 N000266
  1041.165   1852.360 -10.505   1038.356   1928.903 -10.498   0.1654 -0.1398   1054.869   1856.992   1054.703   1857.132   1038.185   1929.057 N000267
  1016.411   1855.446 -10.934   1012.923   1934.021 -10.926  -0.0889 -0.0536   1030.113   1860.078   1030.202   1860.132   1013.014   1934.068 N000268
  2242.435   1862.648 -11.531   2255.030   1846.991 -11.524  -0.0646  0.1480   2256.188   1867.277   2256.253   1867.129   2255.095   1846.838 N000269
     0.000      0.000   0.000      0.000      0.000   0.000   0.0000  0.0000      0.000      0.000   1775.233   1869.092   1771.352   1884.678 N000270
   272.554   1873.362 -10.069    242.584   2014.506 -10.062   0.0538 -0.1382    286.225   1877.996    286.171   1878.135    242.525   2014.651 N000271
  2148.642   1873.157 -14.241   2161.007   1864.380 -14.233   0.1424  0.1357   2162.391   1877.787   2162.248   1877.651   2160.865   1864.255 N000272
  1208.803   1876.741  -9.788   1209.714   1940.053  -9.780  -0.1611 -0.1162   1222.513   1881.373   1222.674   1881.489   1209.878   1940.157 N000273
  2280.467   1879.131  -9.243   2293.062   1860.696  -9.236  -0.0334  0.1313   2294.220   1883.760   2294.254   1883.629   2293.096   1860.562 N000274
  2585.681   1882.637 -13.214   2597.654   1842.154 -13.207   0.1814  0.1369   2599.448   1887.265   2599.266   1887.128   2597.474   1842.030 N000275
     0.000      0.000   0.000      0.000      0.000   0.000   0.0000  0.0000      0.000      0.000   1645.177   1891.681   1639.683   1917.315 N000276
  1370.747   1888.116 -10.091   1374.846   1938.687 -10.084   0.2110  0.1165   1384.463   1892.748   1384.252   1892.632   1374.632   1938.586 N000277
  2720.447   1890.623  -9.500   2731.707   1840.504  -9.492  -0.0215  0.1232   2734.219   1895.251   2734.240   1895.128   2731.728   1840.380 N000278
  1071.511   1896.435 -10.060   1068.992   1970.968 -10.053   0.0109 -0.0650   1085.214   1901.068   1085.204   1901.133   1068.980   1971.034 N000279
     0.000      0.000   0.000      0.000      0.000   0.000   0.0000  0.0000      0.000      0.000    967.127   1904.133    947.733   1983.674 N000280
  1788.173   1903.176 -10.206   1798.077   1921.502 -10.199   0.1733  0.1762   1801.906   1907.807   1801.733   1907.631   1797.903   1921.338 N000281
  2476.304   1903.911 -11.652   2488.640   1871.262 -11.645  -0.1965 -0.0891   2490.065   1908.540   2490.261   1908.629   2488.835   1871.337 N000282
  1733.315   1907.499 -11.329   1742.625   1930.034 -11.321  -0.1854 -0.0014   1747.045   1912.130   1747.231   1912.131   1742.812   1930.021 N000283
     0.000      0.000   0.000      0.000      0.000   0.000   0.0000  0.0000      0.000      0.000   1295.112   1921.133   1283.483   1974.370 N000284
   965.396   1925.655 -11.270    959.729   2009.152 -11.262  -0.1042  0.0929    979.094   1930.289    979.199   1930.196    959.837   2009.049 N000285
     0.000      0.000   0.000      0.000      0.000   0.000   0.0000  0.0000      0.000      0.000    502.179   1933.135     -1.000     -1.000 N000286
     0.000      0.000   0.000      0.000      0.000   0.000   0.0000  0.0000      0.000      0.000   2675.768   1939.057   2673.599   1888.380 N000287
  2625.182   1936.829  -9.018   2636.953   1893.417  -9.011   0.0986 -0.1713   2638.949   1941.458   2638.850   1941.629   2636.856   1893.595 N000288
  2719.981   1937.535 -10.189   2731.256   1887.336 -10.181  -0.0193  0.0352   2733.751   1942.164   2733.771   1942.129   2731.275   1887.299 N000289
     0.000      0.000   0.000      0.000      0.000   0.000   0.0000  0.0000      0.000      0.000   2299.003   1948.693   2297.702   1925.299 N000290
  2451.806   1954.387 -11.101   2464.135   1923.478 -11.093  -0.1945 -0.1127   2465.565   1959.017   2465.759   1959.130   2464.329   1923.577 N000291
  2648.107   1954.995 -10.464   2659.767   1909.912 -10.457   0.1073 -0.0052   2661.875   1959.624   2661.767   1959.629   2659.660   1909.925 N000292
  3182.587   1956.492 -12.050   3189.455   1873.718 -12.043   0.0870 -0.0078   3196.376   1961.120   3196.289   1961.128   3189.369   1873.732 N000293
  1401.812   1961.684 -11.884   1405.860   2010.383 -11.876  -0.1881  0.1840   1415.528   1966.317   1415.716   1966.133   1406.053   2010.183 N000294
     0.000      0.000   0.000      0.000      0.000   0.000   0.0000  0.0000      0.000      0.000   3876.018   1966.126   3857.050   1832.775 N000295
     0.000      0.000   0.000      0.000      0.000   0.000   0.0000  0.0000      0.000      0.000    536.680   1968.136     -1.000     -1.000 N000296
  2103.844   1963.607 -11.558   2115.739   1958.307 -11.551  -0.1562  0.1068   2117.589   1968.238   2117.745   1968.131   2115.896   1958.188 N000297
     0.000      0.000   0.000      0.000      0.000   0.000   0.0000  0.0000      0.000      0.000   1134.204   1970.634   1118.452   2037.303 N000298
  2446.999   1973.349 -10.318   2459.309   1942.792 -10.311  -0.0010 -0.1511   2460.758   1977.979   2460.759   1978.130   2459.310   1942.943 N000299
     0.000      0.000   0.000      0.000      0.000   0.000   0.0000  0.0000      0.000      0.000    597.182   1985.136     -1.000     -1.000 N000300
     0.000      0.000   0.000      0.000      0.000   0.000   0.0000  0.0000      0.000      0.000   2888.576   1984.429   2884.995   1918.508 N000301
     0.000      0.000   0.000      0.000      0.000   0.000   0.0000  0.0000      0.000      0.000   2564.363   2003.631   2562.618   1960.926 N000302
     0.000      0.000   0.000      0.000      0.000   0.000   0.0000  0.0000      0.000      0.000   2834.274   2009.630   2831.136   1947.518 N000303
   167.968   2007.878 -13.388    135.395   2109.135 -13.381  -0.0321 -0.1223    181.632   2012.515    181.664   2012.637    135.427   2109.257 N000304
     0.000      0.000   0.000      0.000      0.000   0.000   0.0000  0.0000      0.000      0.000   1406.665   2016.134     -1.000     -1.000 N000305
  2010.379   2014.421 -10.984   2021.533   2016.325 -10.976  -0.1214 -0.0791   2024.119   2019.053   2024.240   2019.132   2021.654   2016.395 N000306
     0.000      0.000   0.000      0.000      0.000   0.000   0.0000  0.0000      0.000      0.000   3167.487   2026.029   3161.114   1940.383 N000307
     0.000      0.000   0.000      0.000      0.000   0.000   0.0000  0.0000      0.000      0.000   2475.758   2034.631   2474.196   1998.394 N000308
  2375.067   2030.822  -9.587   2387.349   2005.587  -9.580   0.0668 -0.1275   2388.822   2035.454   2388.755   2035.582   2387.282   2005.720 N000309
     0.000      0.000   0.000      0.000      0.000   0.000   0.0000  0.0000      0.000      0.000   3069.283   2050.630   3064.086   1971.797 N000310
     0.000      0.000   0.000      0.000      0.000   0.000   0.0000  0.0000      0.000      0.000   2171.245   2052.633   2169.315   2038.965 N000311
  2354.086   2056.228 -12.379   2366.309   2032.592 -12.372   0.0865  0.1654   2367.840   2060.860   2367.753   2060.695   2366.223   2032.432 N000312
     0.000      0.000   0.000      0.000      0.000   0.000   0.0000  0.0000      0.000      0.000   2571.333   2064.989   2569.495   2021.815 N000313
  3119.621   2072.330 -11.593   3127.554   1993.563 -11.586   0.1211 -0.1699   3133.406   2076.960   3133.285   2077.130   3127.435   1993.741 N000314
     0.000      0.000   0.000      0.000      0.000   0.000   0.0000  0.0000      0.000      0.000   2541.260   2097.632     -1.000     -1.000 N000315
  1732.895   2095.080 -11.736   1744.702   2066.415 -11.728  -0.1054  0.0797   1746.622   2099.714   1746.727   2099.635   1744.809   2066.326 N000316
     0.000      0.000   0.000      0.000      0.000   0.000   0.0000  0.0000      0.000      0.000   1618.333   2105.635   1614.789   2082.427 N000317
     0.000      0.000   0.000      0.000      0.000   0.000   0.0000  0.0000      0.000      0.000   1981.736   2126.135   1981.841   2074.830 N000318
     0.000      0.000   0.000      0.000      0.000   0.000   0.0000  0.0000      0.000      0.000   1382.211   2130.636   1374.555   2126.538 N000319
   811.445   2130.292 -11.923    803.033   2177.329 -11.915  -0.0554 -0.2083    825.133   2134.930    825.188   2135.138    803.088   2177.536 N000320
     0.000      0.000   0.000      0.000      0.000   0.000   0.0000  0.0000      0.000      0.000   1460.830   2143.636   1454.547   2133.303 N000321
     0.000      0.000   0.000      0.000      0.000   0.000   0.0000  0.0000      0.000      0.000   1955.735   2144.072   1955.584   2094.852 N000322
     0.000      0.000   0.000      0.000      0.000   0.000   0.0000  0.0000      0.000      0.000   2337.750   2145.676   2339.242   2067.511 N000323
     0.000      0.000   0.000      0.000      0.000   0.000   0.0000  0.0000      0.000      0.000   1983.236   2158.635   1983.242   2107.383 N000324
  2225.335   2155.925 -11.214   2240.385   2089.841 -11.206  -0.1389 -0.0749   2239.081   2160.560   2239.220   2160.634   2240.524   2089.906 N000325
   509.042   2157.382 -11.726    489.252   2231.173 -11.719   0.0419 -0.1184    522.717   2162.021    522.675   2162.139    489.207   2231.297 N000326
  2086.293   2159.365 -10.325   2100.766   2103.840 -10.318  -0.2071 -0.1354   2100.033   2164.000   2100.240   2164.135   2100.974   2103.960 N000327
  2050.816   2164.469 -12.469   2065.076   2111.677 -12.462  -0.1596 -0.0314   2064.555   2169.104   2064.715   2169.135   2065.237   2111.696 N000328
  2163.590   2166.203 -11.984   2178.413   2104.829 -11.976   0.0904  0.2030   2177.334   2170.838   2177.243   2170.635   2178.323   2104.632 N000329
  1638.291   2175.080 -11.039   1648.496   2154.424 -11.031  -0.2086  0.0796   1652.013   2179.716   1652.222   2179.636   1648.708   2154.327 N000330
     0.000      0.000   0.000      0.000      0.000   0.000   0.0000  0.0000      0.000      0.000   1742.225   2179.636   1739.849   2147.231 N000331
  2448.916   2179.052 -11.446   2464.090   2096.299 -11.439  -0.0837  0.0522   2462.671   2183.687   2462.755   2183.634   2464.174   2096.240 N000332
  2248.183   2181.970  -9.624   2263.249   2114.255  -9.616   0.1831 -0.0297   2261.930   2186.605   2261.747   2186.635   2263.065   2114.299 N000333
  1763.284   2185.189 -11.276   1774.979   2154.769 -11.268  -0.1894  0.1630   1777.011   2189.826   1777.200   2189.663   1775.171   2154.590 N000334
  2502.616   2190.893  -9.798   2517.697   2104.178  -9.791   0.1162 -0.1070   2516.373   2195.527   2516.257   2195.634   2517.581   2104.294 N000335
     0.000      0.000   0.000      0.000      0.000   0.000   0.0000  0.0000      0.000      0.000   1462.713   2196.637   1456.072   2186.670 N000336
     0.000      0.000   0.000      0.000      0.000   0.000   0.0000  0.0000      0.000      0.000   1343.708   2203.204   1334.687   2203.016 N000337
  1178.121   2200.381  -9.840   1179.365   2217.403  -9.833   0.1211 -0.1185   1191.823   2205.020   1191.702   2205.138   1179.240   2217.533 N000338
  3153.060   2200.413 -11.201   3163.754   2066.545 -11.194   0.0603 -0.0871   3166.844   2205.046   3166.783   2205.133   3163.695   2066.636 N000339
     0.000      0.000   0.000      0.000      0.000   0.000   0.0000  0.0000      0.000      0.000   3584.801   2205.132     -1.000     -1.000 N000340
  1108.120   2206.022 -11.753   1107.557   2228.966 -11.746   0.1198  0.0220   1121.819   2210.661   1121.699   2210.639   1107.434   2228.954 N000341
  1236.249   2216.763 -11.150   1238.709   2229.165 -11.142   0.0107 -0.0701   1249.953   2221.402   1249.942   2221.472   1238.697   2229.237 N000342
  2552.393   2220.851 -11.159   2567.372   2130.506 -11.152  -0.1072 -0.1487   2566.151   2225.486   2566.258   2225.635   2567.479   2130.647 N000343
  1499.195   2237.009  -9.885   1506.817   2228.089  -9.878   0.1066  0.0086   1512.909   2241.647   1512.803   2241.638   1506.709   2228.089 N000344
  3033.917   2241.214  -9.245   3046.054   2115.761  -9.238  -0.0830  0.1757   3047.695   2245.848   3047.778   2245.672   3046.135   2115.580 N000345
     0.000      0.000   0.000      0.000      0.000   0.000   0.0000  0.0000      0.000      0.000   2163.741   2253.136   2164.554   2188.570 N000346
   437.597   2251.665 -11.517    413.495   2333.589 -11.510   0.0973  0.1653    451.268   2256.307    451.171   2256.141    413.396   2333.429 N000347
  3181.266   2257.949  -9.123   3191.900   2121.940  -9.116   0.0158 -0.0512   3195.049   2262.583   3195.034   2262.634   3191.885   2121.992 N000348
     0.000      0.000   0.000      0.000      0.000   0.000   0.0000  0.0000      0.000      0.000   1392.709   2263.139   1384.187   2259.636 N000349
     0.000      0.000   0.000      0.000      0.000   0.000   0.0000  0.0000      0.000      0.000   1319.706   2266.139   1309.619   2268.696 N000350
  2148.697   2272.404 -10.291   2163.174   2212.716 -10.284   0.1968 -0.0959   2162.438   2277.041   2162.241   2277.137   2162.976   2212.828 N000351
  2591.460   2274.425 -11.206   2606.361   2181.310 -11.198  -0.0401 -0.0749   2605.219   2279.061   2605.259   2279.136   2606.401   2181.382 N000352
  1352.308   2277.159 -11.230   1356.777   2280.729 -11.223  -0.1919  0.1346   1366.016   2281.798   1366.208   2281.663   1356.974   2280.577 N000353
  3229.935   2277.420  -8.992   3240.085   2137.914  -8.985  -0.0647 -0.0795   3243.720   2282.054   3243.785   2282.134   3240.149   2137.989 N000354
  2303.270   2278.429  -9.495   2318.281   2206.964  -9.487  -0.1881 -0.0709   2317.017   2283.066   2317.205   2283.137   2318.469   2207.021 N000355
     0.000      0.000   0.000      0.000      0.000   0.000   0.0000  0.0000      0.000      0.000   2757.265   2284.135   2757.850   2175.166 N000356
   985.371   2282.673  -9.779    980.595   2317.149  -9.772  -0.1289  0.1728    999.064   2287.313    999.192   2287.140    980.730   2316.962 N000357
     0.000      0.000   0.000      0.000      0.000   0.000   0.0000  0.0000      0.000      0.000    403.446   2292.448    363.059   2374.774 N000358
  1739.358   2287.921  -9.435   1750.206   2260.276  -9.427  -0.1417 -0.1291   1753.082   2292.559   1753.223   2292.688   1750.349   2260.395 N000359
     0.000      0.000   0.000      0.000      0.000   0.000   0.0000  0.0000      0.000      0.000   1253.703   2297.211   1241.833   2305.674 N000360
  2658.198   2295.504 -11.003   2672.914   2197.499 -10.996   0.1704  0.0037   2671.959   2300.140   2671.789   2300.136   2672.744   2197.508 N000361
     0.000      0.000   0.000      0.000      0.000   0.000   0.0000  0.0000      0.000      0.000   1739.723   2305.639   1736.607   2274.545 N000362
  1251.260   2303.944  -9.927   1253.247   2316.267  -9.920  -0.1242 -0.0556   1264.964   2308.584   1265.088   2308.640   1253.374   2316.313 N000363
     0.000      0.000   0.000      0.000      0.000   0.000   0.0000  0.0000      0.000      0.000   1729.722   2308.472   1726.459   2278.204 N000364
     0.000      0.000   0.000      0.000      0.000   0.000   0.0000  0.0000      0.000      0.000   2000.483   2311.138   2000.044   2259.580 N000365
  3437.408   2308.486  -8.701   3444.887   2154.277  -8.694  -0.0919 -0.0144   3451.201   2313.120   3451.293   2313.134   3444.977   2154.285 N000366
     0.000      0.000   0.000      0.000      0.000   0.000   0.0000  0.0000      0.000      0.000   1410.709   2313.640   1402.115   2309.296 N000367
     0.000      0.000   0.000      0.000      0.000   0.000   0.0000  0.0000      0.000      0.000    578.175   2314.242    544.780   2381.367 N000368
     0.000      0.000   0.000      0.000      0.000   0.000   0.0000  0.0000      0.000      0.000    613.676   2314.285    581.684   2378.250 N000369
     0.000      0.000   0.000      0.000      0.000   0.000   0.0000  0.0000      0.000      0.000    939.189   2314.341    918.596   2349.772 N000370
     0.000      0.000   0.000      0.000      0.000   0.000   0.0000  0.0000      0.000      0.000   2267.244   2317.137   2268.306   2245.018 N000371
     0.000      0.000   0.000      0.000      0.000   0.000   0.0000  0.0000      0.000      0.000   2718.763   2319.136   2719.557   2213.081 N000372
     0.000      0.000   0.000      0.000      0.000   0.000   0.0000  0.0000      0.000      0.000   1683.765   2320.548   1679.799   2294.081 N000373
  1187.769   2324.661 -10.261   1188.022   2342.612 -10.254  -0.2668  0.1608   1201.469   2329.302   1201.736   2329.141   1188.297   2342.427 N000374
  2428.862   2325.908  -8.928   2443.939   2245.159  -8.921  -0.0666 -0.0202   2442.613   2330.545   2442.680   2330.566   2444.006   2245.174 N000375
  2105.197   2327.635  -9.170   2119.253   2271.677  -9.162   0.1968  0.1346   2118.935   2332.273   2118.738   2332.138   2119.055   2271.556 N000376
     0.000      0.000   0.000      0.000      0.000   0.000   0.0000  0.0000      0.000      0.000   1689.620   2338.639   1685.610   2311.899 N000377
  2144.108   2336.125 -11.480   2158.364   2277.216 -11.473   0.1082  0.1248   2157.847   2340.763   2157.739   2340.638   2158.256   2277.099 N000378
   560.077   2343.285 -10.187    539.681   2416.144 -10.179   0.0772 -0.1838    573.751   2347.928    573.674   2348.112    539.598   2416.338 N000379
  1097.406   2347.336  -9.839   1095.065   2373.297  -9.832  -0.1230 -0.1636   1111.102   2351.978   1111.225   2352.141   1095.190   2373.452 N000380
  1461.813   2349.100  -9.666   1467.858   2344.585  -9.659   0.1050 -0.3584   1475.524   2353.740   1475.419   2354.099   1467.748   2344.957 N000381
  1657.237   2364.581 -10.969   1666.473   2344.332 -10.961  -0.2071  0.0811   1670.956   2369.221   1671.163   2369.140   1666.684   2344.233 N000382
  2445.035   2366.733  -9.185   2460.071   2284.970  -9.178   0.0351 -0.0793   2458.786   2371.371   2458.751   2371.450   2460.036   2285.052 N000383
  2506.509   2367.124 -10.241   2521.534   2280.716 -10.234   0.0091  0.1237   2520.263   2371.761   2520.254   2371.638   2521.525   2280.592 N000384
  2015.924   2372.583 -11.737   2029.170   2323.940 -11.729  -0.0756  0.0832   2029.658   2377.222   2029.733   2377.139   2029.246   2323.850 N000385
  1267.549   2373.772  -9.624   1269.234   2385.761  -9.617   0.0988 -0.1780   1281.251   2378.413   1281.152   2378.591   1269.131   2385.950 N000386
  2680.512   2373.955  -9.565   2695.209   2274.545  -9.558   0.0123 -0.0454   2694.273   2378.592   2694.261   2378.637   2695.197   2274.592 N000387
   346.806   2387.066 -10.060    316.539   2480.192 -10.053  -0.1943  0.0662    360.470   2391.710    360.664   2391.644    316.743   2480.106 N000388
     0.000      0.000   0.000      0.000      0.000   0.000   0.0000  0.0000      0.000      0.000   2086.048   2391.639   2085.931   2334.073 N000389
  1688.201   2392.490 -10.381   1697.690   2370.074 -10.373   0.2015 -0.0097   1701.921   2397.131   1701.719   2397.141   1697.485   2370.100 N000390
  1180.170   2393.454  -9.706   1179.511   2413.134  -9.698   0.1406  0.0133   1193.868   2398.096   1193.728   2398.083   1179.367   2413.132 N000391
     0.000      0.000   0.000      0.000      0.000   0.000   0.0000  0.0000      0.000      0.000    685.177   2399.143    654.707   2458.486 N000392
   386.775   2407.833 -10.629    357.980   2497.806 -10.622  -0.1624 -0.1675    400.440   2412.477    400.603   2412.645    358.147   2497.963 N000393
     0.000      0.000   0.000      0.000      0.000   0.000   0.0000  0.0000      0.000      0.000   1649.217   2423.141   1644.008   2400.683 N000394
     0.000      0.000   0.000      0.000      0.000   0.000   0.0000  0.0000      0.000      0.000   2776.263   2431.138   2776.938   2321.195 N000395
  1724.464   2429.597 -11.345   1734.214   2404.707 -11.338  -0.0365  0.0973   1738.184   2434.239   1738.220   2434.141   1734.252   2404.606 N000396
     0.000      0.000   0.000      0.000      0.000   0.000   0.0000  0.0000      0.000      0.000   1616.152   2437.642   1610.302   2418.075 N000397
     0.000      0.000   0.000      0.000      0.000   0.000   0.0000  0.0000      0.000      0.000   1685.747   2439.141   1680.978   2413.920 N000398
     0.000      0.000   0.000      0.000      0.000   0.000   0.0000  0.0000      0.000      0.000   1325.703   2439.642   1314.105   2444.216 N000399
  2477.007   2440.495  -9.123   2491.966   2356.747  -9.116   0.0977  0.0858   2490.758   2445.134   2490.660   2445.048   2491.869   2356.668 N000400
     0.000      0.000   0.000      0.000      0.000   0.000   0.0000  0.0000      0.000      0.000   1991.730   2448.141   1990.597   2398.517 N000401
  2961.062   2447.516 -12.557   2974.436   2327.561 -12.550   0.0623  0.0158   2974.833   2452.154   2974.771   2452.138   2974.374   2327.550 N000402
     0.000      0.000   0.000      0.000      0.000   0.000   0.0000  0.0000      0.000      0.000   3896.309   2457.191   3883.236   2267.071 N000403
     0.000      0.000   0.000      0.000      0.000   0.000   0.0000  0.0000      0.000      0.000   2520.252   2460.112   2521.450   2369.580 N000404
     0.000      0.000   0.000      0.000      0.000   0.000   0.0000  0.0000      0.000      0.000    476.167   2462.145    436.227   2541.762 N000405
  1639.214   2459.239 -12.789   1647.469   2441.666 -12.781   0.2137  0.0797   1652.930   2463.881   1652.716   2463.801   1647.253   2441.603 N000406
  1392.954   2475.191  -9.922   1396.456   2478.257  -9.915  -0.0465  0.1910   1406.659   2479.834   1406.706   2479.643   1396.505   2478.059 N000407
     0.000      0.000   0.000      0.000      0.000   0.000   0.0000  0.0000      0.000      0.000   2289.942   2482.241   2290.636   2409.572 N000408
     0.000      0.000   0.000      0.000      0.000   0.000   0.0000  0.0000      0.000      0.000   1838.223   2495.142   1835.162   2458.306 N000409
     0.000      0.000   0.000      0.000      0.000   0.000   0.0000  0.0000      0.000      0.000   2512.051   2495.040   2513.206   2405.379 N000410
  2378.270   2491.898  -9.312   2392.998   2416.095  -9.304  -0.2024 -0.1025   2392.016   2496.538   2392.218   2496.641   2393.201   2416.183 N000411
  1743.800   2492.328 -11.118   1753.374   2466.687 -11.111  -0.2001 -0.1716   1757.520   2496.971   1757.720   2497.142   1753.576   2466.845 N000412
     0.000      0.000   0.000      0.000      0.000   0.000   0.0000  0.0000      0.000      0.000    718.677   2500.645    687.980   2559.215 N000413
     0.000      0.000   0.000      0.000      0.000   0.000   0.0000  0.0000      0.000      0.000   2277.741   2502.141   2278.323   2430.599 N000414
  2120.899   2501.059  -9.313   2134.390   2445.398  -9.306  -0.0619  0.0978   2134.635   2505.701   2134.696   2505.603   2134.453   2445.294 N000415
  3015.534   2502.667  -9.968   3028.646   2378.888  -9.961   0.0340  0.1675   3029.306   2507.306   3029.272   2507.139   3028.612   2378.722 N000416
     0.000      0.000   0.000      0.000      0.000   0.000   0.0000  0.0000      0.000      0.000   1331.143   2509.644   1318.954   2514.931 N000417
  4082.691   2514.219  -9.596   4079.761   2314.901  -9.589   0.1912  0.2188   4096.507   2518.855   4096.316   2518.636   4079.572   2314.696 N000418
  2289.207   2514.136  -9.152   2303.580   2445.427  -9.145   0.1162  0.0451   2302.949   2518.777   2302.833   2518.732   2303.463   2445.391 N000419
  2656.166   2516.502  -9.000   2670.960   2419.672  -8.993   0.1656  0.0021   2669.922   2521.142   2669.757   2521.140   2670.795   2419.682 N000420
  1998.602   2516.789 -10.468   2011.020   2470.978 -10.461   0.1022 -0.2446   2012.332   2521.431   2012.230   2521.676   2010.916   2471.234 N000421
     0.000      0.000   0.000      0.000      0.000   0.000   0.0000  0.0000      0.000      0.000   2281.241   2532.142   2281.743   2460.612 N000422
  2220.434   2527.980  -9.792   2234.433   2464.778  -9.785  -0.0660 -0.0196   2234.173   2532.622   2234.239   2532.642   2234.499   2464.793 N000423
     0.000      0.000   0.000      0.000      0.000   0.000   0.0000  0.0000      0.000      0.000   2194.681   2533.586   2194.714   2468.851 N000424
     0.000      0.000   0.000      0.000      0.000   0.000   0.0000  0.0000      0.000      0.000   2586.920   2538.641   2588.036   2443.598 N000425
  2793.448   2533.812 -11.041   2807.863   2426.732 -11.034  -0.0517 -0.1880   2807.210   2538.452   2807.262   2538.640   2807.914   2426.917 N000426
  3088.682   2537.333 -11.696   3101.313   2408.298 -11.688   0.1816 -0.1668   3102.456   2541.973   3102.274   2542.139   3101.134   2408.479 N000427
     0.000      0.000   0.000      0.000      0.000   0.000   0.0000  0.0000      0.000      0.000    486.705   2552.647    445.703   2633.573 N000428
     0.000      0.000   0.000      0.000      0.000   0.000   0.0000  0.0000      0.000      0.000    806.179   2572.747    777.648   2625.118 N000429
  1399.573   2568.777 -11.568   1402.284   2572.888 -11.560   0.0730 -0.2232   1413.277   2573.422   1413.204   2573.645   1402.207   2573.121 N000430
   802.168   2569.531  -9.847    787.641   2625.715  -9.839   0.1677  0.0307    815.847   2574.177    815.679   2574.146    787.468   2625.699 N000431
     0.000      0.000   0.000      0.000      0.000   0.000   0.0000  0.0000      0.000      0.000   1500.157   2576.145   1490.959   2568.339 N000432
  2637.162   2573.974 -12.982   2651.958   2479.007 -12.974   0.1621 -0.0257   2650.917   2578.616   2650.755   2578.641   2651.796   2479.045 N000433
     0.000      0.000   0.000      0.000      0.000   0.000   0.0000  0.0000      0.000      0.000   1180.168   2581.146   1163.361   2600.710 N000434
  2097.170   2582.948 -10.565   2110.104   2530.091 -10.558   0.1701 -0.0518   2110.903   2587.591   2110.732   2587.643   2109.932   2530.157 N000435
  2321.035   2583.468  -9.311   2335.332   2512.969  -9.304   0.0347 -0.0321   2334.776   2588.110   2334.742   2588.142   2335.297   2513.004 N000436
   944.264   2589.309 -10.706    934.318   2633.274 -10.699  -0.2363 -0.1909    957.948   2593.956    958.185   2594.146    934.559   2633.448 N000437
  1718.744   2590.820 -11.042   1727.206   2568.665 -11.035   0.1385 -0.1805   1732.460   2595.464   1732.322   2595.644   1727.064   2568.859 N000438
     0.000      0.000   0.000      0.000      0.000   0.000   0.0000  0.0000      0.000      0.000   2518.249   2600.642   2519.256   2511.396 N000439
  1263.922   2597.873  -9.785   1263.123   2614.097  -9.778  -0.0776 -0.1272   1277.620   2602.519   1277.698   2602.646   1263.201   2614.220 N000440
     0.000      0.000   0.000      0.000      0.000   0.000   0.0000  0.0000      0.000      0.000   2173.335   2604.043   2172.929   2541.787 N000441
  1702.065   2606.176 -10.452   1710.139   2585.642 -10.444   0.0646  0.1761   1715.780   2610.821   1715.716   2610.645   1710.075   2585.469 N000442
  1108.394   2608.279 -10.216   1103.254   2638.205 -10.209  -0.1056 -0.1684   1122.086   2612.925   1122.191   2613.094   1103.361   2638.368 N000443
     0.000      0.000   0.000      0.000      0.000   0.000   0.0000  0.0000      0.000      0.000   2868.207   2624.642   2868.684   2508.885 N000444
   671.859   2621.676  -8.885    651.611   2690.921  -8.878  -0.3414  0.1756    685.531   2626.323    685.873   2626.148    651.969   2690.710 N000445
  2571.471   2621.398  -8.542   2586.245   2531.875  -8.534  -0.1292 -0.0021   2585.222   2626.040   2585.351   2626.042   2586.374   2531.867 N000446
  1419.989   2627.622 -12.301   1422.540   2631.091 -12.293  -0.0107  0.1222   1433.693   2632.268   1433.704   2632.146   1422.552   2630.966 N000447
  2569.437   2628.699  -9.246   2584.200   2539.402  -9.239  -0.0633  0.1989   2583.188   2633.342   2583.251   2633.143   2584.263   2539.196 N000448
   273.891   2638.490 -10.081    235.580   2745.193 -10.074  -0.1092 -0.0099    287.547   2643.139    287.656   2643.149    235.694   2745.193 N000449
     0.000      0.000   0.000      0.000      0.000   0.000   0.0000  0.0000      0.000      0.000   1276.697   2650.147   1261.628   2662.767 N000450
    92.154   2649.618 -10.054     44.105   2774.054 -10.046   0.1536  0.1183    105.802   2654.268    105.648   2654.150     43.945   2773.947 N000451
  3528.502   2658.251 -10.452   3536.721   2497.648 -10.445   0.0025  0.0846   3542.292   2662.892   3542.290   2662.807   3536.718   2497.563 N000452
  2958.281   2660.839 -10.148   2972.074   2542.191 -10.141  -0.1908 -0.1334   2972.048   2665.481   2972.239   2665.614   2972.264   2542.311 N000453
     0.000      0.000   0.000      0.000      0.000   0.000   0.0000  0.0000      0.000      0.000   3763.266   2665.207   3754.283   2484.260 N000454
  2453.821   2663.076 -11.076   2468.348   2583.094 -11.069  -0.1572  0.0761   2467.567   2667.720   2467.724   2667.644   2468.506   2583.005 N000455
  2239.849   2664.137  -9.306   2253.439   2600.973  -9.298   0.2493  0.1372   2253.586   2668.781   2253.337   2668.644   2253.189   2600.854 N000456
  1359.601   2664.528  -9.506   1360.386   2673.871  -9.498   0.1013  0.0278   1373.302   2669.175   1373.200   2669.147   1360.283   2673.851 N000457
     0.000      0.000   0.000      0.000      0.000   0.000   0.0000  0.0000      0.000      0.000   2772.758   2674.643   2773.563   2566.535 N000458
     0.000      0.000   0.000      0.000      0.000   0.000   0.0000  0.0000      0.000      0.000   3630.200   2674.234   3623.416   2502.739 N000459
     0.000      0.000   0.000      0.000      0.000   0.000   0.0000  0.0000      0.000      0.000   1432.536   2689.064   1420.760   2689.093 N000460
  2685.557   2684.506 -13.430   2700.235   2586.809 -13.422   0.0568  0.0063   2699.312   2689.150   2699.255   2689.143   2700.178   2586.807 N000461
     0.000      0.000   0.000      0.000      0.000   0.000   0.0000  0.0000      0.000      0.000   3195.275   2691.042   3193.780   2551.247 N000462
     0.000      0.000   0.000      0.000      0.000   0.000   0.0000  0.0000      0.000      0.000   2952.265   2692.543   2952.431   2570.946 N000463
  1580.278   2693.598 -10.455   1585.454   2684.763 -10.448  -0.1888  0.0977   1593.987   2698.244   1594.176   2698.147   1585.647   2684.648 N000464
  1944.872   2699.817 -11.374   1955.617   2660.876 -11.367  -0.1279 -0.1834   1958.596   2704.462   1958.724   2704.646   1955.745   2661.052 N000465
     0.000      0.000   0.000      0.000      0.000   0.000   0.0000  0.0000      0.000      0.000   3022.767   2720.643   3022.599   2593.949 N000466
     0.000      0.000   0.000      0.000      0.000   0.000   0.0000  0.0000      0.000      0.000    316.156   2722.151    264.055   2823.904 N000467
     0.000      0.000   0.000      0.000      0.000   0.000   0.0000  0.0000      0.000      0.000   2049.727   2728.146   2047.607   2677.525 N000468
  2761.264   2729.968  -8.718   2775.809   2626.894  -8.711   0.0768  0.0307   2775.021   2734.612   2774.944   2734.582   2775.733   2626.869 N000469
     0.000      0.000   0.000      0.000      0.000   0.000   0.0000  0.0000      0.000      0.000    497.317   2735.151    453.551   2820.165 N000470
  1773.067   2734.205  -9.811   1781.206   2710.005  -9.804   0.0667  0.1165   1786.783   2738.852   1786.716   2738.735   1781.139   2709.892 N000471
     0.000      0.000   0.000      0.000      0.000   0.000   0.0000  0.0000      0.000      0.000    952.581   2755.600    926.447   2799.288 N000472
  1733.467   2751.641  -8.626   1740.824   2731.066  -8.619  -0.0329  0.1412   1747.181   2756.289   1747.214   2756.147   1740.859   2730.919 N000473
     0.000      0.000   0.000      0.000      0.000   0.000   0.0000  0.0000      0.000      0.000   1636.710   2756.648   1628.416   2740.700 N000474
  2483.913   2764.657  -9.430   2498.273   2683.545  -9.422  -0.0871  0.1567   2497.658   2769.302   2497.745   2769.146   2498.361   2683.380 N000475
     0.000      0.000   0.000      0.000      0.000   0.000   0.0000  0.0000      0.000      0.000   2052.226   2773.647   2049.853   2723.562 N000476
   807.395   2769.246  -9.047    789.983   2830.001  -9.040  -0.1047  0.0320    821.071   2773.897    821.176   2773.865    790.092   2829.958 N000477
     0.000      0.000   0.000      0.000      0.000   0.000   0.0000  0.0000      0.000      0.000   1177.047   2781.007   1157.615   2805.288 N000478
  3340.757   2779.747 -11.676   3351.818   2633.418 -11.669  -0.0328  0.0890   3354.537   2784.390   3354.569   2784.301   3351.850   2633.326 N000479
     0.000      0.000   0.000      0.000      0.000   0.000   0.0000  0.0000      0.000      0.000   2479.494   2789.146   2480.001   2705.078 N000480
     0.000      0.000   0.000      0.000      0.000   0.000   0.0000  0.0000      0.000      0.000   2245.234   2797.147   2244.463   2731.833 N000481
     0.000      0.000   0.000      0.000      0.000   0.000   0.0000  0.0000      0.000      0.000   1099.264   2797.650   1077.269   2829.257 N000482
  2761.260   2793.088  -8.840   2775.774   2690.683  -8.833  -0.2396  0.0876   2775.016   2797.733   2775.256   2797.645   2776.013   2690.576 N000483
  2000.938   2795.803  -9.408   2011.701   2753.896  -9.401  -0.0622 -0.1973   2014.662   2800.450   2014.724   2800.647   2011.763   2754.092 N000484
  1779.042   2796.828 -11.907   1786.751   2773.313 -11.899   0.0421 -0.1721   1792.757   2801.476   1792.715   2801.648   1786.707   2773.492 N000485
  1917.473   2801.097 -10.534   1927.162   2766.157 -10.527  -0.0269  0.0966   1931.194   2805.744   1931.221   2805.648   1927.190   2766.056 N000486
  3779.196   2803.214 -12.427   3784.495   2625.292 -12.419   0.1962  0.2143   3792.994   2807.857   3792.797   2807.643   3784.301   2625.090 N000487
     0.000      0.000   0.000      0.000      0.000   0.000   0.0000  0.0000      0.000      0.000   2470.043   2808.146   2470.464   2725.082 N000488
     0.000      0.000   0.000      0.000      0.000   0.000   0.0000  0.0000      0.000      0.000   2701.252   2817.646   2702.052   2716.556 N000489
  2578.015   2816.841  -9.280   2592.468   2729.005  -9.272   0.4523 -0.1590   2591.762   2821.487   2591.310   2821.646   2592.015   2729.202 N000490
  2312.188   2829.191  -9.372   2325.543   2762.619  -9.364   0.1527  0.1193   2325.925   2833.838   2325.772   2833.719   2325.390   2762.510 N000491
     0.000      0.000   0.000      0.000      0.000   0.000   0.0000  0.0000      0.000      0.000   1963.763   2838.065   1959.913   2796.384 N000492
  2102.255   2841.146 -10.360   2113.824   2791.749 -10.353   0.0883  0.1456   2115.983   2845.794   2115.894   2845.648   2113.736   2791.608 N000493
  2464.576   2842.699  -9.954   2478.655   2764.178  -9.947   0.0756  0.1989   2478.318   2847.346   2478.243   2847.147   2478.580   2763.982 N000494
  1089.133   2844.323  -9.279   1080.207   2881.589  -9.272   0.1327 -0.0866   1102.818   2848.974   1102.686   2849.060   1080.069   2881.690 N000495
     0.000      0.000   0.000      0.000      0.000   0.000   0.0000  0.0000      0.000      0.000    755.671   2853.366    720.746   2917.760 N000496
  2503.942   2851.236 -13.111   2518.130   2769.713 -13.104  -0.0582  0.1707   2517.686   2855.883   2517.744   2855.712   2518.189   2769.536 N000497
     0.000      0.000   0.000      0.000      0.000   0.000   0.0000  0.0000      0.000      0.000    769.672   2869.652    735.011   2933.231 N000498
     0.000      0.000   0.000      0.000      0.000   0.000   0.0000  0.0000      0.000      0.000   1266.692   2876.651   1248.540   2895.374 N000499
     0.000      0.000   0.000      0.000      0.000   0.000   0.0000  0.0000      0.000      0.000   1230.715   2883.651   1211.452   2905.747 N000500
     0.000      0.000   0.000      0.000      0.000   0.000   0.0000  0.0000      0.000      0.000   1968.221   2888.649   1964.053   2847.566 N000501
  1918.801   2889.741 -11.504   1927.828   2856.392 -11.496  -0.1987  0.2411   1932.520   2894.391   1932.719   2894.150   1928.031   2856.130 N000502
     0.000      0.000   0.000      0.000      0.000   0.000   0.0000  0.0000      0.000      0.000   1779.213   2898.150   1772.133   2873.087 N000503
   519.847   2893.851 -11.110    488.305   2985.198 -11.103  -0.1528 -0.1487    533.509   2898.505    533.661   2898.654    488.462   2985.337 N000504
  1543.319   2897.486  -9.197   1545.671   2896.107  -9.190  -0.1359 -0.0138   1557.022   2902.137   1557.158   2902.151   1545.810   2896.109 N000505
     0.000      0.000   0.000      0.000      0.000   0.000   0.0000  0.0000      0.000      0.000   2501.187   2912.093   2501.409   2828.069 N000506
  1044.327   2910.907 -10.573   1032.985   2954.031 -10.566  -0.1727 -0.0929   1058.010   2915.560   1058.183   2915.652   1033.162   2954.110 N000507
  1142.291   2912.303 -11.533   1134.045   2946.619 -11.526  -0.2091 -0.1971   1155.978   2916.955   1156.187   2917.152   1134.257   2946.802 N000508
     0.000      0.000   0.000      0.000      0.000   0.000   0.0000  0.0000      0.000      0.000   2056.724   2929.150   2053.375   2881.524 N000509
  2538.721   2927.013  -9.455   2552.818   2843.849  -9.448   0.0676  0.0512   2552.465   2931.661   2552.398   2931.610   2552.750   2843.802 N000510
     0.000      0.000   0.000      0.000      0.000   0.000   0.0000  0.0000      0.000      0.000   2805.754   2935.858   2806.390   2828.126 N000511
   719.758   2933.921 -10.360    696.100   3007.664 -10.353   0.1835 -0.0791    733.427   2938.575    733.244   2938.654    695.908   3007.763 N000512
     0.000      0.000   0.000      0.000      0.000   0.000   0.0000  0.0000      0.000      0.000   1654.707   2945.151   1644.903   2931.724 N000513
  1407.310   2948.135 -10.319   1405.946   2959.826 -10.312  -0.1899  0.1355   1421.007   2952.788   1421.197   2952.652   1406.142   2959.670 N000514
     0.000      0.000   0.000      0.000      0.000   0.000   0.0000  0.0000      0.000      0.000   1841.047   2952.901   1834.490   2923.800 N000515
     0.000      0.000   0.000      0.000      0.000   0.000   0.0000  0.0000      0.000      0.000   2167.228   2953.150   2164.934   2896.877 N000516
  2315.722   2949.853 -11.094   2328.563   2885.006 -11.086   0.1739 -0.1466   2329.456   2954.503   2329.282   2954.650   2328.387   2885.169 N000517
  1658.255   2954.744  -9.966   1662.350   2944.822  -9.958  -0.2451  0.2166   1671.962   2959.396   1672.207   2959.179   1662.602   2944.579 N000518
  2884.622   2958.015 -10.766   2898.864   2848.070 -10.759   0.1223  0.0147   2898.380   2962.663   2898.258   2962.648   2898.742   2848.064 N000519
     0.000      0.000   0.000      0.000      0.000   0.000   0.0000  0.0000      0.000      0.000   1742.209   2993.152   1733.583   2973.356 N000520
     0.000      0.000   0.000      0.000      0.000   0.000   0.0000  0.0000      0.000      0.000   3809.294   2996.646   3801.730   2814.176 N000521
  2429.685   3029.760  -9.484   2442.930   2957.091  -9.477   0.1847 -0.0522   2443.422   3034.411   2443.237   3034.463   2442.744   2957.159 N000522
  1490.605   3031.080 -10.226   1490.248   3037.603 -10.218   0.1047  0.0521   1504.303   3035.733   1504.199   3035.681   1490.141   3037.559 N000523
   770.990   3032.517 -12.338    747.613   3104.658 -12.331  -0.0096  0.0171    784.659   3037.173    784.669   3037.156    747.623   3104.639 N000524
   607.070   3036.038 -10.457    576.681   3123.874 -10.449   0.0698  0.0378    620.732   3040.694    620.662   3040.656    576.609   3123.842 N000525
  3828.506   3039.862 -11.786   3834.534   2860.088 -11.779   0.0056 -0.1380   3842.301   3044.509   3842.295   3044.647   3834.529   2860.228 N000526
  2170.585   3050.457 -11.218   2181.563   2999.464 -11.210   0.0850 -0.0426   2184.311   3055.109   2184.226   3055.152   2181.477   2999.515 N000527
  3529.336   3055.731 -10.626   3539.398   2897.994 -10.618  -0.1641  0.1355   3543.118   3060.379   3543.282   3060.243   3539.560   2897.845 N000528
  3439.552   3072.659  -9.532   3450.617   2921.807  -9.524   0.0524  0.1588   3453.331   3077.308   3453.278   3077.149   3450.565   2921.650 N000529
   248.766   3078.246  -9.364    199.744   3202.721  -9.357   0.0160  0.1387    262.412   3082.904    262.397   3082.765    199.730   3202.578 N000530
     0.000      0.000   0.000      0.000      0.000   0.000   0.0000  0.0000      0.000      0.000   1872.213   3088.620   1864.945   3060.006 N000531
     0.000      0.000   0.000      0.000      0.000   0.000   0.0000  0.0000      0.000      0.000   3347.073   3097.049   3345.377   2949.782 N000532
  1746.050   3109.786 -10.609   1750.230   3096.126 -10.602   0.0501 -0.2139   1759.758   3114.440   1759.708   3114.654   1750.177   3096.350 N000533
  1922.537   3114.422 -11.268   1929.746   3085.746 -11.261   0.0643 -0.0779   1936.251   3119.076   1936.187   3119.154   1929.680   3085.831 N000534
  1963.766   3115.258 -10.661   1971.598   3083.094 -10.654  -0.2338 -0.2129   1977.483   3119.912   1977.717   3120.124   1971.833   3083.292 N000535
  1848.757   3116.453  -9.672   1854.733   3094.130  -9.665   0.1514 -0.0467   1862.468   3121.107   1862.317   3121.154   1854.579   3094.191 N000536
  1543.852   3119.968  -9.265   1543.673   3124.214  -9.258  -0.1477 -0.0318   1557.551   3124.623   1557.699   3124.655   1543.823   3124.234 N000537
     0.000      0.000   0.000      0.000      0.000   0.000   0.0000  0.0000      0.000      0.000   2356.232   3125.698   2354.718   3057.288 N000538
     0.000      0.000   0.000      0.000      0.000   0.000   0.0000  0.0000      0.000      0.000   2474.487   3137.153   2473.774   3059.258 N000539
  1853.924   3142.998 -11.465   1859.739   3120.906 -11.457  -0.0757 -0.0018   1867.636   3147.653   1867.711   3147.655   1859.816   3120.902 N000540
  2266.218   3148.919  -9.695   2277.587   3092.089  -9.687   0.0393 -0.0806   2279.946   3153.573   2279.907   3153.654   2277.547   3092.175 N000541
   443.466   3167.980 -11.014    402.566   3276.679 -11.007  -0.0344 -0.0204    457.118   3172.639    457.153   3172.659    402.602   3276.697 N000542
     0.000      0.000   0.000      0.000      0.000   0.000   0.0000  0.0000      0.000      0.000    932.172   3183.658    898.259   3242.246 N000543
  2339.110   3206.011 -10.602   2350.842   3144.381 -10.594   0.1096  0.0108   2352.840   3210.665   2352.730   3210.654   2350.732   3144.379 N000544
  2133.589   3213.253  -9.598   2143.011   3169.070  -9.590   0.0887  0.0035   2147.310   3217.909   2147.222   3217.905   2142.921   3169.074 N000545
   538.946   3246.233 -11.120    501.014   3348.637 -11.113  -0.0540  0.2105    552.601   3250.894    552.655   3250.683    501.075   3348.412 N000546
   875.327   3253.093 -10.121    852.039   3323.112 -10.113  -0.1452  0.0932    888.996   3257.753    889.141   3257.660    852.192   3323.002 N000547
     0.000      0.000   0.000      0.000      0.000   0.000   0.0000  0.0000      0.000      0.000   1880.709   3274.657   1871.799   3250.196 N000548
     0.000      0.000   0.000      0.000      0.000   0.000   0.0000  0.0000      0.000      0.000    798.665   3280.660    757.562   3355.556 N000549
     0.000      0.000   0.000      0.000      0.000   0.000   0.0000  0.0000      0.000      0.000   2266.224   3350.157   2262.429   3294.582 N000550
  2506.896   3346.781 -14.261   2519.227   3274.478 -14.254  -0.0561 -0.0290   2520.631   3351.437   2520.687   3351.466   2519.283   3274.503 N000551
  2419.552   3354.659  -8.718   2431.145   3289.849  -8.711   0.0516  0.1588   2433.282   3359.316   2433.231   3359.157   2431.094   3289.690 N000552
  1373.425   3356.566 -10.526   1365.553   3383.550 -10.518  -0.0751  0.0660   1387.112   3361.226   1387.187   3361.160   1365.631   3383.475 N000553
     0.000      0.000   0.000      0.000      0.000   0.000   0.0000  0.0000      0.000      0.000   2460.286   3414.658   2458.063   3344.342 N000554
     0.000      0.000   0.000      0.000      0.000   0.000   0.0000  0.0000      0.000      0.000   1481.190   3415.161   1461.489   3430.738 N000555
     0.000      0.000   0.000      0.000      0.000   0.000   0.0000  0.0000      0.000      0.000   2343.726   3431.159   2340.247   3371.161 N000556
     0.000      0.000   0.000      0.000      0.000   0.000   0.0000  0.0000      0.000      0.000   2863.747   3444.658   2863.563   3341.703 N000557
  2333.139   3449.114  -9.350   2343.264   3394.135  -9.343  -0.2179  0.6138   2346.865   3453.773   2347.082   3453.159   2343.489   3393.485 N000558
  3227.506   3471.055  -9.592   3240.757   3343.228  -9.584   0.0059  0.0548   3241.268   3475.712   3241.262   3475.657   3240.751   3343.172 N000559
  1980.589   3481.464  -9.525   1985.308   3458.038  -9.518   0.0889 -0.0356   1994.299   3486.125   1994.210   3486.161   1985.217   3458.082 N000560
     0.000      0.000   0.000      0.000      0.000   0.000   0.0000  0.0000      0.000      0.000    621.153   3492.665    567.391   3593.993 N000561
     0.000      0.000   0.000      0.000      0.000   0.000   0.0000  0.0000      0.000      0.000   1752.700   3493.662   1738.729   3487.334 N000562
  1844.423   3501.611 -10.110   1846.289   3490.919 -10.102  -0.0774  0.1106   1858.127   3506.272   1858.204   3506.162   1846.369   3490.798 N000563
     0.000      0.000   0.000      0.000      0.000   0.000   0.0000  0.0000      0.000      0.000   1850.453   3519.131   1838.306   3504.895 N000564
     0.000      0.000   0.000      0.000      0.000   0.000   0.0000  0.0000      0.000      0.000   1033.670   3528.064    997.195   3590.195 N000565
     0.000      0.000   0.000      0.000      0.000   0.000   0.0000  0.0000      0.000      0.000   3340.264   3551.158   3339.396   3412.579 N000566
     0.000      0.000   0.000      0.000      0.000   0.000   0.0000  0.0000      0.000      0.000   2199.717   3556.599   2193.414   3512.713 N000567
     0.000      0.000   0.000      0.000      0.000   0.000   0.0000  0.0000      0.000      0.000   2154.715   3561.662   2147.688   3521.870 N000568
     0.000      0.000   0.000      0.000      0.000   0.000   0.0000  0.0000      0.000      0.000   1613.792   3598.364   1595.019   3608.459 N000569
   835.809   3644.158  -9.097    802.768   3734.475  -9.090  -0.1287  0.1585    849.468   3648.826    849.597   3648.667    802.906   3734.296 N000570
   844.614   3644.047  -8.569    811.968   3733.477  -8.562   0.1136  0.0472    858.274   3648.714    858.160   3648.667    811.850   3733.439 N000571
     0.000      0.000   0.000      0.000      0.000   0.000   0.0000  0.0000      0.000      0.000   2595.669   3661.538   2593.167   3586.799 N000572
  4043.857   3666.727  -8.998   4050.877   3480.432  -8.991  -0.0874  0.0050   4057.648   3671.386   4057.736   3671.381   4050.963   3480.420 N000573
     0.000      0.000   0.000      0.000      0.000   0.000   0.0000  0.0000      0.000      0.000   2879.243   3678.662   2878.401   3580.627 N000574
     0.000      0.000   0.000      0.000      0.000   0.000   0.0000  0.0000      0.000      0.000    821.794   3691.805    772.869   3782.289 N000575
  3546.245   3689.003 -10.223   3558.189   3541.245 -10.216   0.0891  0.0029   3560.016   3693.663   3559.927   3693.660   3558.101   3541.249 N000576
  1981.035   3694.764 -10.485   1983.485   3678.553 -10.478   0.0351  0.1925   1994.741   3699.429   1994.706   3699.236   1983.451   3678.356 N000577
  1457.619   3696.022 -10.120   1446.900   3728.149 -10.113   0.1191  0.0223   1471.303   3700.689   1471.184   3700.666   1446.778   3728.137 N000578
     0.000      0.000   0.000      0.000      0.000   0.000   0.0000  0.0000      0.000      0.000   2622.232   3708.663   2619.683   3633.135 N000579
  3489.528   3720.282 -10.609   3501.858   3577.758 -10.601   0.0278  0.0817   3503.295   3724.943   3503.268   3724.861   3501.830   3577.676 N000580
   758.246   3722.064  -8.978    719.827   3823.996  -8.971  -0.0321  0.1199    771.901   3726.733    771.933   3726.613    719.864   3823.867 N000581
  3857.805   3732.619 -10.432   3867.357   3561.829 -10.425  -0.1690  0.1189   3871.587   3737.279   3871.756   3737.160   3867.524   3561.695 N000582
  1977.667   3747.490  -9.905   1979.444   3733.542  -9.898   0.1668 -0.0097   1991.371   3752.156   1991.205   3752.166   1979.274   3733.567 N000583
     0.000      0.000   0.000      0.000      0.000   0.000   0.0000  0.0000      0.000      0.000   1958.703   3784.167   1945.717   3769.746 N000584
     0.000      0.000   0.000      0.000      0.000   0.000   0.0000  0.0000      0.000      0.000   1526.685   3803.168   1502.292   3829.739 N000585
     0.000      0.000   0.000      0.000      0.000   0.000   0.0000  0.0000      0.000      0.000   1643.307   3806.168   1622.268   3821.837 N000586
  2627.136   3825.395  -9.184   2637.738   3756.948  -9.177   0.1355 -0.1051   2640.865   3830.061   2640.730   3830.166   2637.600   3757.069 N000587
     0.000      0.000   0.000      0.000      0.000   0.000   0.0000  0.0000      0.000      0.000    931.059   3846.171    883.491   3933.300 N000588
  2034.914   3867.763 -10.349   2036.442   3853.311 -10.342  -0.0855  0.2276   2048.619   3872.431   2048.705   3872.204   2036.532   3853.067 N000589
     0.000      0.000   0.000      0.000      0.000   0.000   0.0000  0.0000      0.000      0.000   3390.260   3876.164   3389.376   3742.175 N000590
     0.000      0.000   0.000      0.000      0.000   0.000   0.0000  0.0000      0.000      0.000   3859.879   3876.963   3856.358   3705.933 N000591
  1310.812   3904.963 -11.531   1291.470   3960.615 -11.524  -0.1885 -0.0366   1324.486   3909.634   1324.674   3909.671   1291.665   3960.635 N000592
   961.372   3908.520  -9.848    927.855   3999.331  -9.841  -0.1002  0.0204    975.032   3913.192    975.132   3913.172    927.960   3999.299 N000593
  1786.487   3908.777 -10.901   1781.747   3918.993 -10.894   0.0144  0.1104   1800.180   3913.447   1800.166   3913.336   1781.734   3918.879 N000594
  1002.658   3915.111  -9.826    970.805   4002.069  -9.818   0.1056  0.1110   1016.319   3919.783   1016.214   3919.672    970.697   4001.963 N000595
     0.000      0.000   0.000      0.000      0.000   0.000   0.0000  0.0000      0.000      0.000   3279.254   3924.166   3278.504   3800.651 N000596
  1338.222   3948.588 -12.555   1319.018   4003.675 -12.547   0.0478  0.0878   1351.896   3953.260   1351.848   3953.172   1318.970   4003.587 N000597
  1290.581   3957.143 -11.238   1269.462   4017.360 -11.231   0.0807  0.1427   1304.253   3961.815   1304.172   3961.672   1269.381   4017.218 N000598
  1938.444   3984.678 -11.556   1936.369   3984.042 -11.548  -0.0557  0.1782   1952.143   3989.349   1952.198   3989.171   1936.429   3983.850 N000599
  3642.820   3990.086  -9.310   3654.835   3843.062  -9.302  -0.1797  0.0533   3656.589   3994.752   3656.769   3994.699   3655.014   3842.993 N000600
  1777.977   4024.957 -10.540   1771.247   4041.229 -10.532  -0.0232 -0.0432   1791.668   4029.629   1791.691   4029.672   1771.270   4041.272 N000601
  2733.017   4037.110  -9.594   2743.236   3967.248  -9.586   0.0169  0.1101   2746.747   4041.780   2746.730   4041.669   2743.219   3967.135 N000602
     0.000      0.000   0.000      0.000      0.000   0.000   0.0000  0.0000      0.000      0.000   2383.114   4117.672   2374.312   4078.489 N000603
