     0.000      0.000   0.000      0.000      0.000   0.000   0.0000  0.0000      0.000      0.000    274.475   -134.098     -1.000     -1.000 N000001
   459.872   -127.829 -11.121    445.252     10.975 -11.123  -0.1277  0.1709    464.355   -110.259    464.483   -110.430    445.384     10.798 N000002
     0.000      0.000   0.000      0.000      0.000   0.000   0.0000  0.0000      0.000      0.000    869.499   -106.928     -1.000     -1.000 N000003
   332.291    -48.846 -11.532    313.658     97.562 -11.534  -0.1814  0.1537    336.767    -31.276    336.949    -31.429    313.846     97.398 N000004
     0.000      0.000   0.000      0.000      0.000   0.000   0.0000  0.0000      0.000      0.000   2321.057     -8.767     -1.000     -1.000 N000005
   724.967     -9.070  -9.924    716.752    110.393  -9.927  -0.0327 -0.0697    729.459      8.504    729.492      8.574    716.785    110.460 N000006
     0.000      0.000   0.000      0.000      0.000   0.000   0.0000  0.0000      0.000      0.000   1277.014     11.577   1272.946     77.708 N000007
  2819.397     28.824  -8.695   2813.055     16.667  -8.698  -0.1026 -0.1762   2823.974     46.411   2824.076     46.588   2813.157     16.832 N000008
     0.000      0.000   0.000      0.000      0.000   0.000   0.0000  0.0000      0.000      0.000    769.220     88.621    757.258    186.707 N000009
  2272.979     90.620 -11.128   2274.056    109.686 -11.131  -0.0211  0.1196   2277.532    108.205   2277.553    108.085   2274.077    109.568 N000010
  3387.674     96.240 -13.516   3369.864     48.703 -13.519   0.1741 -0.0519   3392.272    113.832   3392.098    113.884   3369.694     48.763 N000011
   132.942    102.782 -12.944    106.833    261.509 -12.946  -0.0577 -0.1315    137.409    120.354    137.467    120.485    106.892    261.635 N000012
   537.980    110.427  -9.536    524.902    240.943  -9.539  -0.0538 -0.0734    542.462    128.002    542.516    128.075    524.957    241.012 N000013
   441.590    138.820 -10.314    425.670    275.666 -10.317   0.0902 -0.1802    446.069    156.395    445.979    156.575    425.576    275.851 N000014
  2368.339    183.373 -12.058   2368.996    194.320 -12.061  -0.1610 -0.1269   2372.895    200.961   2373.056    201.088   2369.156    194.434 N000015
  1833.922    187.388 -10.777   1837.272    231.557 -10.780  -0.0780 -0.1118   1838.456    204.973   1838.534    205.084   1837.350    231.661 N000016
  1619.933    221.197  -9.689   1622.976    278.342  -9.692  -0.0669  0.1742   1624.458    238.781   1624.525    238.607   1623.043    278.167 N000017
  2881.774    221.478 -10.928   2875.714    200.224 -10.931  -0.1970 -0.0221   2886.350    239.070   2886.547    239.092   2875.908    200.234 N000018
  1939.194    290.887 -10.883   1942.689    326.270 -10.886   0.1940 -0.1135   1943.731    308.474   1943.537    308.587   1942.496    326.394 N000019
   687.881    302.651  -8.907    678.013    420.753  -8.909  -0.0567  0.2762    692.367    320.231    692.424    319.955    678.072    420.476 N000020
     0.000      0.000   0.000      0.000      0.000   0.000   0.0000  0.0000      0.000      0.000   1874.534    339.587   1873.641    361.190 N000021
     0.000      0.000   0.000      0.000      0.000   0.000   0.0000  0.0000      0.000      0.000   1471.018    340.085   1468.760    387.840 N000022
  2178.140    350.855 -11.754   2180.917    369.870 -11.756   0.1397 -0.1453   2182.686    368.444   2182.546    368.590   2180.779    370.021 N000023
     0.000      0.000   0.000      0.000      0.000   0.000   0.0000  0.0000      0.000      0.000   1252.009    371.084   1247.641    432.877 N000024
  3700.040    384.369  -9.094   3676.712    309.805  -9.096   0.0398  0.1551   3704.647    401.969   3704.607    401.814   3676.672    309.657 N000025
     0.000      0.000   0.000      0.000      0.000   0.000   0.0000  0.0000      0.000      0.000   1502.518    409.086   1500.488    453.661 N000026
   997.368    398.998 -10.754    993.702    494.728 -10.757  -0.1320 -0.0021   1001.866    416.581   1001.998    416.583    993.837    494.721 N000027
     0.000      0.000   0.000      0.000      0.000   0.000   0.0000  0.0000      0.000      0.000   1087.001    426.084   1080.238    498.297 N000028
     0.000      0.000   0.000      0.000      0.000   0.000   0.0000  0.0000      0.000      0.000   1125.003    432.084   1118.819    501.635 N000029
     0.000      0.000   0.000      0.000      0.000   0.000   0.0000  0.0000      0.000      0.000   1099.102    438.084   1092.504    509.325 N000030
  3131.648    421.702 -10.352   3122.345    380.021 -10.355   0.1482  0.1688   3136.232    439.299   3136.084    439.130   3122.199    379.866 N000031
  3177.495    447.711 -13.304   3167.460    402.571 -13.307  -0.0047  0.1652   3182.081    465.309   3182.086    465.143   3167.463    402.410 N000032
  2468.060    458.793  -8.878   2468.984    457.233  -8.880   0.0600 -0.2065   2472.617    476.387   2472.557    476.594   2468.925    457.439 N000033
     0.000      0.000   0.000      0.000      0.000   0.000   0.0000  0.0000      0.000      0.000    200.131    495.997    169.547    630.479 N000034
  2063.250    484.541  -9.270   2066.906    508.245  -9.273  -0.2500  0.0406   2067.790    502.132   2068.040    502.092   2067.155    508.189 N000035
   166.814    499.576 -12.828    139.434    653.698 -12.831  -0.1864  0.0759    171.277    517.156    171.463    517.080    139.628    653.608 N000036
  2317.725    522.343  -9.062   2320.177    528.996  -9.065  -0.0750 -0.1574   2322.275    539.937   2322.350    540.094   2320.252    529.146 N000037
     0.000      0.000   0.000      0.000      0.000   0.000   0.0000  0.0000      0.000      0.000   1586.020    548.090   1584.505    585.024 N000038
  1791.295    555.949 -13.038   1795.167    596.161 -13.041  -0.2048 -0.0509   1795.823    573.540   1796.028    573.591   1795.372    596.198 N000039
     0.000      0.000   0.000      0.000      0.000   0.000   0.0000  0.0000      0.000      0.000   1439.514    578.089   1436.866    624.452 N000040
  2790.623    567.897  -9.879   2788.137    543.695  -9.882  -1.8775 -1.1032   2795.191    585.495   2797.068    586.598   2789.994    544.656 N000041
     0.000      0.000   0.000      0.000      0.000   0.000   0.0000  0.0000      0.000      0.000   2411.136    588.095   2408.509    570.523 N000042
  3255.254    579.651  -8.668   3244.593    526.414  -8.671  -0.0788  0.1511   3259.842    597.252   3259.920    597.101   3244.669    526.262 N000043
  1814.743    579.973  -8.314   1818.671    618.258  -8.317  -0.0573 -0.0275   1819.271    597.564   1819.329    597.592   1818.728    618.281 N000044
  2732.644    599.390 -10.270   2731.128    578.141 -10.273   0.1440 -0.1099   2737.210    616.988   2737.066    617.098   2730.986    578.257 N000045
    69.416    608.693 -10.092     37.213    769.904 -10.095  -0.0836  0.1932     73.874    626.275     73.958    626.082     37.302    769.705 N000046
     0.000      0.000   0.000      0.000      0.000   0.000   0.0000  0.0000      0.000      0.000   2023.537    632.094   2022.996    638.780 N000047
  2900.183    615.987  -8.847   2896.317    583.859  -8.850   0.0754 -0.0127   2904.755    633.587   2904.679    633.599   2896.243    583.876 N000048
  1143.936    617.059  -9.256   1142.074    700.317  -9.258  -0.0643  0.0594   1148.437    634.648   1148.501    634.588   1142.139    700.254 N000049
     0.000      0.000   0.000      0.000      0.000   0.000   0.0000  0.0000      0.000      0.000   2365.550    645.096   2363.474    629.342 N000050
     0.000      0.000   0.000      0.000      0.000   0.000   0.0000  0.0000      0.000      0.000   2146.541    668.595   2145.749    666.615 N000051
  1650.034    666.829 -11.344   1653.367    714.854 -11.347   0.0339 -0.1714   1654.555    684.421   1654.521    684.593   1653.333    715.025 N000052
     0.000      0.000   0.000      0.000      0.000   0.000   0.0000  0.0000      0.000      0.000   1463.513    685.791   1460.930    729.185 N000053
     0.000      0.000   0.000      0.000      0.000   0.000   0.0000  0.0000      0.000      0.000    401.533    687.522    376.706    806.503 N000054
  2584.541    677.284 -10.982   2585.163    663.831 -10.985   0.0414 -0.2164   2589.100    694.882   2589.059    695.099   2585.123    664.046 N000055
  3247.589    678.557 -12.388   3237.819    623.393 -12.391   0.0890  0.0565   3252.175    696.159   3252.086    696.103   3237.731    623.343 N000056
  1468.100    695.633 -10.157   1470.064    755.676 -10.160   0.0996  0.1332   1472.613    713.225   1472.513    713.092   1469.964    755.551 N000057
  4070.217    713.553 -11.490   4039.364    607.797 -11.493   0.2171  0.0535   4074.835    731.162   4074.618    731.108   4039.153    607.758 N000058
   585.613    729.167  -9.416    570.753    851.601  -9.418   0.1133  0.1669    590.091    746.754    589.977    746.587    570.637    851.443 N000059
     0.000      0.000   0.000      0.000      0.000   0.000   0.0000  0.0000      0.000      0.000   1776.925    748.495   1776.244    769.827 N000060
     0.000      0.000   0.000      0.000      0.000   0.000   0.0000  0.0000      0.000      0.000   2837.068    753.601   2830.291    705.576 N000061
  1304.989    743.063  -9.603   1305.051    813.883  -9.606   0.3895  0.2631   1309.496    760.655   1309.106    760.392   1304.657    813.649 N000062
     0.000      0.000   0.000      0.000      0.000   0.000   0.0000  0.0000      0.000      0.000   3795.607    761.107   3768.655    653.609 N000063
  2520.536    744.420  -9.049   2522.056    733.802  -9.052   0.2232 -0.0171   2525.091    762.020   2524.868    762.037   2521.835    733.833 N000064
  3816.841    751.916  -9.362   3793.860    660.254  -9.365  -0.1594 -0.0842   3821.448    769.523   3821.608    769.608   3794.016    660.326 N000065
  1728.677    757.602  -9.216   1732.338    799.133  -9.219   0.1768  0.1024   1733.200    775.197   1733.023    775.095   1732.160    799.044 N000066
  3282.139    779.918  -9.606   3272.373    720.289  -9.608   0.1387 -0.0824   3286.724    797.522   3286.586    797.605   3272.238    720.378 N000067
     0.000      0.000   0.000      0.000      0.000   0.000   0.0000  0.0000      0.000      0.000   1331.507    800.093   1327.223    851.414 N000068
   498.535    783.978 -10.627    480.627    912.710 -10.630   0.0351 -0.0221    503.008    801.566    502.973    801.588    480.591    912.735 N000069
  1513.516    788.622  -9.383   1515.713    844.512  -9.386   0.0165  0.1225   1518.031    806.217   1518.014    806.094   1515.697    844.392 N000070
     0.000      0.000   0.000      0.000      0.000   0.000   0.0000  0.0000      0.000      0.000   1622.018    806.595   1620.501    837.727 N000071
   937.588    793.542 -10.398    931.201    890.011 -10.401   0.0878  0.0423    942.078    811.133    941.991    811.091    931.112    889.975 N000072
     0.000      0.000   0.000      0.000      0.000   0.000   0.0000  0.0000      0.000      0.000   2849.985    817.769   2843.339    767.638 N000073
  1204.569    806.608 -12.000   1202.999    883.924 -12.003   0.0689  0.1082   1209.070    824.201   1209.001    824.093   1202.930    883.822 N000074
  2075.556    813.692  -8.506   2079.713    831.123  -8.509   0.0558  0.1923   2080.092    831.290   2080.036    831.098   2079.657    830.937 N000075
  2203.951    816.876  -8.862   2207.765    825.724  -8.865  -0.0494 -0.1238   2208.492    834.475   2208.542    834.599   2207.814    825.843 N000076
     0.000      0.000   0.000      0.000      0.000   0.000   0.0000  0.0000      0.000      0.000   3013.549    836.529   3004.499    775.621 N000077
  2107.404    841.026 -10.306   2111.527    855.939 -10.309  -0.0955  0.0260   2111.942    858.625   2112.037    858.599   2111.622    855.907 N000078
     0.000      0.000   0.000      0.000      0.000   0.000   0.0000  0.0000      0.000      0.000    148.458    860.587    112.660    998.675 N000079
  1604.609    846.799 -10.985   1607.428    895.784 -10.988   0.1088 -0.2008   1609.126    864.395   1609.017    864.596   1607.318    895.990 N000080
     0.000      0.000   0.000      0.000      0.000   0.000   0.0000  0.0000      0.000      0.000   1560.490    865.095   1558.410    899.842 N000081
     0.000      0.000   0.000      0.000      0.000   0.000   0.0000  0.0000      0.000      0.000   2187.040    885.569   2186.458    877.486 N000082
  2864.658    872.254  -8.799   2862.657    837.112  -8.802   0.1579  0.1116   2869.226    889.859   2869.068    889.747   2862.501    837.013 N000083
  2768.812    873.210 -10.171   2768.093    844.218 -10.174  -0.1878  0.2105   2773.376    890.814   2773.564    890.603   2768.278    843.999 N000084
     0.000      0.000   0.000      0.000      0.000   0.000   0.0000  0.0000      0.000      0.000   2557.805    911.186   2554.956    878.234 N000085
     0.000      0.000   0.000      0.000      0.000   0.000   0.0000  0.0000      0.000      0.000   2336.046    920.601   2334.864    902.103 N000086
   391.629    917.267  -8.937    369.039   1053.979  -8.939   0.1292 -0.1077    396.096    934.857    395.967    934.965    368.904   1054.097 N000087
  1290.783    919.485  -8.978   1290.049    989.839  -8.981  -0.1508 -0.0147   1295.286    937.081   1295.437    937.095   1290.202    989.843 N000088
  2812.118    934.346 -10.068   2811.105    901.462 -10.071   0.1178 -0.1537   2816.683    951.951   2816.565    952.105   2810.989    901.621 N000089
  2391.537    936.924 -13.229   2394.614    931.542 -13.232   0.0367 -0.0758   2396.084    954.527   2396.048    954.602   2394.578    931.619 N000090
   538.691    937.406 -10.058    520.815   1062.920 -10.061   0.1908 -0.0940    543.164    954.997    542.973    955.091    520.618   1063.029 N000091
     0.000      0.000   0.000      0.000      0.000   0.000   0.0000  0.0000      0.000      0.000   2154.163    961.601   2153.748    954.679 N000092
     0.000      0.000   0.000      0.000      0.000   0.000   0.0000  0.0000      0.000      0.000   2885.067    965.106   2878.626    909.962 N000093
     0.000      0.000   0.000      0.000      0.000   0.000   0.0000  0.0000      0.000      0.000   1556.514    968.097   1554.164   1002.154 N000094
     0.000      0.000   0.000      0.000      0.000   0.000   0.0000  0.0000      0.000      0.000   1812.060    970.599   1811.353    986.867 N000095
  2325.095    956.549 -11.484   2328.588    955.299 -11.487   0.0953  0.0494   2329.640    974.152   2329.545    974.102   2328.493    955.257 N000096
     0.000      0.000   0.000      0.000      0.000   0.000   0.0000  0.0000      0.000      0.000   2174.038    976.101   2173.585    967.651 N000097
  1059.279    965.054 -10.716   1054.463   1051.819 -10.719  -0.1911  0.0538   1063.773    982.648   1063.964    982.595   1054.658   1051.752 N000098
  2401.064    969.186  -8.913   2404.150    962.697  -8.916   0.0643  0.0607   2405.612    986.789   2405.548    986.728   2404.086    962.641 N000099
  1086.835    974.212  -9.767   1082.491   1058.928  -9.770  -0.1653  0.2119   1091.329    991.807   1091.495    991.595   1082.661   1058.705 N000100
     0.000      0.000   0.000      0.000      0.000   0.000   0.0000  0.0000      0.000      0.000   2045.533    991.401   2045.258    991.457 N000101
     0.000      0.000   0.000      0.000      0.000   0.000   0.0000  0.0000      0.000      0.000   1959.029   1007.151   1958.692   1012.926 N000102
  1409.966   1007.811  -9.882   1410.462   1069.062  -9.885  -0.0338 -0.1626   1414.473   1025.409   1414.507   1025.571   1410.496   1069.221 N000103
  2129.890   1017.176 -10.653   2134.093   1028.275 -10.656  -0.1099  0.1763   2134.426   1034.779   2134.536   1034.602   2134.203   1028.093 N000104
  1972.609   1023.093 -10.499   1976.814   1044.859 -10.501   0.1088  0.0926   1977.139   1040.694   1977.030   1040.601   1976.705   1044.775 N000105
     0.000      0.000   0.000      0.000      0.000   0.000   0.0000  0.0000      0.000      0.000    537.471   1041.093    514.200   1149.475 N000106
     0.000      0.000   0.000      0.000      0.000   0.000   0.0000  0.0000      0.000      0.000   1804.023   1046.045   1803.188   1062.112 N000107
  3751.055   1029.704 -10.529   3732.361    935.500 -10.532   0.0551  0.1562   3755.657   1047.316   3755.602   1047.160   3732.306    935.351 N000108
  2360.202   1044.847 -10.941   2363.655   1040.043 -10.944   0.2022 -0.1533   2364.747   1062.451   2364.545   1062.604   2363.455   1040.208 N000109
     0.000      0.000   0.000      0.000      0.000   0.000   0.0000  0.0000      0.000      0.000   1739.020   1069.601   1737.800   1089.994 N000110
  1826.121   1056.949  -8.950   1829.880   1088.497  -8.953   0.1211 -0.0510   1830.645   1074.550   1830.523   1074.601   1829.758   1088.556 N000111
  3739.565   1057.332 -10.483   3721.405    963.251 -10.486   0.0401 -0.1685   3744.166   1074.945   3744.126   1075.113   3721.368    963.418 N000112
     0.000      0.000   0.000      0.000      0.000   0.000   0.0000  0.0000      0.000      0.000   3087.574   1077.109   3078.612   1006.914 N000113
  1396.352   1068.045 -11.429   1396.454   1129.893 -11.431  -0.1481  0.0453   1400.858   1085.644   1401.006   1085.599   1396.604   1129.837 N000114
  2833.819   1072.072 -10.654   2833.093   1035.470 -10.657  -0.1809  0.0721   2838.383   1089.680   2838.564   1089.608   2833.271   1035.387 N000115
     0.000      0.000   0.000      0.000      0.000   0.000   0.0000  0.0000      0.000      0.000   1845.024   1094.602   1844.291   1107.363 N000116
     0.000      0.000   0.000      0.000      0.000   0.000   0.0000  0.0000      0.000      0.000    954.488   1109.096    942.097   1185.932 N000117
     0.000      0.000   0.000      0.000      0.000   0.000   0.0000  0.0000      0.000      0.000   2740.060   1109.108   2736.003   1061.063 N000118
  1511.484   1095.090 -10.587   1512.827   1148.530 -10.590  -0.0157  0.0897   1515.995   1112.690   1516.010   1112.600   1512.843   1148.440 N000119
  1721.844   1099.406 -10.702   1724.963   1137.900 -10.705  -0.1557 -0.0943   1726.363   1117.007   1726.519   1117.101   1725.120   1137.983 N000120
     0.000      0.000   0.000      0.000      0.000   0.000   0.0000  0.0000      0.000      0.000   1217.998   1130.536   1210.679   1187.831 N000121
  2263.834   1113.168 -12.381   2267.774   1114.030 -12.384  -0.1661  0.1680   2268.374   1130.773   2268.540   1130.605   2267.940   1113.853 N000122
     0.000      0.000   0.000      0.000      0.000   0.000   0.0000  0.0000      0.000      0.000   1169.996   1137.173   1161.805   1197.971 N000123
     0.000      0.000   0.000      0.000      0.000   0.000   0.0000  0.0000      0.000      0.000   2218.638   1140.005   2218.183   1126.545 N000124
   455.383   1130.195 -10.908    432.961   1262.401 -10.911  -0.1175  0.1950    459.850   1147.789    459.967   1147.594    433.084   1262.196 N000125
     0.000      0.000   0.000      0.000      0.000   0.000   0.0000  0.0000      0.000      0.000   1383.004   1166.100   1378.024   1211.227 N000126
  2630.432   1168.132 -12.871   2632.205   1143.597 -12.874  -0.0675  0.1318   2634.987   1185.740   2635.055   1185.608   2632.272   1143.462 N000127
   189.453   1182.071  -9.658    156.227   1335.640  -9.661  -0.0466  0.0710    193.909   1199.664    193.956   1199.593    156.276   1335.565 N000128
  1485.513   1197.562 -10.458   1486.178   1252.314 -10.460   0.0128  0.0360   1490.021   1215.164   1490.008   1215.128   1486.165   1252.279 N000129
  1014.411   1211.768 -10.844   1007.100   1301.252 -10.847  -0.0667 -0.2094   1018.899   1229.367   1018.966   1229.576   1007.167   1301.456 N000130
   772.314   1211.898  -8.566    759.013   1319.790  -8.569  -0.1142 -0.1736    776.793   1229.495    776.907   1229.669    759.129   1319.955 N000131
     0.000      0.000   0.000      0.000      0.000   0.000   0.0000  0.0000      0.000      0.000   2033.530   1230.105   2033.135   1228.535 N000132
  3113.003   1219.711 -14.079   3108.943   1162.538 -14.082   0.0032 -0.1013   3117.577   1237.323   3117.573   1237.425   3108.940   1162.638 N000133
  1083.737   1226.658 -11.188   1077.796   1310.925 -11.191   0.2147  0.1584   1088.229   1244.258   1088.014   1244.100   1077.578   1310.783 N000134
     0.000      0.000   0.000      0.000      0.000   0.000   0.0000  0.0000      0.000      0.000   1365.836   1246.102   1360.233   1292.178 N000135
     0.000      0.000   0.000      0.000      0.000   0.000   0.0000  0.0000      0.000      0.000   1441.506   1246.602   1436.935   1287.146 N000136
  2254.119   1233.896  -8.649   2258.137   1234.132  -8.652   0.0474 -0.0326   2258.657   1251.503   2258.610   1251.536   2258.089   1234.168 N000137
  2133.135   1238.156 -12.786   2137.315   1246.717 -12.789   0.1351  0.1556   2137.669   1255.762   2137.534   1255.607   2137.180   1246.572 N000138
  1472.496   1244.431  -8.855   1472.811   1299.933  -8.857  -0.0037 -0.0694   1477.003   1262.033   1477.007   1262.103   1472.815   1300.002 N000139
  1563.660   1253.027 -10.236   1564.968   1301.874 -10.239   0.1598  0.0268   1568.170   1270.630   1568.010   1270.603   1564.806   1301.859 N000140
  1880.990   1253.397  -8.745   1884.638   1279.520  -8.748  -0.1106 -0.1031   1885.513   1271.002   1885.623   1271.105   1884.749   1279.615 N000141
     0.000      0.000   0.000      0.000      0.000   0.000   0.0000  0.0000      0.000      0.000   1787.719   1272.105   1786.330   1287.564 N000142
     0.000      0.000   0.000      0.000      0.000   0.000   0.0000  0.0000      0.000      0.000   2122.033   1278.074   2121.664   1269.924 N000143
     0.000      0.000   0.000      0.000      0.000   0.000   0.0000  0.0000      0.000      0.000   1508.644   1285.512   1504.725   1321.020 N000144
  2436.579   1269.995 -10.376   2439.906   1257.360 -10.378   0.0793 -0.0050   2441.125   1287.604   2441.045   1287.609   2439.827   1257.370 N000145
     0.000      0.000   0.000      0.000      0.000   0.000   0.0000  0.0000      0.000      0.000   1936.525   1289.106   1935.813   1293.892 N000146
  1282.855   1276.385  -9.278   1280.283   1345.738  -9.281  -0.2007 -0.1155   1287.354   1293.987   1287.554   1294.102   1280.487   1345.838 N000147
  3627.309   1281.737 -10.986   3613.635   1190.392 -10.989  -0.1914  0.0795   3631.902   1299.354   3632.094   1299.275   3613.822   1190.302 N000148
  1348.588   1288.335  -8.946   1346.988   1352.797  -8.949   0.0876 -0.1647   1353.089   1305.938   1353.001   1306.103   1346.898   1352.968 N000149
  1994.792   1295.549  -8.557   1998.753   1313.343  -8.560  -0.1368  0.1203   1999.319   1313.156   1999.456   1313.035   1998.890   1313.214 N000150
  2789.735   1307.632 -10.999   2790.308   1270.659 -11.002   0.1294  0.1324   2794.294   1325.244   2794.165   1325.112   2790.180   1270.537 N000151
  1347.606   1308.866  -9.704   1345.880   1373.362  -9.707   0.1060 -0.1336   1352.107   1326.469   1352.001   1326.603   1345.772   1373.503 N000152
  1259.041   1313.885 -11.063   1255.852   1384.962 -11.066   0.0407 -0.1153   1263.538   1331.487   1263.497   1331.603   1255.810   1385.080 N000153
  1455.868   1344.601 -12.724   1455.498   1401.026 -12.727  -0.1316  0.1005   1460.373   1362.205   1460.505   1362.104   1455.632   1400.916 N000154
  3638.824   1344.497 -14.335   3625.342   1251.365 -14.338   0.1063 -0.0247   3643.417   1362.115   3643.310   1362.140   3625.238   1251.396 N000155
  1954.405   1350.013 -10.982   1958.137   1370.324 -10.985  -0.0947  0.0128   1958.930   1367.620   1959.025   1367.608   1958.232   1370.305 N000156
     0.000      0.000   0.000      0.000      0.000   0.000   0.0000  0.0000      0.000      0.000   2593.051   1369.362   2590.986   1327.899 N000157
     0.000      0.000   0.000      0.000      0.000   0.000   0.0000  0.0000      0.000      0.000   1467.105   1372.905   1462.265   1411.207 N000158
  1728.923   1356.909  -9.302   1731.361   1393.355  -9.305  -0.0766 -0.0907   1733.439   1374.516   1733.516   1374.606   1731.438   1393.440 N000159
     0.000      0.000   0.000      0.000      0.000   0.000   0.0000  0.0000      0.000      0.000   1375.126   1375.604   1368.978   1420.715 N000160
  3972.449   1361.099  -9.314   3950.834   1246.604  -9.317  -0.0513  0.0990   3977.055   1378.719   3977.106   1378.620   3950.883   1246.504 N000161
  1747.046   1367.972 -11.107   1749.582   1403.063 -11.109   0.0460 -0.0277   1751.562   1385.579   1751.516   1385.607   1749.536   1403.094 N000162
     0.000      0.000   0.000      0.000      0.000   0.000   0.0000  0.0000      0.000      0.000   2205.035   1385.610   2204.563   1370.825 N000163
     0.000      0.000   0.000      0.000      0.000   0.000   0.0000  0.0000      0.000      0.000   2513.547   1386.986   2512.028   1350.793 N000164
  2192.653   1374.675 -10.944   2196.715   1378.003 -10.947   0.1529  0.1752   2197.187   1392.285   2197.034   1392.110   2196.562   1377.840 N000165
  2942.840   1378.836  -9.214   2941.863   1330.737  -9.217  -0.1603 -0.0526   2947.404   1396.451   2947.565   1396.503   2942.021   1330.778 N000166
     0.000      0.000   0.000      0.000      0.000   0.000   0.0000  0.0000      0.000      0.000   1408.502   1405.105   1402.683   1447.699 N000167
  1002.034   1387.934 -10.570    993.088   1478.541 -10.572   0.0657 -0.0665   1006.520   1405.536   1006.455   1405.602    993.020   1478.613 N000168
     0.000      0.000   0.000      0.000      0.000   0.000   0.0000  0.0000      0.000      0.000   3372.510   1409.117   3360.355   1315.134 N000169
     0.000      0.000   0.000      0.000      0.000   0.000   0.0000  0.0000      0.000      0.000   2183.033   1420.010   2182.541   1406.536 N000170
  1666.429   1403.161 -11.183   1668.159   1443.988 -11.186  -0.0705  0.1608   1670.942   1420.768   1671.013   1420.607   1668.231   1443.823 N000171
  3366.406   1403.422  -8.875   3358.929   1326.986  -8.878  -0.0939 -0.0784   3370.988   1421.039   3371.081   1421.117   3359.022   1327.057 N000172
  1633.765   1412.365  -9.638   1635.136   1455.558  -9.641  -0.1514 -0.1351   1638.276   1429.972   1638.428   1430.107   1635.288   1455.681 N000173
  1150.407   1421.997 -10.054   1144.442   1501.311 -10.057  -0.0933 -0.0031   1154.898   1439.601   1154.992   1439.604   1144.537   1501.307 N000174
  2172.573   1425.245 -10.973   2176.589   1429.655 -10.976   0.0731  0.1195   2177.106   1442.855   2177.033   1442.735   2176.516   1429.541 N000175
  3240.968   1428.302  -9.310   3235.843   1359.763  -9.313  -0.0316 -0.1984   3245.544   1445.919   3245.576   1446.117   3235.875   1359.957 N000176
  1902.966   1429.131  -9.547   1906.295   1452.735  -9.550  -0.0601  0.1569   1907.488   1446.739   1907.548   1446.582   1906.356   1452.574 N000177
  1397.960   1432.448  -9.357   1396.297   1493.070  -9.360  -0.0401 -0.0229   1402.461   1450.053   1402.501   1450.076   1396.338   1493.090 N000178
   610.065   1435.407  -9.052    589.611   1556.964  -9.055   0.0651 -0.0931    614.535   1453.008    614.470   1453.101    589.543   1557.063 N000179
  2587.944   1456.092  -9.815   2590.575   1431.299  -9.818  -0.0561  0.0917   2592.493   1473.705   2592.549   1473.614   2590.631   1431.204 N000180
     0.000      0.000   0.000      0.000      0.000   0.000   0.0000  0.0000      0.000      0.000   2422.542   1477.113   2421.528   1446.463 N000181
  2121.020   1466.515  -9.175   2124.951   1474.349  -9.178   0.0203  0.0148   2125.551   1484.126   2125.530   1484.111   2124.931   1474.336 N000182
     0.000      0.000   0.000      0.000      0.000   0.000   0.0000  0.0000      0.000      0.000    924.760   1487.215    908.604   1566.846 N000183
  2899.648   1480.421 -10.144   2899.508   1434.104 -10.147   0.1220 -0.0787   2904.210   1498.037   2904.088   1498.116   2899.388   1434.190 N000184
     0.000      0.000   0.000      0.000      0.000   0.000   0.0000  0.0000      0.000      0.000   1214.693   1502.306   1204.959   1559.573 N000185
  1836.349   1487.306 -12.722   1839.123   1515.532 -12.725  -0.1513 -0.1939   1840.867   1504.916   1841.019   1505.110   1839.275   1515.714 N000186
  1463.725   1490.441  -9.852   1462.676   1546.142  -9.855   0.1922 -0.0595   1468.229   1508.048   1468.037   1508.107   1462.481   1546.216 N000187
     0.000      0.000   0.000      0.000      0.000   0.000   0.0000  0.0000      0.000      0.000   1758.515   1510.109   1756.144   1526.720 N000188
     0.000      0.000   0.000      0.000      0.000   0.000   0.0000  0.0000      0.000      0.000   1535.006   1514.108   1530.303   1547.217 N000189
  1563.928   1501.983  -9.278   1564.108   1550.210  -9.281  -0.0721 -0.0172   1568.435   1519.591   1568.507   1519.608   1564.181   1550.222 N000190
  2124.780   1503.683 -10.576   2128.657   1511.069 -10.579  -0.1921  0.1831   2129.310   1521.295   2129.502   1521.112   2128.849   1510.873 N000191
  1161.181   1507.456  -9.096   1154.787   1586.146  -9.099   0.0449 -0.0441   1165.672   1525.062   1165.627   1525.106   1154.741   1586.194 N000192
     0.000      0.000   0.000      0.000      0.000   0.000   0.0000  0.0000      0.000      0.000   2267.619   1529.696   2266.973   1509.599 N000193
  1399.494   1535.300 -11.692   1397.219   1595.867 -11.695  -0.0057 -0.1998   1403.995   1552.908   1404.000   1553.108   1397.224   1596.067 N000194
  2175.754   1535.528 -10.327   2179.628   1539.132 -10.330   0.1703  0.0278   2180.285   1553.140   2180.115   1553.113   2179.458   1539.116 N000195
  2231.742   1536.601 -10.658   2235.622   1536.214 -10.661  -0.2319 -0.3201   2236.276   1554.214   2236.508   1554.534   2235.854   1536.516 N000196
  4004.623   1538.850 -12.298   3983.749   1419.374 -12.301   0.1229 -0.1496   4009.229   1556.474   4009.106   1556.624   3983.631   1419.529 N000197
     0.000      0.000   0.000      0.000      0.000   0.000   0.0000  0.0000      0.000      0.000    925.814   1558.022    909.011   1637.931 N000198
  2332.872   1544.874 -10.928   2336.629   1537.276 -10.931   0.0187 -0.1260   2337.410   1562.488   2337.391   1562.614   2336.610   1537.402 N000199
   486.706   1546.930  -9.581    460.571   1679.415  -9.584   0.2058 -0.0699    491.169   1564.532    490.963   1564.602    460.357   1679.502 N000200
  1848.579   1561.198  -8.776   1851.185   1588.369  -8.779   0.0786  0.1267   1853.097   1578.809   1853.018   1578.682   1851.107   1588.248 N000201
  1673.899   1563.577 -10.431   1675.004   1603.619 -10.434  -0.1015  0.0771   1678.410   1581.187   1678.511   1581.110   1675.107   1603.535 N000202
     0.000      0.000   0.000      0.000      0.000   0.000   0.0000  0.0000      0.000      0.000   1890.020   1582.111   1888.327   1588.965 N000203
  3054.193   1577.826  -9.616   3052.469   1520.077  -9.618   0.1928 -0.1737   3058.760   1595.445   3058.567   1595.619   3052.279   1520.262 N000204
  1830.503   1585.641 -10.444   1832.888   1614.102 -10.447   0.0027  0.1412   1835.020   1603.253   1835.017   1603.111   1832.886   1613.961 N000205
     0.000      0.000   0.000      0.000      0.000   0.000   0.0000  0.0000      0.000      0.000   2026.525   1603.613   2025.431   1600.482 N000206
     0.000      0.000   0.000      0.000      0.000   0.000   0.0000  0.0000      0.000      0.000    599.967   1615.489    572.617   1721.984 N000207
     0.000      0.000   0.000      0.000      0.000   0.000   0.0000  0.0000      0.000      0.000   1255.993   1616.108   1246.196   1670.538 N000208
  1845.623   1606.420  -9.796   1848.041   1633.744  -9.799   0.1227 -0.0798   1850.140   1624.032   1850.017   1624.112   1847.917   1633.833 N000209
  1677.119   1606.788 -10.657   1678.057   1646.590 -10.660   0.1188 -0.2124   1681.629   1624.398   1681.511   1624.611   1677.936   1646.811 N000210
     0.000      0.000   0.000      0.000      0.000   0.000   0.0000  0.0000      0.000      0.000   1399.499   1626.076   1392.170   1669.522 N000211
  1714.159   1611.842 -11.185   1715.447   1648.890 -11.188   0.1322 -0.1576   1718.671   1629.454   1718.538   1629.611   1715.313   1649.057 N000212
  2032.921   1627.498 -11.094   2036.283   1641.083 -11.096  -0.0791 -0.0023   2037.446   1645.111   2037.525   1645.113   2036.362   1641.080 N000213
     0.000      0.000   0.000      0.000      0.000   0.000   0.0000  0.0000      0.000      0.000   2215.032   1656.615   2214.233   1639.710 N000214
  2771.183   1651.472 -10.856   2772.695   1612.512 -10.859   0.1473 -0.0282   2775.737   1669.090   2775.590   1669.119   2772.550   1612.550 N000215
  1060.554   1653.147  -9.871   1050.654   1740.363  -9.874   0.0543  0.1473   1065.039   1670.755   1064.985   1670.608   1050.600   1740.219 N000216
     0.000      0.000   0.000      0.000      0.000   0.000   0.0000  0.0000      0.000      0.000   1937.020   1670.613   1935.306   1673.884 N000217
  2410.285   1653.330 -10.221   2413.791   1639.717 -10.224  -0.1874 -0.1424   2414.824   1670.946   2415.012   1671.088   2413.978   1639.845 N000218
     0.000      0.000   0.000      0.000      0.000   0.000   0.0000  0.0000      0.000      0.000   1202.990   1686.109   1191.558   1744.971 N000219
     0.000      0.000   0.000      0.000      0.000   0.000   0.0000  0.0000      0.000      0.000   1278.494   1686.110   1268.574   1739.089 N000220
  1215.622   1672.490 -12.502   1208.995   1747.645 -12.504   0.1222 -0.0097   1220.113   1690.100   1219.991   1690.109   1208.870   1747.664 N000221
     0.000      0.000   0.000      0.000      0.000   0.000   0.0000  0.0000      0.000      0.000   2394.476   1691.335   2393.477   1661.470 N000222
     0.000      0.000   0.000      0.000      0.000   0.000   0.0000  0.0000      0.000      0.000   2115.327   1710.915   2114.248   1701.077 N000223
  2508.546   1695.164  -9.110   2511.701   1674.394  -9.113   0.0457  0.1224   2513.089   1712.782   2513.043   1712.659   2511.655   1674.275 N000224
   165.651   1695.504 -10.709    123.909   1856.875 -10.712   0.1511 -0.0291    170.099   1713.107    169.948   1713.137    123.750   1856.918 N000225
  3356.263   1697.668 -10.603   3350.503   1618.419 -10.606  -0.2610  0.1445   3360.840   1715.291   3361.101   1715.147   3350.759   1618.258 N000226
     0.000      0.000   0.000      0.000      0.000   0.000   0.0000  0.0000      0.000      0.000   1268.076   1722.610   1257.656   1776.583 N000227
  2072.772   1707.127 -10.072   2076.066   1717.656 -10.075  -0.0024  0.1268   2077.298   1724.742   2077.300   1724.615   2076.069   1717.529 N000228
     0.000      0.000   0.000      0.000      0.000   0.000   0.0000  0.0000      0.000      0.000   1683.009   1733.513   1678.901   1755.723 N000229
  1516.200   1728.459  -9.232   1514.436   1780.638  -9.235   0.1995 -0.0412   1520.702   1746.071   1520.503   1746.112   1514.233   1780.694 N000230
     0.000      0.000   0.000      0.000      0.000   0.000   0.0000  0.0000      0.000      0.000   2967.561   1746.621   2962.813   1676.242 N000231
  2320.487   1730.675  -9.012   2324.073   1723.205  -9.014  -0.0127  0.1755   2325.022   1748.293   2325.035   1748.117   2324.086   1723.029 N000232
     0.000      0.000   0.000      0.000      0.000   0.000   0.0000  0.0000      0.000      0.000   3708.091   1762.726   3691.365   1642.354 N000233
     0.000      0.000   0.000      0.000      0.000   0.000   0.0000  0.0000      0.000      0.000   2123.527   1782.817   2122.289   1772.277 N000234
  1931.153   1767.378 -10.570   1933.521   1788.330 -10.573   0.1528 -0.1221   1935.672   1784.993   1935.519   1785.116   1933.367   1788.463 N000235
  2248.672   1771.067  -8.914   2252.197   1768.691  -8.917   0.1719  0.0672   2253.204   1788.685   2253.032   1788.618   2252.025   1768.636 N000236
     0.000      0.000   0.000      0.000      0.000   0.000   0.0000  0.0000      0.000      0.000   1420.263   1790.789   1412.088   1833.288 N000237
  1996.217   1773.858 -10.937   1998.951   1789.979 -10.940   0.1922 -0.1419   2000.739   1791.474   2000.546   1791.616   1998.758   1790.135 N000238
  1544.844   1778.006  -9.071   1543.172   1828.188  -9.074  -0.0654 -0.0390   1549.347   1795.620   1549.412   1795.659   1543.238   1828.222 N000239
  1533.072   1785.226 -10.496   1531.182   1836.343 -10.499   0.0719  0.2262   1537.574   1802.840   1537.503   1802.613   1531.111   1836.121 N000240
  1644.618   1786.248 -10.041   1644.223   1828.833 -10.044   0.1180 -0.0185   1649.125   1803.862   1649.007   1803.881   1644.103   1828.861 N000241
  1957.944   1791.784  -9.943   1960.381   1810.759  -9.945  -0.0556 -0.2155   1962.464   1809.401   1962.520   1809.616   1960.436   1810.971 N000242
  1453.274   1795.040  -9.615   1450.069   1852.362  -9.618  -0.1186  0.0400   1457.773   1812.653   1457.892   1812.613   1450.190   1852.312 N000243
     0.000      0.000   0.000      0.000      0.000   0.000   0.0000  0.0000      0.000      0.000   1409.997   1817.113   1401.448   1860.556 N000244
  1178.296   1805.394  -9.492   1169.671   1884.366  -9.495  -0.2044 -0.0678   1182.784   1823.005   1182.988   1823.073   1169.879   1884.418 N000245
  2945.048   1806.669 -10.471   2945.219   1754.688 -10.474   0.0480  0.1686   2949.607   1824.291   2949.559   1824.123   2945.171   1754.523 N000246
  2039.707   1808.695 -10.209   2042.538   1821.607 -10.212   0.2074  0.1950   2044.230   1826.312   2044.023   1826.117   2042.330   1821.427 N000247
     0.000      0.000   0.000      0.000      0.000   0.000   0.0000  0.0000      0.000      0.000   1268.825   1826.612   1257.521   1881.182 N000248
   762.147   1811.886 -10.351    742.116   1924.646 -10.354   0.1466  0.3336    766.618   1829.495    766.471   1829.162    741.969   1924.321 N000249
  2449.604   1813.020  -9.893   2452.886   1796.078  -9.896   0.1037  0.0200   2454.143   1830.640   2454.039   1830.620   2452.783   1796.066 N000250
     0.000      0.000   0.000      0.000      0.000   0.000   0.0000  0.0000      0.000      0.000   2093.525   1833.975   2092.027   1825.627 N000251
  1859.689   1816.767  -8.883   1861.312   1843.142  -8.886   0.1887 -0.2327   1864.204   1834.383   1864.015   1834.616   1861.121   1843.389 N000252
  1274.976   1822.390  -9.725   1268.261   1893.830  -9.728  -0.0242 -0.1097   1279.468   1840.003   1279.492   1840.113   1268.285   1893.939 N000253
     0.000      0.000   0.000      0.000      0.000   0.000   0.0000  0.0000      0.000      0.000   1982.603   1839.784   1980.525   1839.670 N000254
  1193.012   1823.631 -11.797   1184.541   1901.580 -11.800   0.0123  0.1311   1197.501   1841.243   1197.488   1841.112   1184.530   1901.449 N000255
     0.000      0.000   0.000      0.000      0.000   0.000   0.0000  0.0000      0.000      0.000   2358.035   1841.028   2356.934   1813.369 N000256
  2768.581   1823.649  -9.038   2770.323   1783.952  -9.041   0.0814  0.1488   2773.134   1841.271   2773.052   1841.122   2770.242   1783.810 N000257
     0.000      0.000   0.000      0.000      0.000   0.000   0.0000  0.0000      0.000      0.000   2277.532   1843.119   2276.442   1821.292 N000258
  1870.780   1825.959  -9.668   1872.450   1851.517  -9.671  -0.1483 -0.0412   1875.296   1843.575   1875.444   1843.616   1872.599   1851.547 N000259
  2808.449   1832.582 -10.479   2809.897   1790.041 -10.482  -0.0507  0.0822   2813.003   1850.204   2813.054   1850.122   2809.947   1789.956 N000260
     0.000      0.000   0.000      0.000      0.000   0.000   0.0000  0.0000      0.000      0.000   2156.027   1851.618   2154.702   1838.670 N000261
     0.000      0.000   0.000      0.000      0.000   0.000   0.0000  0.0000      0.000      0.000   1156.570   1854.695   1142.549   1918.413 N000262
     0.000      0.000   0.000      0.000      0.000   0.000   0.0000  0.0000      0.000      0.000   1470.499   1855.677   1462.686   1894.640 N000263
  3810.265   1846.895 -11.079   3796.518   1736.107 -11.082   0.0750 -0.1054   3814.859   1864.523   3814.784   1864.629   3796.446   1736.216 N000264
     0.000      0.000   0.000      0.000      0.000   0.000   0.0000  0.0000      0.000      0.000   1499.000   1865.614   1491.572   1902.420 N000265
  2993.132   1848.730 -11.060   2992.891   1793.187 -11.063   0.1318  0.1109   2997.693   1866.354   2997.561   1866.243   2992.760   1793.086 N000266
     0.000      0.000   0.000      0.000      0.000   0.000   0.0000  0.0000      0.000      0.000   1045.482   1870.112   1028.585   1942.911 N000267
  1016.387   1855.462 -10.951   1003.290   1947.898 -10.954  -0.1133 -0.0381   1020.868   1873.073   1020.981   1873.112   1003.406   1947.928 N000268
  2242.464   1862.644 -11.438   2245.795   1860.648 -11.441  -0.0362  0.1444   2246.994   1880.264   2247.030   1880.119   2245.832   1860.501 N000269
  1761.497   1864.283 -10.857   1761.961   1898.233 -10.860  -0.0026 -0.1784   1766.008   1881.899   1766.011   1882.078   1761.963   1898.412 N000270
     0.000      0.000   0.000      0.000      0.000   0.000   0.0000  0.0000      0.000      0.000    276.951   1891.107    232.673   2028.656 N000271
  2148.585   1873.097 -14.229   2151.663   1878.005 -14.232   0.0852  0.0753   2153.112   1890.716   2153.026   1890.641   2151.578   1877.936 N000272
  1208.783   1876.779  -9.757   1200.148   1953.925  -9.760  -0.1817 -0.0783   1213.271   1894.392   1213.453   1894.470   1200.333   1953.989 N000273
     0.000      0.000   0.000      0.000      0.000   0.000   0.0000  0.0000      0.000      0.000   2285.032   1896.620   2283.841   1874.225 N000274
  2585.681   1882.605 -13.221   2588.464   1855.752 -13.224   0.1811  0.1052   2590.225   1900.227   2590.044   1900.122   2588.284   1855.660 N000275
     0.000      0.000   0.000      0.000      0.000   0.000   0.0000  0.0000      0.000      0.000   1635.955   1904.666   1630.255   1931.077 N000276
  1370.711   1888.075 -10.086   1365.303   1952.454 -10.089   0.1749  0.0746   1375.205   1905.689   1375.031   1905.614   1365.125   1952.393 N000277
  2720.504   1890.623  -9.501   2722.602   1854.116  -9.504   0.0354  0.1230   2725.053   1908.246   2725.018   1908.123   2722.567   1853.996 N000278
  1071.473   1896.415 -10.043   1059.361   1984.813 -10.046  -0.0270 -0.0849   1075.956   1914.028   1075.983   1914.113   1059.388   1984.897 N000279
     0.000      0.000   0.000      0.000      0.000   0.000   0.0000  0.0000      0.000      0.000    957.906   1917.112    938.099   1997.558 N000280
  1788.176   1903.186 -10.207   1788.693   1935.255 -10.210   0.1759  0.1856   1792.687   1920.803   1792.511   1920.617   1788.516   1935.082 N000281
  2476.283   1903.897 -11.642   2479.407   1884.894 -11.645  -0.2165 -0.1031   2480.823   1921.518   2481.039   1921.622   2479.623   1884.981 N000282
     0.000      0.000   0.000      0.000      0.000   0.000   0.0000  0.0000      0.000      0.000   1738.009   1925.117   1733.413   1943.774 N000283
     0.000      0.000   0.000      0.000      0.000   0.000   0.0000  0.0000      0.000      0.000   1285.891   1934.114   1273.947   1988.202 N000284
     0.000      0.000   0.000      0.000      0.000   0.000   0.0000  0.0000      0.000      0.000    969.978   1943.175    950.201   2022.940 N000285
     0.000      0.000   0.000      0.000      0.000   0.000   0.0000  0.0000      0.000      0.000    492.959   1946.110     -1.000     -1.000 N000286
     0.000      0.000   0.000      0.000      0.000   0.000   0.0000  0.0000      0.000      0.000   2666.546   1952.052   2664.419   1902.015 N000287
     0.000      0.000   0.000      0.000      0.000   0.000   0.0000  0.0000      0.000      0.000   2629.628   1954.623   2627.671   1907.235 N000288
     0.000      0.000   0.000      0.000      0.000   0.000   0.0000  0.0000      0.000      0.000   2724.549   1955.124   2722.107   1900.928 N000289
     0.000      0.000   0.000      0.000      0.000   0.000   0.0000  0.0000      0.000      0.000   2289.781   1961.684   2288.443   1938.982 N000290
     0.000      0.000   0.000      0.000      0.000   0.000   0.0000  0.0000      0.000      0.000   2456.538   1972.122   2455.105   1937.241 N000291
     0.000      0.000   0.000      0.000      0.000   0.000   0.0000  0.0000      0.000      0.000   2652.546   1972.624   2650.476   1923.567 N000292
     0.000      0.000   0.000      0.000      0.000   0.000   0.0000  0.0000      0.000      0.000   3187.067   1974.127   3180.309   1887.313 N000293
     0.000      0.000   0.000      0.000      0.000   0.000   0.0000  0.0000      0.000      0.000   1406.495   1979.116   1396.547   2024.007 N000294
  3862.190   1961.691  -8.706   3848.116   1846.475  -8.708  -0.0107  0.1910   3866.784   1979.322   3866.795   1979.131   3848.125   1846.285 N000295
     0.000      0.000   0.000      0.000      0.000   0.000   0.0000  0.0000      0.000      0.000    527.460   1981.111     -1.000     -1.000 N000296
  2103.842   1963.593 -11.556   2106.422   1972.009 -11.559  -0.1578  0.0935   2108.366   1981.214   2108.523   1981.120   2106.581   1971.903 N000297
     0.000      0.000   0.000      0.000      0.000   0.000   0.0000  0.0000      0.000      0.000   1124.984   1983.614     -1.000     -1.000 N000298
     0.000      0.000   0.000      0.000      0.000   0.000   0.0000  0.0000      0.000      0.000   2451.537   1991.123   2450.083   1956.613 N000299
   583.388   1980.683 -10.155    559.031   2059.158 -10.158  -0.1120  0.1833    587.850   1998.295    587.962   1998.111    559.150   2058.963 N000300
  2875.085   1979.727  -8.688   2876.142   1932.038  -8.691   0.2851 -0.0726   2879.640   1997.353   2879.355   1997.426   2875.859   1932.131 N000301
     0.000      0.000   0.000      0.000      0.000   0.000   0.0000  0.0000      0.000      0.000   2555.141   2016.624   2553.414   1974.591 N000302
     0.000      0.000   0.000      0.000      0.000   0.000   0.0000  0.0000      0.000      0.000   2825.052   2022.626   2821.988   1961.154 N000303
   167.966   2007.881 -13.373    125.538   2123.169 -13.376  -0.0344 -0.1191    172.410   2025.490    172.445   2025.609    125.572   2123.287 N000304
     0.000      0.000   0.000      0.000      0.000   0.000   0.0000  0.0000      0.000      0.000   1397.444   2029.117     -1.000     -1.000 N000305
  2010.377   2014.413 -10.954   2012.188   2030.062 -10.956  -0.1228 -0.0870   2014.896   2032.034   2015.019   2032.121   2012.311   2030.140 N000306
     0.000      0.000   0.000      0.000      0.000   0.000   0.0000  0.0000      0.000      0.000   3158.265   2039.028   3152.036   1953.985 N000307
     0.000      0.000   0.000      0.000      0.000   0.000   0.0000  0.0000      0.000      0.000   2466.537   2047.624   2464.967   2012.078 N000308
  2375.070   2030.845  -9.564   2378.103   2019.305  -9.566   0.0701 -0.1048   2379.604   2048.469   2379.534   2048.573   2378.032   2019.415 N000309
     0.000      0.000   0.000      0.000      0.000   0.000   0.0000  0.0000      0.000      0.000   3060.061   2063.628   3054.986   1985.418 N000310
     0.000      0.000   0.000      0.000      0.000   0.000   0.0000  0.0000      0.000      0.000   2162.025   2065.622     -1.000     -1.000 N000311
     0.000      0.000   0.000      0.000      0.000   0.000   0.0000  0.0000      0.000      0.000   2358.532   2073.686   2356.970   2046.139 N000312
     0.000      0.000   0.000      0.000      0.000   0.000   0.0000  0.0000      0.000      0.000   2562.112   2077.982   2560.286   2035.497 N000313
  3119.622   2072.296 -11.586   3118.466   2007.149 -11.588   0.1221 -0.2042   3124.185   2089.925   3124.063   2090.129   3118.346   2007.361 N000314
     0.000      0.000   0.000      0.000      0.000   0.000   0.0000  0.0000      0.000      0.000   2532.039   2110.626     -1.000     -1.000 N000315
  1732.902   2095.064 -11.719   1735.324   2080.185 -11.722  -0.0984  0.0642   1737.408   2112.685   1737.507   2112.621   1735.424   2080.113 N000316
     0.000      0.000   0.000      0.000      0.000   0.000   0.0000  0.0000      0.000      0.000   1609.113   2118.620   1605.367   2096.235 N000317
  1967.775   2121.551 -11.423   1972.283   2088.658 -11.426  -0.2247  0.0515   1972.291   2139.174   1972.516   2139.123   1972.510   2088.589 N000318
  1368.398   2125.788 -10.543   1364.949   2140.192 -10.546  -0.1021 -0.2120   1372.890   2143.407   1372.992   2143.619   1365.052   2140.398 N000319
   811.434   2130.294 -11.933    793.351   2191.293 -11.936  -0.0661 -0.2057    815.903   2147.910    815.969   2148.116    793.417   2191.496 N000320
  1447.243   2138.997  -9.829   1445.196   2147.139  -9.832   0.1280 -0.0035   1451.738   2156.616   1451.610   2156.620   1445.066   2147.153 N000321
     0.000      0.000   0.000      0.000      0.000   0.000   0.0000  0.0000      0.000      0.000   1946.515   2157.060   1946.248   2108.621 N000322
  2323.932   2141.175  -9.460   2329.931   2081.362  -9.463  -0.0683  0.1336   2328.462   2158.801   2328.530   2158.667   2329.999   2081.223 N000323
     0.000      0.000   0.000      0.000      0.000   0.000   0.0000  0.0000      0.000      0.000   1974.016   2171.623   1973.906   2121.152 N000324
  2225.337   2155.933 -11.241   2231.116   2103.582 -11.244  -0.1369 -0.0665   2229.863   2173.558   2230.000   2173.625   2231.253   2103.638 N000325
   509.037   2157.391 -11.727    479.475   2245.203 -11.729   0.0367 -0.1094    513.493   2175.005    513.457   2175.114    479.435   2245.317 N000326
     0.000      0.000   0.000      0.000      0.000   0.000   0.0000  0.0000      0.000      0.000   2091.020   2177.124   2091.667   2117.715 N000327
  2050.821   2164.487 -12.483   2055.763   2125.457 -12.485  -0.1551 -0.0131   2055.340   2182.111   2055.495   2182.124   2055.919   2125.458 N000328
  2163.633   2166.191 -11.981   2169.168   2118.559 -11.984   0.1333  0.1910   2168.157   2183.816   2168.023   2183.625   2169.035   2118.377 N000329
  1638.312   2175.094 -11.367   1639.089   2168.264 -11.369  -0.1878  0.0938   1642.814   2192.715   1643.002   2192.622   1639.280   2168.155 N000330
  1728.565   2174.972 -10.624   1730.517   2161.010 -10.627   0.0650 -0.0277   1733.071   2192.594   1733.006   2192.622   1730.451   2161.043 N000331
  2448.992   2179.061 -11.532   2454.951   2110.008 -11.535  -0.0082  0.0613   2453.527   2196.688   2453.535   2196.627   2454.959   2109.946 N000332
     0.000      0.000   0.000      0.000      0.000   0.000   0.0000  0.0000      0.000      0.000   2252.527   2199.625   2253.797   2128.036 N000333
  1763.319   2185.206 -11.295   1765.621   2168.594 -11.297  -0.1551  0.1799   1767.826   2202.829   1767.981   2202.649   1765.779   2168.400 N000334
  2502.628   2190.889  -9.831   2508.507   2117.874  -9.834   0.1285 -0.1114   2507.165   2208.516   2507.037   2208.627   2508.379   2117.995 N000335
     0.000      0.000   0.000      0.000      0.000   0.000   0.0000  0.0000      0.000      0.000   1453.494   2209.621   1446.583   2200.538 N000336
  1330.213   2198.564  -9.705   1325.382   2216.887  -9.707   0.2135 -0.0022   1334.703   2216.185   1334.489   2216.187   1325.164   2216.907 N000337
     0.000      0.000   0.000      0.000      0.000   0.000   0.0000  0.0000      0.000      0.000   1182.483   2218.119   1169.670   2231.451 N000338
  3153.047   2200.391 -11.211   3154.689   2080.142 -11.214   0.0471 -0.1090   3157.610   2218.022   3157.563   2218.131   3154.643   2080.254 N000339
     0.000      0.000   0.000      0.000      0.000   0.000   0.0000  0.0000      0.000      0.000   3575.580   2218.134   3566.585   2051.036 N000340
  1108.116   2206.049 -11.745   1097.961   2242.926 -11.748   0.1157  0.0493   1112.596   2223.668   1112.480   2223.619   1097.843   2242.886 N000341
  1236.245   2216.735 -11.131   1229.150   2243.049 -11.134   0.0073 -0.0984   1240.731   2234.355   1240.723   2234.453   1229.142   2243.150 N000342
  2552.405   2220.820 -11.163   2558.190   2144.178 -11.166  -0.0946 -0.1796   2556.944   2238.448   2557.038   2238.628   2558.284   2144.351 N000343
  1499.217   2236.932  -9.863   1497.359   2241.883  -9.866   0.1290 -0.0680   1503.713   2254.554   1503.584   2254.622   1497.227   2241.962 N000344
  3033.919   2241.196  -9.173   3036.974   2129.389  -9.176  -0.0811  0.1573   3038.477   2258.827   3038.558   2258.670   3037.054   2129.226 N000345
  2149.856   2248.595 -10.076   2155.112   2202.449 -10.078  -0.1437  0.0950   2154.378   2266.221   2154.522   2266.126   2155.256   2202.342 N000346
     0.000      0.000   0.000      0.000      0.000   0.000   0.0000  0.0000      0.000      0.000    441.953   2269.116    403.588   2347.494 N000347
     0.000      0.000   0.000      0.000      0.000   0.000   0.0000  0.0000      0.000      0.000   3185.813   2275.633   3182.832   2135.625 N000348
  1379.198   2258.414 -10.422   1374.870   2273.436 -10.425   0.1976 -0.0859   1383.688   2276.036   1383.491   2276.122   1374.668   2273.540 N000349
  1305.806   2261.587 -12.371   1299.879   2282.716 -12.374  -0.1943  0.0873   1310.293   2279.208   1310.488   2279.121   1300.078   2282.612 N000350
  2148.721   2272.381 -10.290   2153.897   2226.471 -10.292   0.2212 -0.1193   2153.243   2290.007   2153.021   2290.127   2153.674   2226.608 N000351
     0.000      0.000   0.000      0.000      0.000   0.000   0.0000  0.0000      0.000      0.000   2596.039   2292.129   2597.208   2195.097 N000352
  1352.326   2277.179 -11.206   1347.266   2294.661 -11.209  -0.1742  0.1548   1356.815   2294.801   1356.989   2294.646   1347.445   2294.490 N000353
     0.000      0.000   0.000      0.000      0.000   0.000   0.0000  0.0000      0.000      0.000   3234.565   2295.133   3231.106   2151.621 N000354
     0.000      0.000   0.000      0.000      0.000   0.000   0.0000  0.0000      0.000      0.000   2307.986   2296.128   2309.203   2220.780 N000355
     0.000      0.000   0.000      0.000      0.000   0.000   0.0000  0.0000      0.000      0.000   2748.045   2297.130   2748.693   2188.863 N000356
   985.361   2282.693  -9.759    970.945   2331.149  -9.762  -0.1390  0.1927    989.835   2300.312    989.974   2300.120    971.090   2330.941 N000357
   389.779   2287.782 -10.496    353.232   2388.835 -10.499   0.0008 -0.0240    394.229   2305.398    394.228   2305.422    353.231   2388.859 N000358
  1739.358   2287.911  -9.437   1740.797   2274.112  -9.440  -0.1423 -0.1388   1743.862   2305.536   1744.005   2305.674   1740.940   2274.241 N000359
  1240.214   2292.804  -9.360   1232.487   2319.828  -9.363   0.2143  0.2321   1244.699   2310.425   1244.484   2310.193   1232.270   2319.610 N000360
     0.000      0.000   0.000      0.000      0.000   0.000   0.0000  0.0000      0.000      0.000   2662.570   2313.130   2663.563   2211.220 N000361
  1725.977   2300.953  -9.492   1727.166   2288.352  -9.495  -0.0229 -0.0469   1730.481   2318.578   1730.504   2318.625   1727.189   2288.398 N000362
  1251.270   2303.946  -9.959   1243.697   2330.206  -9.962  -0.1151 -0.0538   1255.754   2321.568   1255.869   2321.622   1243.814   2330.251 N000363
     0.000      0.000   0.000      0.000      0.000   0.000   0.0000  0.0000      0.000      0.000   1720.504   2321.458   1717.036   2292.059 N000364
  1986.757   2306.638 -10.483   1990.700   2273.530 -10.485   0.0069  0.1379   1991.271   2324.264   1991.265   2324.126   1990.693   2273.392 N000365
     0.000      0.000   0.000      0.000      0.000   0.000   0.0000  0.0000      0.000      0.000   3442.073   2326.135   3435.977   2167.900 N000366
     0.000      0.000   0.000      0.000      0.000   0.000   0.0000  0.0000      0.000      0.000   1401.491   2326.623   1392.598   2323.211 N000367
     0.000      0.000   0.000      0.000      0.000   0.000   0.0000  0.0000      0.000      0.000    568.957   2327.218    535.000   2395.431 N000368
     0.000      0.000   0.000      0.000      0.000   0.000   0.0000  0.0000      0.000      0.000    604.458   2327.261    571.920   2392.307 N000369
     0.000      0.000   0.000      0.000      0.000   0.000   0.0000  0.0000      0.000      0.000    929.972   2327.320    908.933   2363.772 N000370
  2253.332   2312.546 -10.957   2258.855   2258.852 -10.960  -0.1676  0.0458   2257.858   2330.174   2258.025   2330.128   2259.023   2258.793 N000371
     0.000      0.000   0.000      0.000      0.000   0.000   0.0000  0.0000      0.000      0.000   2709.543   2332.131   2710.386   2226.794 N000372
     0.000      0.000   0.000      0.000      0.000   0.000   0.0000  0.0000      0.000      0.000   1674.547   2333.534   1670.361   2307.948 N000373
  1187.823   2324.686 -10.268   1178.495   2356.589 -10.271  -0.2128  0.1859   1192.305   2342.308   1192.518   2342.122   1178.715   2356.382 N000374
     0.000      0.000   0.000      0.000      0.000   0.000   0.0000  0.0000      0.000      0.000   2433.461   2343.558   2434.767   2258.928 N000375
     0.000      0.000   0.000      0.000      0.000   0.000   0.0000  0.0000      0.000      0.000   2109.519   2345.127   2109.731   2285.359 N000376
  1675.798   2333.925  -9.509   1676.074   2325.703  -9.512  -0.1018 -0.0751   1680.300   2351.550   1680.402   2351.625   1676.177   2325.771 N000377
  2144.119   2336.124 -11.498   2149.062   2291.013 -11.501   0.1194  0.1236   2148.640   2353.751   2148.521   2353.628   2148.943   2290.898 N000378
     0.000      0.000   0.000      0.000      0.000   0.000   0.0000  0.0000      0.000      0.000    564.456   2361.087    529.812   2430.415 N000379
  1097.420   2347.307  -9.811   1085.464   2387.245  -9.814  -0.1095 -0.1933   1101.898   2364.928   1102.007   2365.122   1085.574   2387.432 N000380
     0.000      0.000   0.000      0.000      0.000   0.000   0.0000  0.0000      0.000      0.000   1466.201   2367.082   1458.244   2358.875 N000381
  1657.274   2364.575 -10.949   1657.062   2358.208 -10.951  -0.1708  0.0746   1661.774   2382.200   1661.945   2382.125   1657.236   2358.118 N000382
  2445.065   2366.740  -9.142   2450.861   2298.739  -9.145   0.0653 -0.0722   2449.598   2384.371   2449.532   2384.443   2450.795   2298.817 N000383
  2506.524   2367.065 -10.214   2512.324   2294.412 -10.217   0.0238  0.0654   2511.059   2384.696   2511.035   2384.631   2512.301   2294.348 N000384
  2015.939   2372.602 -11.741   2019.840   2337.783 -11.744  -0.0613  0.1018   2020.454   2390.229   2020.515   2390.128   2019.902   2337.676 N000385
  1267.576   2373.805  -9.653   1259.697   2399.750  -9.656   0.1260 -0.1451   1272.061   2391.428   1271.935   2391.573   1259.567   2399.908 N000386
     0.000      0.000   0.000      0.000      0.000   0.000   0.0000  0.0000      0.000      0.000   2685.042   2391.632   2686.015   2288.325 N000387
     0.000      0.000   0.000      0.000      0.000   0.000   0.0000  0.0000      0.000      0.000    351.447   2404.618    306.887   2494.237 N000388
     0.000      0.000   0.000      0.000      0.000   0.000   0.0000  0.0000      0.000      0.000   2076.830   2404.628   2076.595   2347.896 N000389
  1688.191   2392.519 -10.395   1688.235   2383.993 -10.398   0.1910  0.0187   1692.692   2410.145   1692.501   2410.126   1688.042   2383.990 N000390
     0.000      0.000   0.000      0.000      0.000   0.000   0.0000  0.0000      0.000      0.000   1184.510   2411.064   1169.772   2427.112 N000391
     0.000      0.000   0.000      0.000      0.000   0.000   0.0000  0.0000      0.000      0.000    675.960   2412.120    644.951   2472.560 N000392
   386.767   2407.863 -10.620    348.120   2511.968 -10.623  -0.1701 -0.1366    391.216   2425.482    391.386   2425.618    348.295   2512.093 N000393
  1635.507   2418.481 -10.331   1634.551   2414.571 -10.334   0.0069 -0.0188   1640.006   2436.107   1639.999   2436.126   1634.544   2414.591 N000394
     0.000      0.000   0.000      0.000      0.000   0.000   0.0000  0.0000      0.000      0.000   2767.044   2444.133   2767.773   2334.935 N000395
  1724.462   2429.606 -11.327   1724.774   2418.611 -11.330  -0.0383  0.1059   1728.964   2447.233   1729.002   2447.127   1724.814   2418.501 N000396
  1602.277   2433.171 -10.232   1600.664   2432.179 -10.235  -0.1603  0.1705   1606.775   2450.797   1606.935   2450.626   1600.828   2431.993 N000397
  1672.224   2434.322 -11.060   1671.726   2427.630 -11.063   0.1943 -0.1776   1676.724   2451.949   1676.530   2452.127   1671.527   2427.826 N000398
     0.000      0.000   0.000      0.000      0.000   0.000   0.0000  0.0000      0.000      0.000   1316.486   2452.625   1304.543   2458.185 N000399
  2476.510   2440.801  -9.771   2482.231   2370.875  -9.774  -0.3992  0.3915   2481.043   2458.433   2481.442   2458.041   2482.631   2370.450 N000400
     0.000      0.000   0.000      0.000      0.000   0.000   0.0000  0.0000      0.000      0.000   1982.513   2461.129   1981.228   2412.372 N000401
  2961.075   2447.506 -12.566   2965.325   2341.269 -12.569   0.0747  0.0058   2965.627   2465.141   2965.552   2465.135   2965.251   2341.269 N000402
     0.000      0.000   0.000      0.000      0.000   0.000   0.0000  0.0000      0.000      0.000   3887.089   2470.197   3874.310   2280.677 N000403
     0.000      0.000   0.000      0.000      0.000   0.000   0.0000  0.0000      0.000      0.000   2511.034   2473.105   2512.215   2383.363 N000404
     0.000      0.000   0.000      0.000      0.000   0.000   0.0000  0.0000      0.000      0.000    466.951   2475.120    426.395   2555.895 N000405
     0.000      0.000   0.000      0.000      0.000   0.000   0.0000  0.0000      0.000      0.000   1643.499   2476.786   1637.782   2455.524 N000406
  1393.013   2475.156  -9.881   1386.974   2492.185  -9.884   0.0131  0.1557   1397.502   2492.781   1397.488   2492.626   1386.962   2492.028 N000407
     0.000      0.000   0.000      0.000      0.000   0.000   0.0000  0.0000      0.000      0.000   2280.724   2495.231   2281.342   2423.394 N000408
  1824.597   2490.559  -9.898   1825.841   2472.256  -9.901   0.0966  0.0587   1829.102   2508.188   1829.006   2508.129   1825.743   2472.204 N000409
     0.000      0.000   0.000      0.000      0.000   0.000   0.0000  0.0000      0.000      0.000   2502.833   2508.033   2503.965   2419.174 N000410
     0.000      0.000   0.000      0.000      0.000   0.000   0.0000  0.0000      0.000      0.000   2383.000   2509.632   2383.927   2429.995 N000411
  1743.807   2492.315 -11.129   1743.944   2480.585 -11.131  -0.1929 -0.1852   1748.310   2509.943   1748.502   2510.128   1744.138   2480.757 N000412
     0.000      0.000   0.000      0.000      0.000   0.000   0.0000  0.0000      0.000      0.000    709.460   2513.622    678.219   2573.316 N000413
  2264.140   2497.504  -9.137   2269.163   2444.423  -9.140   0.1404  0.0041   2268.664   2515.136   2268.523   2515.132   2269.022   2444.430 N000414
  2120.920   2501.043  -9.211   2125.070   2459.233  -9.213  -0.0413  0.0818   2125.438   2518.674   2125.479   2518.592   2125.112   2459.147 N000415
  3015.539   2502.645  -9.989   3019.532   2392.594  -9.992   0.0385  0.1448   3020.092   2520.281   3020.054   2520.136   3019.494   2392.452 N000416
  1317.278   2505.201 -10.506   1309.216   2529.141 -10.508  -0.1632  0.2010   1321.763   2522.827   1321.926   2522.626   1309.385   2528.922 N000417
     0.000      0.000   0.000      0.000      0.000   0.000   0.0000  0.0000      0.000      0.000   4087.097   2531.643   4070.681   2328.300 N000418
     0.000      0.000   0.000      0.000      0.000   0.000   0.0000  0.0000      0.000      0.000   2293.615   2531.723   2294.173   2459.224 N000419
     0.000      0.000   0.000      0.000      0.000   0.000   0.0000  0.0000      0.000      0.000   2660.539   2534.134   2661.588   2433.463 N000420
  1998.657   2516.784 -10.457   2001.703   2484.844 -10.460   0.1575 -0.2498   2003.170   2534.414   2003.012   2534.664   2001.543   2485.110 N000421
     0.000      0.000   0.000      0.000      0.000   0.000   0.0000  0.0000      0.000      0.000   2272.023   2545.132   2272.438   2474.451 N000422
     0.000      0.000   0.000      0.000      0.000   0.000   0.0000  0.0000      0.000      0.000   2225.021   2545.632   2225.188   2478.639 N000423
     0.000      0.000   0.000      0.000      0.000   0.000   0.0000  0.0000      0.000      0.000   2185.464   2546.576   2185.385   2482.704 N000424
  2573.184   2533.870  -8.738   2578.825   2457.265  -8.741   0.0175 -0.1299   2577.720   2551.504   2577.702   2551.634   2578.807   2457.397 N000425
  2793.460   2533.773 -11.028   2798.699   2440.460 -11.031  -0.0400 -0.2267   2798.004   2551.409   2798.044   2551.636   2798.739   2440.685 N000426
     0.000      0.000   0.000      0.000      0.000   0.000   0.0000  0.0000      0.000      0.000   3093.056   2555.138   3092.028   2422.209 N000427
   473.223   2547.902  -9.534    436.056   2647.619  -9.537   0.1850 -0.0983    477.674   2565.523    477.489   2565.622    435.861   2647.737 N000428
     0.000      0.000   0.000      0.000      0.000   0.000   0.0000  0.0000      0.000      0.000    796.963   2585.724    767.906   2639.227 N000429
  1399.646   2568.778 -11.643   1392.808   2586.882 -11.646   0.1457 -0.2217   1404.133   2586.406   1403.988   2586.628   1392.657   2587.120 N000430
   802.164   2569.547  -9.799    777.900   2639.840  -9.802   0.1638  0.0474    806.627   2587.171    806.463   2587.124    777.731   2639.806 N000431
  1486.237   2571.607  -9.821   1481.211   2582.451  -9.823  -0.2128  0.1071   1490.728   2589.235   1490.941   2589.128   1481.429   2582.324 N000432
  2637.165   2573.949 -12.972   2642.744   2492.784 -12.974   0.1653 -0.0510   2641.703   2591.584   2641.538   2591.635   2642.579   2492.848 N000433
  1166.352   2576.533 -10.167   1153.607   2614.798 -10.170  -0.1221  0.0328   1170.830   2594.159   1170.952   2594.126   1153.733   2614.754 N000434
  2097.199   2582.958 -10.562   2100.777   2543.982 -10.564   0.1987 -0.0424   2101.714   2600.590   2101.516   2600.632   2100.576   2544.041 N000435
  2321.036   2583.487  -9.308   2326.036   2526.840  -9.311   0.0356 -0.0126   2325.560   2601.121   2325.525   2601.134   2326.000   2526.856 N000436
   944.276   2589.322 -10.737    924.637   2647.376 -10.740  -0.2238 -0.1777    948.745   2606.948    948.969   2607.125    924.866   2647.538 N000437
  1718.729   2590.832 -11.020   1717.726   2582.631 -11.023   0.1241 -0.1677   1723.229   2608.462   1723.105   2608.630   1717.599   2582.812 N000438
  2504.528   2596.073  -9.380   2510.032   2525.297  -9.383   0.0284  0.0732   2509.060   2613.708   2509.032   2613.635   2510.004   2525.225 N000439
     0.000      0.000   0.000      0.000      0.000   0.000   0.0000  0.0000      0.000      0.000   1268.482   2615.627   1253.604   2628.253 N000440
     0.000      0.000   0.000      0.000      0.000   0.000   0.0000  0.0000      0.000      0.000   2164.118   2617.033   2163.588   2555.667 N000441
  1702.057   2606.173 -10.449   1700.659   2599.599 -10.452   0.0573  0.1729   1706.557   2623.803   1706.499   2623.630   1700.602   2599.428 N000442
  1108.389   2608.315 -10.199   1093.596   2652.309 -10.202  -0.1113 -0.1320   1112.864   2625.942   1112.975   2626.074   1093.709   2652.434 N000443
     0.000      0.000   0.000      0.000      0.000   0.000   0.0000  0.0000      0.000      0.000   2858.990   2637.638   2859.513   2522.672 N000444
     0.000      0.000   0.000      0.000      0.000   0.000   0.0000  0.0000      0.000      0.000    676.657   2639.124    642.179   2704.862 N000445
     0.000      0.000   0.000      0.000      0.000   0.000   0.0000  0.0000      0.000      0.000   2576.134   2639.036   2577.135   2545.695 N000446
  1419.984   2627.611 -12.296   1412.980   2645.095 -12.298  -0.0157  0.1113   1424.472   2645.240   1424.488   2645.129   1412.997   2644.980 N000447
  2569.457   2628.699  -9.243   2574.980   2553.232  -9.246  -0.0429  0.1993   2573.991   2646.335   2574.034   2646.136   2575.023   2553.027 N000448
   273.874   2638.515 -10.113    225.634   2759.457 -10.116  -0.1260  0.0152    278.315   2656.137    278.441   2656.122    225.767   2759.430 N000449
  1262.825   2645.516 -11.711   1251.843   2676.848 -11.713  -0.1752  0.0157   1267.306   2663.144   1267.481   2663.128   1252.023   2676.817 N000450
    92.150   2649.628 -10.040     34.108   2788.346 -10.043   0.1504  0.1279     96.584   2667.249     96.434   2667.121     33.952   2788.229 N000451
     0.000      0.000   0.000      0.000      0.000   0.000   0.0000  0.0000      0.000      0.000   3533.073   2675.809   3527.699   2511.271 N000452
  2958.274   2660.813 -10.165   2962.919   2555.951 -10.168  -0.1979 -0.1592   2962.824   2678.452   2963.022   2678.611   2963.116   2556.096 N000453
     0.000      0.000   0.000      0.000      0.000   0.000   0.0000  0.0000      0.000      0.000   3754.048   2678.211   3745.310   2497.942 N000454
  2453.628   2663.149 -11.275   2458.880   2597.041 -11.278  -0.3506  0.1486   2458.157   2680.785   2458.507   2680.636   2459.232   2596.864 N000455
     0.000      0.000   0.000      0.000      0.000   0.000   0.0000  0.0000      0.000      0.000   2244.120   2681.635   2243.859   2614.744 N000456
     0.000      0.000   0.000      0.000      0.000   0.000   0.0000  0.0000      0.000      0.000   1363.985   2682.129   1350.704   2687.889 N000457
     0.000      0.000   0.000      0.000      0.000   0.000   0.0000  0.0000      0.000      0.000   2763.541   2687.638   2764.367   2580.352 N000458
     0.000      0.000   0.000      0.000      0.000   0.000   0.0000  0.0000      0.000      0.000   3620.982   2687.237   3614.413   2516.441 N000459
     0.000      0.000   0.000      0.000      0.000   0.000   0.0000  0.0000      0.000      0.000   1423.320   2702.047   1411.197   2703.127 N000460
  2685.572   2684.490 -13.430   2691.033   2600.624 -13.433   0.0722 -0.0097   2690.110   2702.128   2690.038   2702.138   2690.961   2600.639 N000461
     0.000      0.000   0.000      0.000      0.000   0.000   0.0000  0.0000      0.000      0.000   3186.058   2704.041   3184.679   2565.011 N000462
     0.000      0.000   0.000      0.000      0.000   0.000   0.0000  0.0000      0.000      0.000   2943.048   2705.539   2943.272   2584.743 N000463
  1580.292   2693.616 -10.456   1575.950   2698.791 -10.458  -0.1751  0.1161   1584.785   2711.247   1584.960   2711.131   1576.130   2698.658 N000464
     0.000      0.000   0.000      0.000      0.000   0.000   0.0000  0.0000      0.000      0.000   1949.508   2717.634   1946.335   2675.004 N000465
     0.000      0.000   0.000      0.000      0.000   0.000   0.0000  0.0000      0.000      0.000   3013.551   2733.641   3013.454   2607.746 N000466
   302.559   2717.712  -9.611    254.180   2838.377  -9.614   0.0590  0.2124    307.000   2735.336    306.941   2735.124    254.122   2838.163 N000467
  2035.972   2723.317 -11.305   2038.186   2691.285 -11.308  -0.0285 -0.1827   2040.483   2740.952   2040.511   2741.135   2038.214   2691.469 N000468
     0.000      0.000   0.000      0.000      0.000   0.000   0.0000  0.0000      0.000      0.000   2765.728   2747.577   2766.530   2640.705 N000469
   483.759   2730.688 -10.680    443.790   2834.576 -10.682   0.1053  0.1876    488.208   2748.313    488.102   2748.125    443.683   2834.392 N000470
  1773.013   2734.208  -9.793   1771.682   2724.006  -9.796   0.0130  0.1200   1777.514   2751.841   1777.501   2751.721   1771.670   2723.885 N000471
     0.000      0.000   0.000      0.000      0.000   0.000   0.0000  0.0000      0.000      0.000    943.367   2768.578    916.725   2813.434 N000472
     0.000      0.000   0.000      0.000      0.000   0.000   0.0000  0.0000      0.000      0.000   1737.999   2769.133   1731.379   2744.924 N000473
     0.000      0.000   0.000      0.000      0.000   0.000   0.0000  0.0000      0.000      0.000   1627.494   2769.633   1618.904   2754.722 N000474
  2483.838   2764.642  -9.382   2488.921   2697.422  -9.385  -0.1621  0.1416   2488.367   2782.280   2488.529   2782.138   2489.084   2697.266 N000475
     0.000      0.000   0.000      0.000      0.000   0.000   0.0000  0.0000      0.000      0.000   2043.011   2786.636   2040.455   2737.522 N000476
   807.442   2769.255  -9.074    780.263   2844.183  -9.077  -0.0578  0.0403    811.903   2786.883    811.961   2786.842    780.324   2844.136 N000477
     0.000      0.000   0.000      0.000      0.000   0.000   0.0000  0.0000      0.000      0.000   1167.833   2793.987   1147.956   2819.403 N000478
  3340.761   2779.736 -11.258   3342.746   2647.178 -11.260  -0.0288  0.0781   3345.324   2797.380   3345.353   2797.302   3342.774   2647.097 N000479
     0.000      0.000   0.000      0.000      0.000   0.000   0.0000  0.0000      0.000      0.000   2470.278   2802.138   2470.717   2718.973 N000480
     0.000      0.000   0.000      0.000      0.000   0.000   0.0000  0.0000      0.000      0.000   2236.018   2810.137   2235.115   2745.768 N000481
  1085.705   2793.164  -9.269   1067.713   2843.549  -9.271   0.1276  0.1644   1090.177   2810.794   1090.049   2810.630   1067.584   2843.392 N000482
     0.000      0.000   0.000      0.000      0.000   0.000   0.0000  0.0000      0.000      0.000   2766.040   2810.640   2766.804   2704.431 N000483
     0.000      0.000   0.000      0.000      0.000   0.000   0.0000  0.0000      0.000      0.000   2005.509   2813.636   2002.352   2768.066 N000484
     0.000      0.000   0.000      0.000      0.000   0.000   0.0000  0.0000      0.000      0.000   1783.500   2814.634   1777.232   2787.502 N000485
  1917.352   2801.190 -10.319   1917.601   2780.252 -10.322  -0.1485  0.1901   1921.857   2818.825   1922.006   2818.635   1917.753   2780.047 N000486
  3779.202   2803.173 -12.411   3775.519   2638.974 -12.414   0.2023  0.1733   3783.783   2820.820   3783.581   2820.647   3775.319   2638.814 N000487
  2456.225   2803.559  -8.368   2461.099   2739.051  -8.371  -0.0750  0.0587   2460.752   2821.198   2460.827   2821.139   2461.174   2738.985 N000488
  2687.727   2812.824  -9.992   2693.048   2730.232  -9.995   0.2272 -0.1758   2692.264   2830.465   2692.037   2830.640   2692.821   2730.428 N000489
     0.000      0.000   0.000      0.000      0.000   0.000   0.0000  0.0000      0.000      0.000   2582.095   2834.640   2582.754   2743.090 N000490
     0.000      0.000   0.000      0.000      0.000   0.000   0.0000  0.0000      0.000      0.000   2316.557   2846.710   2316.059   2776.444 N000491
  1950.178   2833.233  -9.391   1950.626   2810.181  -9.394   0.1359 -0.1833   1954.684   2850.870   1954.548   2851.053   1950.487   2810.379 N000492
  2102.221   2841.147 -10.379   2104.400   2805.725 -10.381   0.0543  0.1469   2106.734   2858.784   2106.679   2858.637   2104.346   2805.580 N000493
  2464.564   2842.675  -9.920   2469.351   2778.069  -9.923   0.0635  0.1754   2469.091   2860.315   2469.027   2860.140   2469.288   2777.896 N000494
     0.000      0.000   0.000      0.000      0.000   0.000   0.0000  0.0000      0.000      0.000   1093.472   2862.040   1070.378   2895.841 N000495
   742.178   2848.697  -8.978    711.128   2931.946  -8.981   0.1781 -0.0169    746.636   2866.326    746.458   2866.343    710.942   2931.980 N000496
  2503.946   2851.213 -13.101   2508.852   2783.601 -13.104  -0.0542  0.1479   2508.475   2868.853   2508.529   2868.705   2508.907   2783.446 N000497
     0.000      0.000   0.000      0.000      0.000   0.000   0.0000  0.0000      0.000      0.000    760.458   2882.629    725.209   2947.456 N000498
  1253.166   2872.220  -9.293   1239.064   2909.716  -9.296   0.1656  0.2204   1257.644   2889.853   1257.478   2889.633   1238.897   2909.505 N000499
  1217.221   2878.781 -11.282   1202.008   2919.645 -11.285   0.1960 -0.2190   1221.697   2896.414   1221.501   2896.633   1201.803   2919.887 N000500
     0.000      0.000   0.000      0.000      0.000   0.000   0.0000  0.0000      0.000      0.000   1959.006   2901.637   1954.616   2861.577 N000501
  1918.791   2889.720 -11.509   1918.369   2870.390 -11.512  -0.2087  0.2201   1923.296   2907.357   1923.505   2907.137   1918.583   2870.148 N000502
     0.000      0.000   0.000      0.000      0.000   0.000   0.0000  0.0000      0.000      0.000   1769.998   2911.136   1762.642   2887.130 N000503
   519.853   2893.842 -11.103    478.421   2999.470 -11.105  -0.1473 -0.1578    524.301   2911.471    524.448   2911.628    478.572   2999.618 N000504
  1543.377   2897.533  -9.175   1536.180   2910.233  -9.178  -0.0780  0.0333   1547.866   2915.168   1547.944   2915.135   1536.260   2910.192 N000505
     0.000      0.000   0.000      0.000      0.000   0.000   0.0000  0.0000      0.000      0.000   2491.972   2925.085   2492.118   2842.001 N000506
  1044.356   2910.904 -10.554   1023.297   2968.210 -10.557  -0.1439 -0.0959   1048.825   2928.536   1048.969   2928.632   1023.444   2968.295 N000507
     0.000      0.000   0.000      0.000      0.000   0.000   0.0000  0.0000      0.000      0.000   1146.973   2930.133   1124.573   2960.968 N000508
     0.000      0.000   0.000      0.000      0.000   0.000   0.0000  0.0000      0.000      0.000   2047.509   2942.139   2043.957   2895.532 N000509
     0.000      0.000   0.000      0.000      0.000   0.000   0.0000  0.0000      0.000      0.000   2543.183   2944.603   2543.468   2857.733 N000510
  2792.190   2931.215 -10.356   2797.358   2842.010 -10.359   0.1898  0.0044   2796.729   2948.858   2796.539   2948.854   2797.168   2842.020 N000511
   719.749   2933.899 -10.341    686.264   3021.898 -10.344   0.1739 -0.1012    724.204   2951.529    724.031   2951.631    686.081   3022.019 N000512
     0.000      0.000   0.000      0.000      0.000   0.000   0.0000  0.0000      0.000      0.000   1645.493   2958.136   1635.371   2945.804 N000513
  1407.323   2948.137 -10.347   1396.356   2973.953 -10.350  -0.1766  0.1369   1411.807   2965.772   1411.983   2965.635   1396.539   2973.797 N000514
     0.000      0.000   0.000      0.000      0.000   0.000   0.0000  0.0000      0.000      0.000   1831.833   2965.888   1825.010   2937.851 N000515
     0.000      0.000   0.000      0.000      0.000   0.000   0.0000  0.0000      0.000      0.000   2158.013   2966.140   2155.551   2910.875 N000516
  2315.722   2949.814 -11.254   2319.219   2898.937 -11.257   0.1746 -0.1861   2320.242   2967.455   2320.068   2967.641   2319.042   2899.141 N000517
  1658.294   2954.741  -9.959   1652.863   2958.897  -9.961  -0.2056  0.2136   1662.788   2972.378   1662.993   2972.165   1653.075   2958.661 N000518
  2884.633   2958.028 -10.794   2889.674   2861.974 -10.797   0.1334  0.0277   2889.176   2975.672   2889.043   2975.644   2889.541   2861.956 N000519
  1728.560   2988.565  -9.260   1724.131   2987.499  -9.262   0.0596  0.0653   1733.055   3006.203   1732.996   3006.138   1724.071   2987.437 N000520
  3795.576   2992.086  -8.706   3792.815   2828.039  -8.709   0.0757  0.0856   3800.155   3009.736   3800.079   3009.651   3792.740   2827.958 N000521
     0.000      0.000   0.000      0.000      0.000   0.000   0.0000  0.0000      0.000      0.000   2434.024   3047.455   2433.423   2971.137 N000522
  1490.624   3031.026 -10.210   1480.679   3051.684 -10.213   0.1237 -0.0017   1495.109   3048.663   1494.986   3048.665   1480.552   3051.697 N000523
   770.998   3032.524 -12.332    737.796   3118.945 -12.335  -0.0022  0.0235    775.454   3050.156    775.456   3050.133    737.799   3118.921 N000524
   607.089   3036.047 -10.475    566.819   3138.198 -10.478   0.0888  0.0467    611.539   3053.678    611.450   3053.632    566.727   3138.158 N000525
  3828.486   3039.851 -11.804   3825.520   2873.872 -11.807  -0.0141 -0.1487   3833.066   3057.503   3833.080   3057.652   3825.535   2874.021 N000526
  2170.565   3050.421 -11.638   2172.144   3013.458 -11.641   0.0650 -0.0788   2175.078   3068.063   2175.013   3068.142   2172.077   3013.544 N000527
  3529.353   3055.759 -10.672   3530.353   2911.858 -10.675  -0.1468  0.1642   3533.921   3073.410   3534.068   3073.246   3530.498   2911.681 N000528
     0.000      0.000   0.000      0.000      0.000   0.000   0.0000  0.0000      0.000      0.000   3444.064   3090.150   3441.485   2935.502 N000529
   248.760   3078.263  -9.320    189.717   3217.152  -9.323   0.0104  0.1560    253.195   3095.894    253.185   3095.738    189.710   3216.990 N000530
     0.000      0.000   0.000      0.000      0.000   0.000   0.0000  0.0000      0.000      0.000   1863.000   3101.607   1855.456   3074.098 N000531
     0.000      0.000   0.000      0.000      0.000   0.000   0.0000  0.0000      0.000      0.000   3337.859   3110.050   3336.269   2963.652 N000532
  1746.086   3109.887 -10.670   1740.745   3110.347 -10.673   0.0864 -0.1134   1750.581   3127.527   1750.495   3127.640   1740.656   3110.471 N000533
  1922.522   3114.423 -11.234   1920.256   3099.841 -11.237   0.0500 -0.0775   1927.024   3132.064   1926.974   3132.141   1920.205   3099.925 N000534
  1963.774   3115.252 -10.650   1962.143   3097.174 -10.652  -0.2256 -0.2189   1968.278   3132.894   1968.504   3133.112   1962.370   3097.379 N000535
  1848.752   3116.389  -9.716   1845.232   3108.170  -9.719   0.1465 -0.1110   1853.251   3134.030   1853.104   3134.141   1845.082   3108.296 N000536
  1543.869   3119.899  -9.341   1534.107   3138.301  -9.344  -0.1309 -0.1009   1548.356   3137.538   1548.487   3137.639   1534.240   3138.393 N000537
     0.000      0.000   0.000      0.000      0.000   0.000   0.0000  0.0000      0.000      0.000   2347.019   3138.690   2345.361   3071.313 N000538
     0.000      0.000   0.000      0.000      0.000   0.000   0.0000  0.0000      0.000      0.000   2465.274   3150.145   2464.447   3073.266 N000539
  1853.936   3142.986 -11.564   1850.252   3135.007 -11.567  -0.0643 -0.0136   1858.435   3160.628   1858.499   3160.642   1850.317   3135.015 N000540
     0.000      0.000   0.000      0.000      0.000   0.000   0.0000  0.0000      0.000      0.000   2270.694   3166.644   2268.164   3106.223 N000541
   443.475   3167.975 -11.026    392.612   3291.078 -11.028  -0.0245 -0.0249    447.917   3185.608    447.942   3185.633    392.637   3291.102 N000542
   918.530   3179.075 -10.965    888.489   3256.626 -10.968   0.0297  0.0750    922.990   3196.711    922.961   3196.636    888.460   3256.552 N000543
  2339.124   3205.988 -10.594   2341.483   3158.413 -10.597   0.1236 -0.0118   2343.641   3223.634   2343.518   3223.646   2341.358   3158.436 N000544
  2133.636   3213.230  -9.586   2133.630   3183.135  -9.589   0.1362 -0.0204   2138.146   3230.874   2138.009   3230.895   2133.492   3183.168 N000545
   538.950   3246.231 -11.106    491.074   3363.050 -11.109  -0.0501  0.2083    543.394   3263.866    543.444   3263.658    491.131   3362.828 N000546
   875.324   3253.107 -10.134    842.211   3337.469 -10.136  -0.1479  0.1065    879.782   3270.744    879.930   3270.638    842.367   3337.344 N000547
     0.000      0.000   0.000      0.000      0.000   0.000   0.0000  0.0000      0.000      0.000   1871.498   3287.644   1862.287   3264.353 N000548
   784.913   3276.241 -10.351    747.604   3370.186 -10.354  -0.0871  0.2414    789.367   3293.879    789.454   3293.638    747.700   3369.927 N000549
     0.000      0.000   0.000      0.000      0.000   0.000   0.0000  0.0000      0.000      0.000   2257.013   3363.148   2253.013   3308.702 N000550
     0.000      0.000   0.000      0.000      0.000   0.000   0.0000  0.0000      0.000      0.000   2511.475   3364.459   2509.938   3288.580 N000551
  2419.451   3354.616  -8.644   2421.673   3303.909  -8.646  -0.0494  0.1165   2423.970   3372.266   2424.019   3372.149   2421.723   3303.786 N000552
  1373.489   3356.552 -10.559   1355.939   3397.813 -10.562  -0.0105  0.0521   1377.966   3374.195   1377.977   3374.143   1355.951   3397.758 N000553
     0.000      0.000   0.000      0.000      0.000   0.000   0.0000  0.0000      0.000      0.000   2451.075   3427.650   2448.692   3358.453 N000554
     0.000      0.000   0.000      0.000      0.000   0.000   0.0000  0.0000      0.000      0.000   1471.980   3428.144   1451.832   3445.024 N000555
  2330.130   3426.560 -11.388   2330.973   3385.350 -11.391   0.1301  0.0605   2334.645   3444.210   2334.515   3444.150   2330.842   3385.298 N000556
     0.000      0.000   0.000      0.000      0.000   0.000   0.0000  0.0000      0.000      0.000   2854.536   3457.653   2854.295   3355.763 N000557
  2333.643   3448.587  -8.763   2334.370   3407.695  -8.766   0.2855  0.0874   2338.157   3466.238   2337.872   3466.150   2334.082   3407.630 N000558
     0.000      0.000   0.000      0.000      0.000   0.000   0.0000  0.0000      0.000      0.000   3232.050   3488.656   3231.577   3357.187 N000559
  1980.619   3481.457  -9.514   1975.829   3472.240  -9.517   0.1186 -0.0434   1985.118   3499.105   1985.000   3499.149   1975.708   3472.295 N000560
     0.000      0.000   0.000      0.000      0.000   0.000   0.0000  0.0000      0.000      0.000    611.944   3505.640    557.421   3608.497 N000561
  1739.088   3488.951  -9.617   1729.237   3501.537  -9.620   0.0878 -0.0487   1743.578   3506.599   1743.490   3506.648   1729.147   3501.595 N000562
  1844.443   3501.588 -10.141   1836.757   3505.140 -10.144  -0.0568  0.0884   1848.937   3519.237   1848.994   3519.148   1836.816   3505.044 N000563
  1836.742   3514.274  -9.123   1828.744   3518.947  -9.126  -0.0078 -0.1945   1841.236   3531.923   1841.244   3532.117   1828.750   3519.147 N000564
     0.000      0.000   0.000      0.000      0.000   0.000   0.0000  0.0000      0.000      0.000   1024.460   3541.044    987.369   3604.618 N000565
     0.000      0.000   0.000      0.000      0.000   0.000   0.0000  0.0000      0.000      0.000   3331.054   3564.158   3330.235   3426.603 N000566
  2186.204   3552.052  -8.968   2184.158   3527.018  -8.971   0.2036  0.1141   2190.711   3569.703   2190.507   3569.589   2183.952   3526.918 N000567
     0.000      0.000   0.000      0.000      0.000   0.000   0.0000  0.0000      0.000      0.000   2145.505   3574.651   2138.214   3536.084 N000568
     0.000      0.000   0.000      0.000      0.000   0.000   0.0000  0.0000      0.000      0.000   1604.583   3611.349   1585.380   3622.787 N000569
     0.000      0.000   0.000      0.000      0.000   0.000   0.0000  0.0000      0.000      0.000    840.389   3661.645    792.996   3748.810 N000570
     0.000      0.000   0.000      0.000      0.000   0.000   0.0000  0.0000      0.000      0.000    848.952   3661.645    801.940   3747.952 N000571
     0.000      0.000   0.000      0.000      0.000   0.000   0.0000  0.0000      0.000      0.000   2586.460   3674.531   2583.800   3600.978 N000572
     0.000      0.000   0.000      0.000      0.000   0.000   0.0000  0.0000      0.000      0.000   4048.525   3684.387   4041.955   3494.388 N000573
  2865.679   3674.185  -9.200   2869.287   3594.942  -9.203   0.1791  0.1849   2870.212   3691.843   2870.033   3691.658   2869.108   3594.767 N000574
     0.000      0.000   0.000      0.000      0.000   0.000   0.0000  0.0000      0.000      0.000    812.586   3704.782    762.935   3796.829 N000575
     0.000      0.000   0.000      0.000      0.000   0.000   0.0000  0.0000      0.000      0.000   3550.717   3706.663   3548.974   3555.292 N000576
  1981.072   3694.722 -10.471   1973.982   3692.800 -10.474   0.0724  0.1500   1985.570   3712.375   1985.497   3712.225   1973.910   3692.651 N000577
  1457.619   3696.017 -10.127   1437.195   3742.541 -10.130   0.1194  0.0167   1462.095   3713.667   1461.976   3713.650   1437.072   3742.535 N000578
  2608.420   3703.836  -8.700   2610.238   3647.165  -8.703  -0.0801 -0.1644   2612.942   3721.493   2613.023   3721.657   2610.318   3647.328 N000579
     0.000      0.000   0.000      0.000      0.000   0.000   0.0000  0.0000      0.000      0.000   3494.058   3737.863   3492.687   3591.739 N000580
     0.000      0.000   0.000      0.000      0.000   0.000   0.0000  0.0000      0.000      0.000    762.725   3739.590    709.906   3838.436 N000581
  3857.787   3732.586 -10.392   3858.284   3575.814 -10.395  -0.1870  0.0861   3862.359   3750.251   3862.546   3750.165   3858.469   3575.712 N000582
  1977.709   3747.480  -9.904   1969.937   3747.844  -9.907   0.2092 -0.0197   1982.206   3765.134   1981.996   3765.154   1969.723   3747.883 N000583
     0.000      0.000   0.000      0.000      0.000   0.000   0.0000  0.0000      0.000      0.000   1949.495   3797.154   1936.155   3784.081 N000584
     0.000      0.000   0.000      0.000      0.000   0.000   0.0000  0.0000      0.000      0.000   1517.477   3816.152   1492.586   3844.168 N000585
  1629.740   3801.656  -9.438   1612.725   3836.393  -9.441   0.1220  0.1557   1634.221   3819.309   1634.099   3819.153   1612.603   3836.242 N000586
  2627.148   3825.380  -9.204   2628.377   3771.167  -9.207   0.1484 -0.1200   2631.670   3843.040   2631.522   3843.160   2628.227   3771.304 N000587
     0.000      0.000   0.000      0.000      0.000   0.000   0.0000  0.0000      0.000      0.000    921.852   3859.149    873.565   3947.882 N000588
  2034.894   3867.785 -10.456   2026.868   3867.690 -10.459  -0.1064  0.2498   2039.391   3885.442   2039.497   3885.192   2026.980   3867.420 N000589
  3376.374   3871.496 -10.279   3380.067   3756.314 -10.282  -0.1258 -0.0044   3380.926   3889.161   3381.052   3889.165   3380.192   3756.308 N000590
     0.000      0.000   0.000      0.000      0.000   0.000   0.0000  0.0000      0.000      0.000   3850.671   3889.968   3847.282   3720.002 N000591
  1310.844   3904.948 -11.553   1281.707   3975.114 -11.556  -0.1564 -0.0521   1315.311   3922.601   1315.468   3922.653   1281.868   3975.154 N000592
     0.000      0.000   0.000      0.000      0.000   0.000   0.0000  0.0000      0.000      0.000    965.926   3926.151    918.036   4013.904 N000593
  1786.498   3908.748 -10.900   1772.120   3933.381 -10.903   0.0258  0.0816   1790.985   3926.404   1790.959   3926.322   1772.095   3933.298 N000594
  1002.735   3915.075  -9.859    960.972   4016.622  -9.862   0.1820  0.0754   1007.190   3932.727   1007.008   3932.651    960.784   4016.561 N000595
     0.000      0.000   0.000      0.000      0.000   0.000   0.0000  0.0000      0.000      0.000   3270.046   3937.165   3269.281   3814.820 N000596
  1338.239   3948.561 -12.546   1309.240   4018.177 -12.548   0.0651  0.0607   1342.707   3966.215   1342.642   3966.154   1309.174   4018.120 N000597
  1290.561   3957.126 -11.296   1259.627   4031.893 -11.299   0.0605  0.1260   1295.027   3974.780   1294.966   3974.654   1259.567   4031.767 N000598
  1938.460   3984.642 -11.564   1926.784   3998.424 -11.566  -0.0401  0.1425   1942.952   4002.301   1942.992   4002.158   1926.827   3998.271 N000599
  3642.865   3990.046  -9.335   3645.743   3857.158  -9.338  -0.1351  0.0124   3647.426   4007.715   3647.561   4007.702   3645.877   3857.135 N000600
     0.000      0.000   0.000      0.000      0.000   0.000   0.0000  0.0000      0.000      0.000   1782.485   4042.658   1761.606   4055.745 N000601
     0.000      0.000   0.000      0.000      0.000   0.000   0.0000  0.0000      0.000      0.000   2737.523   4054.664   2733.838   3981.436 N000602
     0.000      0.000   0.000      0.000      0.000   0.000   0.0000  0.0000      0.000      0.000   2373.908   4130.663   2364.816   4092.885 N000603
