   269.758   -151.682 -11.648    252.180     49.024 -11.647  -0.2425 -0.0157    277.028    -84.492    277.270    -84.477    252.430     49.023 N000001
   459.883   -127.801 -11.638    448.026     59.778 -11.637  -0.1170  0.1990    467.160    -60.610    467.277    -60.809    448.147     59.574 N000002
     0.000      0.000   0.000      0.000      0.000   0.000   0.0000  0.0000      0.000      0.000    872.290    -57.309    862.538     36.187 N000003
   332.260    -48.821 -11.516    316.350    146.455 -11.515  -0.2123  0.1786    339.532     18.372    339.744     18.193    316.570    146.264 N000004
  2316.618    -26.208 -10.326   2319.737     41.339 -10.325   0.1177  0.1416   2323.956     40.985   2323.838     40.844   2319.620     41.208 N000005
   724.948     -9.048  -9.949    719.513    159.138  -9.949  -0.0524 -0.0480    732.232     58.146    732.285     58.194    719.567    159.182 N000006
  1272.446     -5.912 -10.347   1275.743    126.320 -10.346  -0.0542  0.0881   1279.749     61.283   1279.803     61.194   1275.798    126.230 N000007
     0.000      0.000   0.000      0.000      0.000   0.000   0.0000  0.0000      0.000      0.000   2826.855     96.195   2816.250     64.859 N000008
   764.744     70.978  -8.778    760.030    235.397  -8.777   0.0167 -0.0678    772.030    138.175    772.013    138.242    760.013    235.465 N000009
  2272.976     90.672 -11.124   2277.043    157.964 -11.123  -0.0243  0.1724   2280.312    157.870   2280.336    157.697   2277.066    157.794 N000010
  3387.682     96.271 -13.512   3373.038     96.635 -13.511   0.1824 -0.0210   3395.056    163.468   3394.874    163.489   3372.860     96.666 N000011
   132.890    102.817 -12.933    109.416    310.601 -12.933  -0.1096 -0.0959    140.155    170.015    140.264    170.111    109.529    310.688 N000012
     0.000      0.000   0.000      0.000      0.000   0.000   0.0000  0.0000      0.000      0.000    545.311    177.698    527.662    289.889 N000013
     0.000      0.000   0.000      0.000      0.000   0.000   0.0000  0.0000      0.000      0.000    448.774    206.199    428.255    324.789 N000014
  2368.347    183.395 -12.046   2371.987    242.594 -12.046  -0.1534 -0.1046   2375.685    250.596   2375.839    250.700   2372.139    242.687 N000015
  1833.908    187.447 -10.759   1840.160    280.043 -10.759  -0.0922 -0.0530   1841.229    254.647   1841.321    254.700   1840.252    280.089 N000016
  1619.952    221.213  -9.626   1625.853    326.880  -9.626  -0.0478  0.1898   1627.266    288.414   1627.313    288.224   1625.901    326.691 N000017
  2881.790    221.475 -10.938   2878.800    248.333 -10.937  -0.1804 -0.0255   2889.146    288.676   2889.326    288.701   2878.978    248.347 N000018
  1939.191    290.914 -10.871   1945.584    374.757 -10.871   0.1910 -0.0855   1946.515    358.118   1946.324    358.204   1945.393    374.853 N000019
     0.000      0.000   0.000      0.000      0.000   0.000   0.0000  0.0000      0.000      0.000    695.219    369.579    680.747    469.415 N000020
     0.000      0.000   0.000      0.000      0.000   0.000   0.0000  0.0000      0.000      0.000   1877.321    389.205   1876.520    409.691 N000021
     0.000      0.000   0.000      0.000      0.000   0.000   0.0000  0.0000      0.000      0.000   1473.808    389.705   1471.572    436.480 N000022
  2178.147    350.885 -11.765   2183.855    418.313 -11.765   0.1465 -0.1152   2185.478    418.090   2185.331    418.205   2183.710    418.435 N000023
     0.000      0.000   0.000      0.000      0.000   0.000   0.0000  0.0000      0.000      0.000   1254.800    420.706   1250.404    481.617 N000024
  3699.857    384.168  -8.621   3679.725    357.609  -8.620  -0.1429 -0.0458   3707.239    451.375   3707.382    451.420   3679.865    357.645 N000025
     0.000      0.000   0.000      0.000      0.000   0.000   0.0000  0.0000      0.000      0.000   1505.308    458.707   1503.288    502.336 N000026
   997.324    399.002 -10.734    996.361    543.604 -10.733  -0.1759  0.0021   1004.615    466.209   1004.791    466.207    996.540    543.590 N000027
     0.000      0.000   0.000      0.000      0.000   0.000   0.0000  0.0000      0.000      0.000   1089.794    475.708   1082.952    547.139 N000028
     0.000      0.000   0.000      0.000      0.000   0.000   0.0000  0.0000      0.000      0.000   1127.795    481.708   1121.540    550.466 N000029
     0.000      0.000   0.000      0.000      0.000   0.000   0.0000  0.0000      0.000      0.000   1101.894    487.708   1095.216    558.171 N000030
  3131.603    421.787 -10.463   3125.393    428.264 -10.463   0.1032  0.2540   3138.966    488.995   3138.863    488.741   3125.290    428.023 N000031
  3177.510    447.730 -13.299   3170.571    450.749 -13.298   0.0100  0.1849   3184.874    514.939   3184.864    514.754   3170.560    450.569 N000032
     0.000      0.000   0.000      0.000      0.000   0.000   0.0000  0.0000      0.000      0.000   2475.340    526.209   2471.890    505.822 N000033
   195.682    477.871 -10.610    172.102    679.194 -10.610   0.0155 -0.5458    202.946    545.081    202.930    545.627    172.082    679.739 N000034
     0.000      0.000   0.000      0.000      0.000   0.000   0.0000  0.0000      0.000      0.000   2070.827    551.710   2070.043    556.714 N000035
   166.797    499.602 -12.817    141.942    703.012 -12.816  -0.2026  0.1017    174.060    566.812    174.263    566.711    142.153    702.895 N000036
     0.000      0.000   0.000      0.000      0.000   0.000   0.0000  0.0000      0.000      0.000   2325.135    589.711   2323.179    577.611 N000037
  1581.343    530.594  -8.841   1587.133    633.855  -8.840  -0.1569  0.0939   1588.653    597.805   1588.810    597.711   1587.291    633.752 N000038
  1791.306    555.972 -13.044   1797.997    644.851 -13.044  -0.1937 -0.0279   1798.623    623.184   1798.817    623.212   1798.191    644.866 N000039
     0.000      0.000   0.000      0.000      0.000   0.000   0.0000  0.0000      0.000      0.000   1442.305    627.712   1439.615    673.254 N000040
     0.000      0.000   0.000      0.000      0.000   0.000   0.0000  0.0000      0.000      0.000   2799.851    636.212   2792.999    593.008 N000041
     0.000      0.000   0.000      0.000      0.000   0.000   0.0000  0.0000      0.000      0.000   2413.921    637.712   2411.444    618.990 N000042
  3254.893    579.369  -8.944   3247.331    574.381  -8.943  -0.4405 -0.1313   3262.259    646.581   3262.699    646.712   3247.763    574.482 N000043
     0.000      0.000   0.000      0.000      0.000   0.000   0.0000  0.0000      0.000      0.000   1822.118    647.213   1821.549    666.957 N000044
     0.000      0.000   0.000      0.000      0.000   0.000   0.0000  0.0000      0.000      0.000   2739.848    666.713   2733.977    626.646 N000045
    69.413    608.720 -10.093     39.676    819.336 -10.093  -0.0867  0.2203     76.672    675.934     76.759    675.714     39.768    819.109 N000046
     0.000      0.000   0.000      0.000      0.000   0.000   0.0000  0.0000      0.000      0.000   2026.324    681.714   2025.849    687.402 N000047
  2900.290    616.005  -8.813   2899.437    632.218  -8.812   0.1825  0.0046   2907.644    683.218   2907.461    683.214   2899.257    632.225 N000048
     0.000      0.000   0.000      0.000      0.000   0.000   0.0000  0.0000      0.000      0.000   1151.295    684.214   1144.821    749.205 N000049
  2361.170    627.475 -11.891   2366.558    677.824 -11.891   0.1705 -0.0252   2368.506    694.689   2368.336    694.714   2366.389    677.860 N000050
     0.000      0.000   0.000      0.000      0.000   0.000   0.0000  0.0000      0.000      0.000   2149.328    718.215   2148.618    715.217 N000051
  1650.033    666.844 -11.599   1656.138    763.656 -11.598   0.0332 -0.1564   1657.345    734.059   1657.311    734.216   1656.105    763.813 N000052
     0.000      0.000   0.000      0.000      0.000   0.000   0.0000  0.0000      0.000      0.000   1466.305    735.416   1463.660    778.048 N000053
   397.593    669.421  -9.043    379.778    855.248  -9.042   0.5305 -0.5163    404.862    736.637    404.332    737.153    379.225    855.803 N000054
  2584.567    677.304 -10.984   2588.139    712.328 -10.984   0.0668 -0.1963   2591.910    744.519   2591.843    744.716   2588.074    712.525 N000055
  3247.602    678.581 -12.389   3240.905    671.705 -12.389   0.1019  0.0807   3254.967    745.796   3254.865    745.716   3240.805    671.632 N000056
  1468.104    695.648 -10.154   1472.795    804.568 -10.154   0.1045  0.1476   1475.410    762.864   1475.305    762.716   1472.690    804.429 N000057
     0.000      0.000   0.000      0.000      0.000   0.000   0.0000  0.0000      0.000      0.000   4077.393    780.716   4042.378    655.863 N000058
     0.000      0.000   0.000      0.000      0.000   0.000   0.0000  0.0000      0.000      0.000    592.775    796.218    573.174    900.698 N000059
  1772.262    731.123  -8.703   1778.885    818.841  -8.703  -0.1378  0.2225   1779.577    798.340   1779.715    798.118   1779.023    818.612 N000060
  2832.621    735.968 -10.544   2833.399    753.980 -10.543   0.1209 -0.0318   2839.972    803.186   2839.851    803.217   2833.280    754.019 N000061
     0.000      0.000   0.000      0.000      0.000   0.000   0.0000  0.0000      0.000      0.000   1311.899    810.018   1307.334    862.621 N000062
  3791.160    743.667  -9.394   3771.983    701.948  -9.394   0.1598  0.1665   3798.543    810.884   3798.383    810.717   3771.826    701.795 N000063
     0.000      0.000   0.000      0.000      0.000   0.000   0.0000  0.0000      0.000      0.000   2527.653    811.655   2524.763    782.376 N000064
     0.000      0.000   0.000      0.000      0.000   0.000   0.0000  0.0000      0.000      0.000   3824.384    819.218   3797.186    708.512 N000065
  1728.650    757.656  -9.207   1735.077    848.009  -9.207   0.1503  0.1563   1735.964    824.875   1735.814    824.718   1734.926    847.865 N000066
  3282.152    779.899  -9.617   3275.454    768.616  -9.616   0.1524 -0.1013   3289.518    847.117   3289.366    847.219   3275.305    768.725 N000067
     0.000      0.000   0.000      0.000      0.000   0.000   0.0000  0.0000      0.000      0.000   1334.300    849.719   1329.894    900.403 N000068
   498.514    784.012 -10.657    483.104    962.076 -10.656   0.0136  0.0120    505.786    851.231    505.772    851.219    483.090    962.065 N000069
     0.000      0.000   0.000      0.000      0.000   0.000   0.0000  0.0000      0.000      0.000   1520.806    855.719   1518.410    893.313 N000070
  1617.274    788.875  -8.634   1623.007    886.505  -8.633  -0.2259 -0.1248   1624.584    856.095   1624.810    856.219   1623.234    886.613 N000071
     0.000      0.000   0.000      0.000      0.000   0.000   0.0000  0.0000      0.000      0.000    944.787    860.720    933.704    939.131 N000072
     0.000      0.000   0.000      0.000      0.000   0.000   0.0000  0.0000      0.000      0.000   2852.768    867.386   2846.322    816.119 N000073
     0.000      0.000   0.000      0.000      0.000   0.000   0.0000  0.0000      0.000      0.000   1211.796    873.720   1205.571    932.875 N000074
     0.000      0.000   0.000      0.000      0.000   0.000   0.0000  0.0000      0.000      0.000   2082.825    880.720   2082.480    879.675 N000075
     0.000      0.000   0.000      0.000      0.000   0.000   0.0000  0.0000      0.000      0.000   2211.329    884.220   2210.665    874.539 N000076
  3008.911    818.774 -10.579   3007.448    823.926 -10.578  -0.0637 -0.1511   3016.268    885.994   3016.331    886.145   3007.511    824.070 N000077
     0.000      0.000   0.000      0.000      0.000   0.000   0.0000  0.0000      0.000      0.000   2114.826    908.221   2114.448    904.653 N000078
   144.209    843.159 -11.714    115.280   1048.358 -11.714   0.2086  0.1587    151.468    910.380    151.260    910.221    115.064   1048.215 N000079
  1604.601    846.813 -10.985   1610.140    944.727 -10.984   0.1007 -0.1868   1611.910    914.034   1611.809    914.221   1610.038    944.919 N000080
  1555.801    847.358 -10.378   1560.944    948.659 -10.377  -0.1735 -0.1423   1563.109    914.579   1563.282    914.721   1561.119    948.788 N000081
  2182.698    867.834 -10.321   2189.492    926.079 -10.320   0.1975 -0.1351   2190.026    935.055   2189.828    935.190   2189.295    926.225 N000082
  2864.663    872.202  -8.775   2865.636    885.584  -8.775   0.1634  0.0592   2872.014    939.424   2871.851    939.365   2865.475    885.536 N000083
  2768.820    873.218 -10.542   2771.057    892.777 -10.541  -0.1803  0.2177   2776.167    940.439   2776.348    940.222   2771.234    892.551 N000084
     0.000      0.000   0.000      0.000      0.000   0.000   0.0000  0.0000      0.000      0.000   2560.590    960.806   2557.864    926.867 N000085
     0.000      0.000   0.000      0.000      0.000   0.000   0.0000  0.0000      0.000      0.000   2338.833    970.223   2337.727    950.813 N000086
     0.000      0.000   0.000      0.000      0.000   0.000   0.0000  0.0000      0.000      0.000    398.768    984.599    371.344   1103.567 N000087
     0.000      0.000   0.000      0.000      0.000   0.000   0.0000  0.0000      0.000      0.000   1298.231    986.724   1292.841   1038.936 N000088
     0.000      0.000   0.000      0.000      0.000   0.000   0.0000  0.0000      0.000      0.000   2819.349   1001.724   2813.947    950.201 N000089
  2391.532    936.953 -13.225   2397.481    980.284 -13.224   0.0315 -0.0474   2398.866   1004.177   2398.835   1004.224   2397.450    980.333 N000090
   538.654    937.406 -10.053    523.243   1112.342 -10.052   0.1543 -0.0945    545.927   1004.630    545.772   1004.724    523.083   1112.448 N000091
     0.000      0.000   0.000      0.000      0.000   0.000   0.0000  0.0000      0.000      0.000   2156.952   1011.224   2156.567   1003.480 N000092
     0.000      0.000   0.000      0.000      0.000   0.000   0.0000  0.0000      0.000      0.000   2887.851   1014.724   2881.593    958.531 N000093
  1552.066    950.411  -8.706   1556.918   1051.079  -8.705   0.0657 -0.0893   1559.372   1017.635   1559.306   1017.724   1556.851   1051.172 N000094
  1807.702    952.800  -9.405   1814.266   1035.581  -9.404   0.1662 -0.1996   1815.017   1020.025   1814.851   1020.225   1814.099   1035.790 N000095
  2325.084    956.574 -11.196   2331.432   1004.074 -11.196   0.0839  0.0740   2332.416   1023.799   2332.332   1023.724   2331.348   1004.007 N000096
     0.000      0.000   0.000      0.000      0.000   0.000   0.0000  0.0000      0.000      0.000   2176.827   1025.725   2176.405   1016.455 N000097
     0.000      0.000   0.000      0.000      0.000   0.000   0.0000  0.0000      0.000      0.000   1066.760   1032.225   1057.231   1100.970 N000098
     0.000      0.000   0.000      0.000      0.000   0.000   0.0000  0.0000      0.000      0.000   2408.335   1036.350   2406.956   1011.375 N000099
  1086.832    974.230  -9.826   1085.068   1108.160  -9.825  -0.1683  0.2300   1094.122   1041.455   1094.291   1041.225   1085.241   1107.919 N000100
     0.000      0.000   0.000      0.000      0.000   0.000   0.0000  0.0000      0.000      0.000   2048.323   1041.025   2048.049   1040.315 N000101
  1954.303    989.540  -8.858   1961.263   1061.825  -8.857  -0.1974 -0.0100   1961.622   1056.766   1961.820   1056.776   1961.461   1061.821 N000102
  1409.952   1007.824  -9.894   1413.090   1118.186  -9.893  -0.0481 -0.1497   1417.253   1075.050   1417.301   1075.200   1413.138   1118.331 N000103
     0.000      0.000   0.000      0.000      0.000   0.000   0.0000  0.0000      0.000      0.000   2137.325   1084.226   2137.003   1076.949 N000104
  1972.597   1023.095 -10.517   1979.568   1093.774 -10.517   0.0967  0.0946   1979.917   1090.321   1979.820   1090.227   1979.471   1093.687 N000105
   533.149   1023.658 -10.643    516.794   1199.107 -10.642   0.1494  0.1580    540.421   1090.885    540.272   1090.727    516.641   1198.960 N000106
     0.000      0.000   0.000      0.000      0.000   0.000   0.0000  0.0000      0.000      0.000   1806.814   1095.671   1805.913   1111.091 N000107
  3751.075   1029.694 -10.526   3735.512    983.880 -10.526   0.0750  0.1460   3758.455   1096.920   3758.380   1096.774   3735.438    983.742 N000108
  2360.190   1044.843 -10.939   2366.486   1088.839 -10.939   0.1897 -0.1568   2367.523   1112.070   2367.333   1112.227   2366.297   1089.007 N000109
  1734.367   1052.073  -9.140   1740.369   1139.096  -9.140  -0.1327  0.0729   1741.679   1119.301   1741.812   1119.228   1740.503   1139.014 N000110
     0.000      0.000   0.000      0.000      0.000   0.000   0.0000  0.0000      0.000      0.000   1833.315   1124.228   1832.483   1137.547 N000111
  3739.607   1057.344 -10.459   3724.575   1011.672 -10.459   0.0822 -0.1564   3746.986   1124.571   3746.904   1124.727   3724.496   1011.830 N000112
     0.000      0.000   0.000      0.000      0.000   0.000   0.0000  0.0000      0.000      0.000   3090.357   1126.728   3081.607   1055.500 N000113
  1396.357   1068.085 -11.354   1399.083   1179.091 -11.353  -0.1429  0.0848   1403.657   1135.313   1403.800   1135.228   1399.228   1178.996 N000114
  2833.811   1072.069 -10.419   2836.026   1084.135 -10.419  -0.1888  0.0686   2841.160   1139.297   2841.349   1139.228   2836.212   1084.055 N000115
     0.000      0.000   0.000      0.000      0.000   0.000   0.0000  0.0000      0.000      0.000   1847.815   1144.228   1847.016   1156.362 N000116
   950.145   1091.295 -11.878    944.761   1235.075 -11.878   0.1452 -0.2051    957.430   1158.524    957.285   1158.729    944.611   1235.291 N000117
  2735.693   1091.528  -8.711   2739.110   1109.789  -8.710   0.1928  0.0279   2743.038   1158.757   2742.845   1158.729   2738.919   1109.774 N000118
     0.000      0.000   0.000      0.000      0.000   0.000   0.0000  0.0000      0.000      0.000   1518.804   1162.229   1515.493   1197.573 N000119
  1721.830   1099.442 -10.689   1727.642   1186.994 -10.689  -0.1700 -0.0578   1729.141   1166.671   1729.311   1166.729   1727.813   1187.039 N000120
     0.000      0.000   0.000      0.000      0.000   0.000   0.0000  0.0000      0.000      0.000   1220.794   1180.167   1213.252   1237.097 N000121
  2263.830   1113.177 -12.385   2270.581   1162.915 -12.384  -0.1701  0.1768   2271.159   1180.406   2271.329   1180.229   2270.751   1162.729 N000122
  1165.653   1119.742 -10.358   1164.519   1247.416 -10.357   0.1535  0.1671   1172.946   1186.972   1172.792   1186.805   1164.364   1247.261 N000123
     0.000      0.000   0.000      0.000      0.000   0.000   0.0000  0.0000      0.000      0.000   2221.428   1189.630   2220.981   1175.443 N000124
   455.366   1130.229 -10.914    435.330   1312.037 -10.913  -0.1343  0.2288    462.634   1197.459    462.768   1197.230    435.471   1311.797 N000125
     0.000      0.000   0.000      0.000      0.000   0.000   0.0000  0.0000      0.000      0.000   1385.799   1215.731   1380.629   1260.451 N000126
  2630.442   1168.155 -12.871   2635.097   1192.417 -12.870  -0.0580  0.1550   2637.783   1235.386   2637.841   1235.231   2635.154   1192.260 N000127
   189.419   1182.094  -9.619    158.491   1385.437  -9.618  -0.0814  0.0941    196.678   1249.326    196.759   1249.232    158.577   1385.336 N000128
     0.000      0.000   0.000      0.000      0.000   0.000   0.0000  0.0000      0.000      0.000   1492.803   1264.759   1488.784   1301.498 N000129
  1014.401   1211.798 -10.864   1009.586   1350.703 -10.863  -0.0766 -0.1796   1021.687   1279.031   1021.764   1279.210   1009.663   1350.877 N000130
     0.000      0.000   0.000      0.000      0.000   0.000   0.0000  0.0000      0.000      0.000    779.707   1279.304    761.567   1369.480 N000131
  2029.217   1212.505  -9.836   2036.092   1277.552  -9.836   0.2172  0.0052   2036.538   1279.738   2036.321   1279.733   2035.874   1277.562 N000132
  3113.017   1219.822 -14.140   3111.939   1211.336 -14.139   0.0169  0.0099   3120.374   1287.055   3120.357   1287.045   3111.922   1211.328 N000133
  1083.713   1226.682 -11.219   1080.283   1360.353 -11.218   0.1906  0.1822   1091.002   1293.916   1090.812   1293.733   1080.090   1360.185 N000134
     0.000      0.000   0.000      0.000      0.000   0.000   0.0000  0.0000      0.000      0.000   1368.632   1295.733   1362.817   1341.468 N000135
     0.000      0.000   0.000      0.000      0.000   0.000   0.0000  0.0000      0.000      0.000   1444.301   1296.233   1439.535   1336.406 N000136
     0.000      0.000   0.000      0.000      0.000   0.000   0.0000  0.0000      0.000      0.000   2261.400   1301.162   2260.876   1283.135 N000137
     0.000      0.000   0.000      0.000      0.000   0.000   0.0000  0.0000      0.000      0.000   2140.324   1305.233   2139.938   1295.585 N000138
     0.000      0.000   0.000      0.000      0.000   0.000   0.0000  0.0000      0.000      0.000   1479.802   1311.734   1475.417   1349.259 N000139
     0.000      0.000   0.000      0.000      0.000   0.000   0.0000  0.0000      0.000      0.000   1570.805   1320.234   1567.431   1351.085 N000140
     0.000      0.000   0.000      0.000      0.000   0.000   0.0000  0.0000      0.000      0.000   1888.416   1320.734   1887.441   1328.726 N000141
     0.000      0.000   0.000      0.000      0.000   0.000   0.0000  0.0000      0.000      0.000   1790.512   1321.734   1789.007   1336.711 N000142
  2117.454   1260.374  -9.149   2124.370   1318.873  -9.149  -0.0456 -0.0929   2124.778   1327.608   2124.823   1327.701   2124.415   1318.962 N000143
     0.000      0.000   0.000      0.000      0.000   0.000   0.0000  0.0000      0.000      0.000   1511.439   1335.144   1507.332   1370.281 N000144
  2436.570   1269.998 -10.380   2442.719   1306.297 -10.380   0.0700 -0.0024   2443.904   1337.232   2443.834   1337.234   2442.649   1306.304 N000145
  1932.036   1271.610  -9.437   1938.555   1343.108  -9.436   0.0364  0.1103   1939.354   1338.845   1939.317   1338.735   1938.519   1343.001 N000146
     0.000      0.000   0.000      0.000      0.000   0.000   0.0000  0.0000      0.000      0.000   1290.351   1343.735   1283.040   1395.197 N000147
  3627.297   1281.747 -10.968   3616.698   1239.006 -10.967  -0.2034  0.0892   3634.671   1348.981   3634.874   1348.892   3616.896   1238.905 N000148
     0.000      0.000   0.000      0.000      0.000   0.000   0.0000  0.0000      0.000      0.000   1355.797   1355.735   1349.465   1402.309 N000149
  1994.520   1295.158  -8.972   2001.195   1362.082  -8.971  -0.4084 -0.2703   2001.839   1362.394   2002.248   1362.664   2001.604   1362.322 N000150
  2789.739   1307.657 -10.975   2793.205   1319.536 -10.974   0.1333  0.1565   2797.084   1374.892   2796.951   1374.735   2793.073   1319.390 N000151
  1347.573   1308.871  -9.749   1348.408   1422.725  -9.749   0.0734 -0.1291   1354.871   1376.107   1354.797   1376.236   1348.333   1422.859 N000152
  1259.036   1313.899 -11.079   1258.385   1434.372 -11.078   0.0358 -0.1015   1266.330   1381.135   1266.294   1381.236   1258.348   1434.476 N000153
     0.000      0.000   0.000      0.000      0.000   0.000   0.0000  0.0000      0.000      0.000   1463.301   1411.737   1458.210   1450.255 N000154
  3638.800   1344.199 -14.300   3628.388   1299.718 -14.299   0.0825 -0.3225   3646.174   1411.436   3646.091   1411.758   3628.310   1300.041 N000155
  1954.402   1350.012 -10.955   1960.831   1419.489 -10.955  -0.0975  0.0116   1961.720   1417.249   1961.817   1417.237   1960.929   1419.471 N000156
     0.000      0.000   0.000      0.000      0.000   0.000   0.0000  0.0000      0.000      0.000   2595.839   1418.987   2593.828   1376.845 N000157
     0.000      0.000   0.000      0.000      0.000   0.000   0.0000  0.0000      0.000      0.000   1469.901   1422.537   1464.842   1460.552 N000158
     0.000      0.000   0.000      0.000      0.000   0.000   0.0000  0.0000      0.000      0.000   1736.310   1424.237   1734.082   1442.688 N000159
  1370.730   1357.872 -11.874   1371.640   1469.962 -11.874   0.1051 -0.1282   1378.028   1425.109   1377.923   1425.237   1371.532   1470.098 N000160
  3972.446   1361.104  -9.294   3953.981   1295.183  -9.293  -0.0541  0.1041   3979.831   1428.341   3979.885   1428.237   3954.033   1295.077 N000161
  1747.037   1368.015 -11.100   1752.217   1452.358 -11.100   0.0369  0.0146   1754.347   1435.252   1754.310   1435.238   1752.180   1452.346 N000162
     0.000      0.000   0.000      0.000      0.000   0.000   0.0000  0.0000      0.000      0.000   2207.826   1435.237   2207.312   1419.920 N000163
     0.000      0.000   0.000      0.000      0.000   0.000   0.0000  0.0000      0.000      0.000   2516.336   1436.612   2514.850   1399.777 N000164
  2192.671   1374.689 -10.962   2199.481   1427.118 -10.962   0.1714  0.1888   2199.997   1441.927   2199.825   1441.738   2199.310   1426.942 N000165
  2942.818   1378.825  -9.232   2944.760   1379.585  -9.232  -0.1824 -0.0636   2950.168   1446.063   2950.350   1446.127   2944.940   1379.636 N000166
     0.000      0.000   0.000      0.000      0.000   0.000   0.0000  0.0000      0.000      0.000   1411.299   1454.738   1405.238   1497.092 N000167
  1002.094   1388.067 -10.440    995.600   1528.233 -10.440   0.1255  0.0671   1009.379   1455.306   1009.254   1455.238    995.472   1528.176 N000168
     0.000      0.000   0.000      0.000      0.000   0.000   0.0000  0.0000      0.000      0.000   3375.293   1458.738   3363.370   1363.881 N000169
     0.000      0.000   0.000      0.000      0.000   0.000   0.0000  0.0000      0.000      0.000   2185.825   1469.639   2185.280   1455.664 N000170
     0.000      0.000   0.000      0.000      0.000   0.000   0.0000  0.0000      0.000      0.000   1673.807   1470.239   1670.847   1493.132 N000171
     0.000      0.000   0.000      0.000      0.000   0.000   0.0000  0.0000      0.000      0.000   3373.864   1470.738   3362.035   1375.814 N000172
  1633.770   1412.362  -9.659   1637.748   1504.884  -9.659  -0.1468 -0.1377   1641.076   1479.601   1641.223   1479.739   1637.896   1505.011 N000173
  1150.449   1422.045 -10.018   1146.967   1550.881 -10.017  -0.0511  0.0452   1157.739   1489.285   1157.790   1489.239   1147.019   1550.832 N000174
  2172.559   1425.246 -10.988   2179.309   1478.805 -10.987   0.0588  0.1208   2179.883   1492.485   2179.824   1492.364   2179.250   1478.689 N000175
  3240.930   1428.378  -9.301   3238.786   1408.649  -9.300  -0.0696 -0.1223   3248.291   1495.617   3248.360   1495.739   3238.855   1408.765 N000176
  1903.026   1429.179  -9.556   1909.028   1502.024  -9.555   0.0000  0.2057   1910.342   1496.419   1910.342   1496.213   1909.029   1501.819 N000177
  1397.964   1432.415  -9.369   1398.839   1542.467  -9.368  -0.0357 -0.0560   1405.262   1499.654   1405.298   1499.710   1398.875   1542.520 N000178
   610.019   1435.461  -9.071    591.890   1606.802  -9.071   0.0194 -0.0386    617.291   1502.701    617.272   1502.740    591.870   1606.843 N000179
  2587.915   1456.088  -9.796   2593.371   1480.323  -9.795  -0.0846  0.0879   2595.253   1523.328   2595.338   1523.240   2593.455   1480.230 N000180
     0.000      0.000   0.000      0.000      0.000   0.000   0.0000  0.0000      0.000      0.000   2425.332   1526.740   2424.310   1495.551 N000181
     0.000      0.000   0.000      0.000      0.000   0.000   0.0000  0.0000      0.000      0.000   2128.322   1533.741   2127.647   1523.530 N000182
   920.257   1469.639  -8.856    910.985   1616.537  -8.855  -0.0210  0.0284    927.539   1536.880    927.560   1536.852    911.007   1616.507 N000183
  2899.670   1480.398 -10.137   2902.424   1483.026 -10.137   0.1439 -0.1022   2907.019   1547.639   2906.875   1547.741   2902.282   1483.137 N000184
     0.000      0.000   0.000      0.000      0.000   0.000   0.0000  0.0000      0.000      0.000   1217.491   1551.941   1207.438   1609.122 N000185
  1836.349   1487.312 -12.731   1841.769   1564.849 -12.730  -0.1510 -0.1875   1843.661   1554.554   1843.813   1554.741   1841.920   1565.025 N000186
     0.000      0.000   0.000      0.000      0.000   0.000   0.0000  0.0000      0.000      0.000   1470.833   1557.742   1465.024   1595.667 N000187
     0.000      0.000   0.000      0.000      0.000   0.000   0.0000  0.0000      0.000      0.000   1761.310   1559.742   1758.768   1576.066 N000188
  1530.622   1496.410  -8.836   1532.989   1596.548  -8.835   0.1216 -0.0903   1537.924   1563.651   1537.802   1563.742   1532.865   1596.648 N000189
     0.000      0.000   0.000      0.000      0.000   0.000   0.0000  0.0000      0.000      0.000   1571.303   1569.242   1566.753   1599.646 N000190
     0.000      0.000   0.000      0.000      0.000   0.000   0.0000  0.0000      0.000      0.000   2132.294   1570.742   2131.560   1560.091 N000191
  1161.226   1507.474  -9.033   1157.293   1635.751  -9.033   0.0896 -0.0257   1168.516   1574.716   1168.426   1574.742   1157.201   1635.784 N000192
  2263.025   1512.203  -8.661   2269.654   1558.900  -8.660  -0.0579  0.1197   2270.352   1579.445   2270.410   1579.325   2269.712   1558.777 N000193
  1399.498   1535.294 -11.705   1399.739   1645.371 -11.704  -0.0021 -0.2058   1406.795   1602.537   1406.798   1602.743   1399.740   1645.577 N000194
  2175.703   1535.548 -10.336   2182.291   1588.379 -10.335   0.1197  0.0482   2183.027   1602.791   2182.907   1602.743   2182.171   1588.340 N000195
  2231.910   1536.782 -10.447   2238.516   1585.587 -10.446  -0.0638 -0.1389   2239.235   1604.025   2239.299   1604.164   2238.579   1585.721 N000196
  4004.640   1538.883 -12.302   3986.910   1468.099 -12.301   0.1396 -0.1168   4012.025   1606.126   4011.885   1606.242   3986.775   1468.223 N000197
     0.000      0.000   0.000      0.000      0.000   0.000   0.0000  0.0000      0.000      0.000    928.615   1607.660    911.392   1687.653 N000198
  2332.738   1544.864 -10.925   2339.245   1586.454 -10.925  -0.1155 -0.1359   2340.066   1612.107   2340.182   1612.243   2339.360   1586.581 N000199
     0.000      0.000   0.000      0.000      0.000   0.000   0.0000  0.0000      0.000      0.000    493.767   1614.244    462.609   1729.434 N000200
  1848.517   1561.208  -8.763   1853.755   1637.740  -8.763   0.0175  0.1367   1855.830   1628.452   1855.812   1628.315   1853.738   1637.605 N000201
  1673.910   1563.532 -10.466   1677.609   1653.000 -10.465  -0.0903  0.0316   1681.216   1630.775   1681.307   1630.744   1677.700   1652.962 N000202
  1885.535   1564.686  -8.725   1891.001   1638.492  -8.725   0.0352  0.1858   1892.849   1631.930   1892.814   1631.744   1890.966   1638.309 N000203
     0.000      0.000   0.000      0.000      0.000   0.000   0.0000  0.0000      0.000      0.000   3061.353   1645.244   3055.195   1569.237 N000204
     0.000      0.000   0.000      0.000      0.000   0.000   0.0000  0.0000      0.000      0.000   1837.812   1652.744   1835.509   1663.343 N000205
  2022.155   1585.874 -11.562   2028.257   1649.654 -11.561   0.1552 -0.1255   2029.473   1653.119   2029.318   1653.244   2028.101   1649.791 N000206
     0.000      0.000   0.000      0.000      0.000   0.000   0.0000  0.0000      0.000      0.000    602.770   1665.130    574.886   1771.908 N000207
     0.000      0.000   0.000      0.000      0.000   0.000   0.0000  0.0000      0.000      0.000   1258.792   1665.745   1248.655   1720.161 N000208
     0.000      0.000   0.000      0.000      0.000   0.000   0.0000  0.0000      0.000      0.000   1852.812   1673.745   1850.538   1683.222 N000209
  1677.100   1606.885 -10.589   1680.618   1696.147 -10.588   0.1003 -0.1145   1684.407   1674.131   1684.306   1674.245   1680.516   1696.269 N000210
  1394.951   1608.447  -9.471   1394.620   1719.078  -9.470  -0.0494 -0.0193   1402.248   1675.693   1402.297   1675.712   1394.670   1719.094 N000211
  1714.176   1611.826 -11.203   1718.055   1698.318 -11.202   0.1498 -0.1745   1721.484   1679.071   1721.334   1679.245   1717.903   1698.504 N000212
  2032.929   1627.490 -11.127   2038.955   1690.406 -11.127  -0.0712 -0.0101   2040.247   1694.736   2040.318   1694.746   2039.026   1690.411 N000213
  2210.642   1639.100  -9.579   2217.083   1689.079  -9.579   0.1422  0.1004   2217.966   1706.346   2217.824   1706.246   2216.941   1688.989 N000214
     0.000      0.000   0.000      0.000      0.000   0.000   0.0000  0.0000      0.000      0.000   2778.379   1718.746   2775.385   1661.669 N000215
  1060.579   1653.149  -9.930   1053.073   1790.113  -9.929   0.0795  0.1495   1067.865   1720.396   1067.785   1720.247   1052.993   1789.969 N000216
  1932.713   1653.049 -11.537   1938.154   1723.305 -11.537   0.2128  0.0491   1940.027   1720.296   1939.815   1720.247   1937.940   1723.272 N000217
  2410.275   1653.329 -10.236   2416.533   1688.949 -10.236  -0.1972 -0.1436   2417.606   1720.575   2417.803   1720.719   2416.730   1689.078 N000218
     0.000      0.000   0.000      0.000      0.000   0.000   0.0000  0.0000      0.000      0.000   1205.790   1735.747   1193.981   1794.674 N000219
  1273.897   1668.539  -9.393   1270.913   1788.807  -9.392  -0.1030  0.0390   1281.189   1735.786   1281.292   1735.747   1271.018   1788.760 N000220
  1215.617   1672.521 -12.462   1211.419   1797.375 -12.462   0.1165  0.0205   1222.907   1739.768   1222.790   1739.747   1211.300   1797.363 N000221
  2390.018   1673.779 -10.135   2396.304   1710.776 -10.134   0.0807  0.0600   2397.348   1741.026   2397.267   1740.966   2396.223   1710.722 N000222
     0.000      0.000   0.000      0.000      0.000   0.000   0.0000  0.0000      0.000      0.000   2118.120   1760.548   2116.924   1750.428 N000223
  2508.474   1695.177  -9.059   2514.396   1723.646  -9.059  -0.0262  0.1350   2515.808   1762.424   2515.834   1762.289   2514.422   1723.510 N000224
   165.638   1695.525 -10.743    126.007   1907.116 -10.742   0.1380 -0.0087    172.893   1762.773    172.755   1762.782    125.862   1907.137 N000225
     0.000      0.000   0.000      0.000      0.000   0.000   0.0000  0.0000      0.000      0.000   3363.886   1764.771   3353.731   1667.244 N000226
     0.000      0.000   0.000      0.000      0.000   0.000   0.0000  0.0000      0.000      0.000   1270.875   1772.248   1260.089   1826.291 N000227
  2072.760   1707.174 -10.028   2078.715   1767.078 -10.027  -0.0146  0.1742   2080.079   1774.422   2080.094   1774.248   2078.730   1766.903 N000228
     0.000      0.000   0.000      0.000      0.000   0.000   0.0000  0.0000      0.000      0.000   1685.806   1783.149   1681.451   1805.265 N000229
     0.000      0.000   0.000      0.000      0.000   0.000   0.0000  0.0000      0.000      0.000   1523.300   1795.749   1516.742   1830.318 N000230
  2963.143   1729.009  -9.999   2965.828   1725.362  -9.998   0.1426  0.0095   2970.491   1796.258   2970.349   1796.249   2965.687   1725.362 N000231
     0.000      0.000   0.000      0.000      0.000   0.000   0.0000  0.0000      0.000      0.000   2327.827   1797.749   2326.810   1772.343 N000232
     0.000      0.000   0.000      0.000      0.000   0.000   0.0000  0.0000      0.000      0.000   3710.874   1812.349   3694.416   1691.284 N000233
  2118.912   1765.196  -9.315   2124.866   1821.688  -9.315  -0.0878 -0.0038   2126.232   1832.446   2126.320   1832.450   2124.954   1821.686 N000234
  1931.169   1767.364 -10.568   1936.144   1837.792 -10.568   0.1691 -0.1356   1938.483   1834.615   1938.314   1834.750   1935.973   1837.941 N000235
     0.000      0.000   0.000      0.000      0.000   0.000   0.0000  0.0000      0.000      0.000   2255.825   1838.250   2254.725   1818.006 N000236
  1415.759   1773.243 -10.299   1414.549   1883.059 -10.298  -0.0058  0.0663   1423.055   1840.493   1423.061   1840.427   1414.555   1882.992 N000237
  1996.196   1773.859 -10.968   2001.555   1839.440 -10.967   0.1711 -0.1407   2003.512   1841.110   2003.341   1841.250   2001.383   1839.594 N000238
  1544.857   1778.028  -9.069   1545.688   1877.858  -9.068  -0.0516 -0.0179   1552.158   1845.278   1552.210   1845.296   1545.740   1877.872 N000239
  1533.036   1785.229 -10.480   1533.647   1886.009 -10.479   0.0355  0.2286   1540.336   1852.479   1540.300   1852.251   1533.613   1885.782 N000240
  1644.646   1786.272 -10.054   1646.783   1878.466 -10.053   0.1458  0.0055   1651.950   1853.523   1651.804   1853.518   1646.636   1878.472 N000241
  1957.969   1791.831  -9.931   1963.015   1860.291  -9.931  -0.0315 -0.1692   1965.283   1859.082   1965.315   1859.251   1963.046   1860.458 N000242
     0.000      0.000   0.000      0.000      0.000   0.000   0.0000  0.0000      0.000      0.000   1460.691   1862.251   1452.665   1902.018 N000243
     0.000      0.000   0.000      0.000      0.000   0.000   0.0000  0.0000      0.000      0.000   1412.796   1866.751   1403.908   1910.286 N000244
  1178.341   1805.360  -9.530   1172.100   1934.162  -9.530  -0.1590 -0.1014   1185.629   1872.612   1185.788   1872.713   1172.262   1934.251 N000245
  2945.066   1806.682 -10.469   2948.094   1803.890 -10.468   0.0658  0.1816   2952.414   1873.933   2952.348   1873.751   2948.028   1803.714 N000246
     0.000      0.000   0.000      0.000      0.000   0.000   0.0000  0.0000      0.000      0.000   2046.817   1875.751   2044.962   1870.901 N000247
  1264.272   1808.860  -9.902   1259.868   1930.844  -9.901  -0.0611 -0.1400   1271.563   1876.112   1271.625   1876.252   1259.929   1930.980 N000248
   762.161   1811.720 -10.357    744.384   1974.502 -10.356   0.1606  0.1676    769.435   1878.972    769.274   1878.805    744.220   1974.346 N000249
  2449.585   1813.019  -9.920   2455.603   1845.420  -9.919   0.0854  0.0187   2456.917   1880.270   2456.831   1880.251   2455.518   1845.408 N000250
     0.000      0.000   0.000      0.000      0.000   0.000   0.0000  0.0000      0.000      0.000   2096.319   1883.609   2094.671   1875.093 N000251
  1859.715   1816.843  -8.856   1863.913   1892.764  -8.855   0.2150 -0.1567   1867.026   1884.095   1866.811   1884.252   1863.696   1892.938 N000252
  1274.952   1822.427  -9.741   1270.643   1943.674  -9.740  -0.0476 -0.0731   1282.244   1889.679   1282.292   1889.752   1270.691   1943.744 N000253
     0.000      0.000   0.000      0.000      0.000   0.000   0.0000  0.0000      0.000      0.000   1985.398   1889.419   1983.134   1889.180 N000254
  1193.023   1823.648 -11.799   1186.934   1951.439 -11.798   0.0225  0.1483   1200.311   1890.900   1200.289   1890.752   1186.912   1951.291 N000255
     0.000      0.000   0.000      0.000      0.000   0.000   0.0000  0.0000      0.000      0.000   2360.828   1890.661   2359.650   1862.750 N000256
     0.000      0.000   0.000      0.000      0.000   0.000   0.0000  0.0000      0.000      0.000   2775.842   1890.752   2773.047   1833.066 N000257
     0.000      0.000   0.000      0.000      0.000   0.000   0.0000  0.0000      0.000      0.000   2280.325   1892.752   2279.138   1870.701 N000258
  1870.790   1825.973  -9.697   1875.035   1901.082  -9.696  -0.1381 -0.0273   1878.102   1893.225   1878.240   1893.252   1875.174   1901.099 N000259
  2808.414   1832.591 -10.516   2812.681   1839.305 -10.516  -0.0857  0.0912   2815.757   1899.843   2815.843   1899.752   2812.766   1839.208 N000260
     0.000      0.000   0.000      0.000      0.000   0.000   0.0000  0.0000      0.000      0.000   2158.821   1901.252   2157.362   1888.131 N000261
     0.000      0.000   0.000      0.000      0.000   0.000   0.0000  0.0000      0.000      0.000   1159.371   1904.336   1144.915   1968.285 N000262
     0.000      0.000   0.000      0.000      0.000   0.000   0.0000  0.0000      0.000      0.000   1473.298   1905.315   1465.151   1944.375 N000263
  3810.251   1846.906 -11.059   3799.568   1785.104 -11.058   0.0604 -0.0939   3817.627   1914.158   3817.567   1914.252   3799.509   1785.201 N000264
  1494.391   1847.964  -9.306   1493.933   1952.123  -9.305  -0.1092 -0.0357   1501.690   1915.217   1501.799   1915.253   1494.044   1952.150 N000265
  2993.135   1848.719 -11.094   2995.755   1842.389 -11.094   0.1348  0.0998   3000.484   1915.971   3000.349   1915.872   2995.622   1842.299 N000266
  1041.146   1852.380 -10.504   1031.063   1992.714 -10.503   0.1459 -0.1202   1048.429   1919.633   1048.283   1919.753   1030.912   1992.847 N000267
  1016.368   1855.444 -10.989   1005.589   1997.830 -10.988  -0.1320 -0.0564   1023.651   1922.697   1023.783   1922.753   1005.724   1997.876 N000268
     0.000      0.000   0.000      0.000      0.000   0.000   0.0000  0.0000      0.000      0.000   2249.824   1929.753   2248.510   1909.954 N000269
     0.000      0.000   0.000      0.000      0.000   0.000   0.0000  0.0000      0.000      0.000   1768.808   1931.715   1764.500   1948.042 N000270
     0.000      0.000   0.000      0.000      0.000   0.000   0.0000  0.0000      0.000      0.000    279.757   1940.754     -1.000     -1.000 N000271
  2148.687   1873.107 -14.243   2154.416   1927.506 -14.242   0.1870  0.0854   2156.008   1940.361   2155.821   1940.275   2154.228   1927.434 N000272
     0.000      0.000   0.000      0.000      0.000   0.000   0.0000  0.0000      0.000      0.000   1216.253   1944.111   1202.702   2003.871 N000273
     0.000      0.000   0.000      0.000      0.000   0.000   0.0000  0.0000      0.000      0.000   2287.825   1946.254   2286.523   1923.678 N000274
  2585.692   1882.614 -13.213   2591.225   1905.118 -13.213   0.1922  0.1143   2593.027   1949.868   2592.835   1949.754   2591.033   1905.017 N000275
  1631.303   1887.197  -9.180   1632.603   1980.938  -9.179  -0.1473  0.1469   1638.606   1954.451   1638.753   1954.304   1632.753   1980.779 N000276
  1370.687   1888.142 -10.105   1367.698   2002.344 -10.104   0.1511  0.1416   1377.981   1955.396   1377.830   1955.254   1367.545   2002.213 N000277
     0.000      0.000   0.000      0.000      0.000   0.000   0.0000  0.0000      0.000      0.000   2727.808   1957.754   2725.349   1903.321 N000278
  1071.488   1896.440 -10.068   1061.700   2034.797 -10.068  -0.0125 -0.0598   1078.772   1963.695   1078.784   1963.754   1061.712   2034.857 N000279
     0.000      0.000   0.000      0.000      0.000   0.000   0.0000  0.0000      0.000      0.000    960.709   1966.755    940.383   2047.573 N000280
  1788.166   1903.161 -10.191   1791.218   1984.887 -10.190   0.1656  0.1608   1795.474   1970.415   1795.308   1970.254   1791.052   1984.738 N000281
  2476.306   1903.911 -11.650   2482.152   1934.314 -11.649  -0.1942 -0.0893   2483.637   1971.165   2483.831   1971.254   2482.346   1934.389 N000282
  1733.324   1907.495 -11.331   1735.755   1993.463 -11.330  -0.1763 -0.0047   1740.630   1974.750   1740.806   1974.755   1735.933   1993.454 N000283
     0.000      0.000   0.000      0.000      0.000   0.000   0.0000  0.0000      0.000      0.000   1288.691   1983.755   1276.332   2038.085 N000284
     0.000      0.000   0.000      0.000      0.000   0.000   0.0000  0.0000      0.000      0.000    972.780   1992.818     -1.000     -1.000 N000285
   488.668   1928.702 -10.139    463.575   2064.744 -10.138   0.1680  0.2017    495.932   1995.957    495.764   1995.756    463.403   2064.554 N000286
  2662.039   1934.291  -9.146   2667.221   1951.255  -9.146   0.0386 -0.1377   2669.376   2001.546   2669.337   2001.684   2667.182   1951.395 N000287
     0.000      0.000   0.000      0.000      0.000   0.000   0.0000  0.0000      0.000      0.000   2632.419   2004.255   2630.425   1956.629 N000288
  2720.014   1937.563 -10.158   2724.898   1950.356 -10.157   0.0137  0.0628   2727.353   2004.818   2727.339   2004.755   2724.884   1950.294 N000289
     0.000      0.000   0.000      0.000      0.000   0.000   0.0000  0.0000      0.000      0.000   2292.575   2011.318   2291.115   1988.495 N000290
     0.000      0.000   0.000      0.000      0.000   0.000   0.0000  0.0000      0.000      0.000   2459.330   2021.756   2457.815   1986.704 N000291
  2648.131   1955.009 -10.459   2653.364   1972.969 -10.459   0.1309  0.0085   2655.468   2022.264   2655.337   2022.256   2653.234   1972.970 N000292
  3182.588   1956.472 -12.064   3183.280   1936.524 -12.063   0.0881 -0.0280   3189.943   2023.728   3189.855   2023.756   3183.193   1936.558 N000293
     0.000      0.000   0.000      0.000      0.000   0.000   0.0000  0.0000      0.000      0.000   1409.295   2028.756     -1.000     -1.000 N000294
     0.000      0.000   0.000      0.000      0.000   0.000   0.0000  0.0000      0.000      0.000   3869.578   2028.756   3851.197   1895.342 N000295
   523.236   1963.498 -10.370    499.075   2097.063 -10.370   0.2356 -0.0015    530.501   2030.755    530.265   2030.757    498.830   2097.085 N000296
  2103.837   1963.599 -11.557   2109.031   2021.613 -11.556  -0.1632  0.0994   2111.155   2030.856   2111.318   2030.756   2109.195   2021.501 N000297
     0.000      0.000   0.000      0.000      0.000   0.000   0.0000  0.0000      0.000      0.000   1127.785   2033.257     -1.000     -1.000 N000298
  2446.993   1973.386 -10.284   2452.781   2005.980 -10.284  -0.0072 -0.1144   2454.323   2040.642   2454.330   2040.757   2452.788   2006.094 N000299
   582.230   1981.349 -10.775    560.127   2110.059 -10.774  -1.2700  0.8492    589.497   2048.606    590.767   2047.757    561.456   2109.087 N000300
     0.000      0.000   0.000      0.000      0.000   0.000   0.0000  0.0000      0.000      0.000   2882.144   2047.057   2878.668   1981.488 N000301
  2550.633   1999.195  -8.621   2556.170   2024.254  -8.620   0.0325  0.1951   2557.966   2066.452   2557.933   2066.257   2556.138   2024.061 N000302
     0.000      0.000   0.000      0.000      0.000   0.000   0.0000  0.0000      0.000      0.000   2827.842   2072.257   2824.780   2010.548 N000303
   167.970   2007.868 -13.362    127.725   2173.501 -13.362  -0.0304 -0.1322    175.223   2075.126    175.253   2075.258    127.755   2173.633 N000304
  1392.769   2011.378 -10.636   1393.136   2072.620 -10.635  -0.1811 -0.1220   1400.063   2078.636   1400.244   2078.758   1393.320   2072.728 N000305
     0.000      0.000   0.000      0.000      0.000   0.000   0.0000  0.0000      0.000      0.000   2017.815   2081.758     -1.000     -1.000 N000306
     0.000      0.000   0.000      0.000      0.000   0.000   0.0000  0.0000      0.000      0.000   3161.053   2088.658   3154.913   2003.295 N000307
     0.000      0.000   0.000      0.000      0.000   0.000   0.0000  0.0000      0.000      0.000   2469.330   2097.258     -1.000     -1.000 N000308
     0.000      0.000   0.000      0.000      0.000   0.000   0.0000  0.0000      0.000      0.000   2382.327   2098.208     -1.000     -1.000 N000309
  3055.523   2046.147  -9.909   3057.856   2034.923  -9.909   0.0226  0.1474   3062.873   2113.406   3062.850   2113.259   3057.833   2034.777 N000310
     0.000      0.000   0.000      0.000      0.000   0.000   0.0000  0.0000      0.000      0.000   2164.820   2115.259   2165.966   2049.996 N000311
     0.000      0.000   0.000      0.000      0.000   0.000   0.0000  0.0000      0.000      0.000   2361.326   2123.322     -1.000     -1.000 N000312
     0.000      0.000   0.000      0.000      0.000   0.000   0.0000  0.0000      0.000      0.000   2564.905   2127.616     -1.000     -1.000 N000313
     0.000      0.000   0.000      0.000      0.000   0.000   0.0000  0.0000      0.000      0.000   3126.852   2139.759     -1.000     -1.000 N000314
  2527.601   2092.899 -10.305   2536.206   2067.391 -10.304   0.1012 -0.1011   2534.933   2160.159   2534.832   2160.260   2536.105   2067.500 N000315
  1732.885   2095.077 -11.722   1737.884   2129.961 -11.722  -0.1146  0.0766   1740.191   2162.337   1740.305   2162.261   1738.000   2129.875 N000316
  1604.738   2100.752  -9.472   1608.034   2145.792  -9.471   0.1269 -0.2480   1612.039   2168.013   1611.912   2168.261   1607.903   2146.052 N000317
  1967.803   2121.553 -11.458   1974.953   2138.360 -11.457  -0.1967  0.0527   1975.116   2188.814   1975.313   2188.761   1975.151   2138.292 N000318
  1368.403   2125.837 -10.524   1367.413   2190.177 -10.523  -0.0973 -0.1632   1375.695   2193.098   1375.793   2193.262   1367.511   2190.334 N000319
   811.421   2130.303 -11.934    795.641   2241.472 -11.933  -0.0790 -0.1969    818.695   2197.565    818.774   2197.762    795.720   2241.665 N000320
     0.000      0.000   0.000      0.000      0.000   0.000   0.0000  0.0000      0.000      0.000   1454.411   2206.262   1447.543   2197.069 N000321
     0.000      0.000   0.000      0.000      0.000   0.000   0.0000  0.0000      0.000      0.000   1949.312   2206.699   1948.879   2158.349 N000322
     0.000      0.000   0.000      0.000      0.000   0.000   0.0000  0.0000      0.000      0.000   2331.325   2208.304   2332.736   2130.802 N000323
     0.000      0.000   0.000      0.000      0.000   0.000   0.0000  0.0000      0.000      0.000   1976.813   2221.262   1976.540   2170.884 N000324
  2225.348   2155.912 -11.236   2233.832   2153.193 -11.235  -0.1260 -0.0882   2232.669   2223.174   2232.795   2223.262   2233.958   2153.272 N000325
   509.031   2157.409 -11.733    481.693   2295.541 -11.732   0.0314 -0.0914    516.295   2224.671    516.264   2224.763    481.659   2295.637 N000326
     0.000      0.000   0.000      0.000      0.000   0.000   0.0000  0.0000      0.000      0.000   2093.817   2226.762   2094.332   2167.406 N000327
  2050.808   2164.485 -12.472   2058.404   2175.167 -12.471  -0.1682 -0.0151   2058.123   2231.748   2058.291   2231.763   2058.573   2175.169 N000328
  2163.637   2166.206 -11.975   2171.857   2168.242 -11.975   0.1366  0.2061   2170.956   2233.469   2170.819   2233.263   2171.720   2168.045 N000329
  1638.305   2175.101 -11.555   1641.607   2218.149 -11.554  -0.1948  0.1010   1645.607   2242.364   1645.801   2242.263   1641.805   2218.032 N000330
     0.000      0.000   0.000      0.000      0.000   0.000   0.0000  0.0000      0.000      0.000   1735.805   2242.263   1733.009   2210.882 N000331
  2448.896   2179.034 -11.527   2457.623   2159.552 -11.526  -0.1043  0.0344   2456.224   2246.297   2456.329   2246.263   2457.727   2159.510 N000332
     0.000      0.000   0.000      0.000      0.000   0.000   0.0000  0.0000      0.000      0.000   2255.322   2249.263   2256.503   2177.685 N000333
     0.000      0.000   0.000      0.000      0.000   0.000   0.0000  0.0000      0.000      0.000   1770.779   2252.290   1768.346   2218.235 N000334
  2502.590   2190.842  -9.798   2511.253   2167.385  -9.797   0.0905 -0.1579   2509.921   2258.105   2509.830   2258.263   2511.162   2167.550 N000335
  1449.182   2191.840  -9.957   1449.231   2250.328  -9.957   0.1819 -0.1604   1456.477   2259.103   1456.295   2259.264   1449.045   2250.505 N000336
  1330.171   2198.747  -9.705   1327.762   2267.098  -9.704   0.1707  0.1802   1337.462   2266.011   1337.291   2265.831   1327.589   2266.930 N000337
     0.000      0.000   0.000      0.000      0.000   0.000   0.0000  0.0000      0.000      0.000   1185.286   2267.764   1172.055   2281.537 N000338
     0.000      0.000   0.000      0.000      0.000   0.000   0.0000  0.0000      0.000      0.000   3160.352   2267.763   3157.628   2129.585 N000339
  3571.152   2200.421 -10.327   3569.840   2100.143 -10.326   0.1515 -0.0791   3578.518   2267.684   3578.366   2267.763   3569.691   2100.232 N000340
  1108.106   2206.051 -11.770   1100.315   2293.047 -11.770   0.1064  0.0510   1115.390   2273.315   1115.283   2273.264   1100.206   2293.004 N000341
  1236.234   2216.740 -11.119   1231.538   2293.133 -11.118  -0.0036 -0.0928   1243.522   2284.005   1243.526   2284.098   1231.541   2293.227 N000342
  2552.418   2220.833 -11.164   2560.995   2193.753 -11.163  -0.0822 -0.1666   2559.750   2288.098   2559.832   2288.264   2561.077   2193.914 N000343
     0.000      0.000   0.000      0.000      0.000   0.000   0.0000  0.0000      0.000      0.000   1506.385   2304.265   1499.692   2291.955 N000344
  3033.920   2241.191  -9.200   3039.914   2178.795  -9.200  -0.0799  0.1527   3041.268   2308.456   3041.348   2308.303   3039.993   2178.636 N000345
  2149.878   2248.585 -10.066   2157.791   2252.180 -10.066  -0.1224  0.0851   2157.196   2315.850   2157.318   2315.765   2157.914   2252.085 N000346
     0.000      0.000   0.000      0.000      0.000   0.000   0.0000  0.0000      0.000      0.000    444.761   2318.766    405.756   2397.941 N000347
     0.000      0.000   0.000      0.000      0.000   0.000   0.0000  0.0000      0.000      0.000   3188.603   2325.265   3185.813   2185.000 N000348
     0.000      0.000   0.000      0.000      0.000   0.000   0.0000  0.0000      0.000      0.000   1386.292   2325.766   1377.092   2323.600 N000349
  1305.808   2261.585 -12.376   1302.287   2332.805 -12.375  -0.1919  0.0852   1313.098   2328.851   1313.290   2328.766   1302.484   2332.702 N000350
     0.000      0.000   0.000      0.000      0.000   0.000   0.0000  0.0000      0.000      0.000   2155.818   2339.766   2156.329   2276.369 N000351
  2591.391   2274.420 -11.586   2599.898   2244.621 -11.586  -0.1088 -0.0804   2598.724   2341.686   2598.833   2341.766   2600.007   2244.694 N000352
  1352.296   2277.178 -11.215   1349.649   2344.751 -11.214  -0.2043  0.1543   1359.587   2344.445   1359.791   2344.290   1349.859   2344.577 N000353
  3229.929   2277.398  -9.002   3234.029   2200.897  -9.001  -0.0709 -0.1021   3237.283   2344.664   3237.354   2344.766   3234.099   2200.994 N000354
  2303.269   2278.382  -9.517   2311.709   2270.382  -9.516  -0.1896 -0.1184   2310.592   2345.648   2310.781   2345.766   2311.899   2270.487 N000355
     0.000      0.000   0.000      0.000      0.000   0.000   0.0000  0.0000      0.000      0.000   2750.838   2346.766   2751.533   2238.414 N000356
     0.000      0.000   0.000      0.000      0.000   0.000   0.0000  0.0000      0.000      0.000    992.779   2349.767    973.395   2381.184 N000357
     0.000      0.000   0.000      0.000      0.000   0.000   0.0000  0.0000      0.000      0.000    397.037   2355.073    355.369   2439.366 N000358
     0.000      0.000   0.000      0.000      0.000   0.000   0.0000  0.0000      0.000      0.000   1746.804   2355.317   1743.471   2324.176 N000359
     0.000      0.000   0.000      0.000      0.000   0.000   0.0000  0.0000      0.000      0.000   1247.287   2359.838   1234.648   2369.757 N000360
  2658.212   2295.493 -11.009   2666.562   2260.792 -11.009   0.1845 -0.0066   2665.547   2362.760   2665.363   2362.767   2666.378   2260.812 N000361
     0.000      0.000   0.000      0.000      0.000   0.000   0.0000  0.0000      0.000      0.000   1733.304   2368.267   1729.709   2338.349 N000362
  1251.220   2303.919  -9.964   1246.025   2380.335  -9.963  -0.1650 -0.0807   1258.507   2371.187   1258.672   2371.267   1246.193   2380.403 N000363
     0.000      0.000   0.000      0.000      0.000   0.000   0.0000  0.0000      0.000      0.000   1723.303   2371.100   1719.553   2342.018 N000364
     0.000      0.000   0.000      0.000      0.000   0.000   0.0000  0.0000      0.000      0.000   1994.062   2373.767   1993.299   2323.240 N000365
     0.000      0.000   0.000      0.000      0.000   0.000   0.0000  0.0000      0.000      0.000   3444.861   2375.767   3439.027   2217.234 N000366
     0.000      0.000   0.000      0.000      0.000   0.000   0.0000  0.0000      0.000      0.000   1404.293   2376.267   1395.015   2373.311 N000367
     0.000      0.000   0.000      0.000      0.000   0.000   0.0000  0.0000      0.000      0.000    571.765   2376.868    537.179   2445.879 N000368
     0.000      0.000   0.000      0.000      0.000   0.000   0.0000  0.0000      0.000      0.000    607.266   2376.910    574.109   2442.740 N000369
     0.000      0.000   0.000      0.000      0.000   0.000   0.0000  0.0000      0.000      0.000    932.777   2376.967    911.209   2414.065 N000370
     0.000      0.000   0.000      0.000      0.000   0.000   0.0000  0.0000      0.000      0.000   2260.821   2379.767   2261.699   2308.548 N000371
     0.000      0.000   0.000      0.000      0.000   0.000   0.0000  0.0000      0.000      0.000   2712.336   2381.767   2713.210   2276.388 N000372
  1669.806   2315.787 -10.007   1672.615   2357.833 -10.006  -0.2399 -0.1220   1677.107   2383.055   1677.347   2383.177   1672.858   2357.937 N000373
  1187.771   2324.694 -10.247   1180.794   2406.798 -10.247  -0.2652  0.1940   1195.056   2391.962   1195.321   2391.768   1181.068   2406.578 N000374
  2428.814   2325.955  -8.902   2437.381   2308.665  -8.901  -0.1149  0.0261   2436.141   2393.222   2436.256   2393.196   2437.496   2308.630 N000375
     0.000      0.000   0.000      0.000      0.000   0.000   0.0000  0.0000      0.000      0.000   2112.316   2394.768   2112.364   2335.179 N000376
     0.000      0.000   0.000      0.000      0.000   0.000   0.0000  0.0000      0.000      0.000   1683.202   2401.268   1678.673   2375.775 N000377
  2144.118   2336.143 -11.540   2151.700   2340.844 -11.539   0.1183  0.1431   2151.436   2403.411   2151.317   2403.268   2151.581   2340.709 N000378
   560.073   2343.328 -10.220    532.056   2480.747 -10.220   0.0732 -0.1409    567.337   2410.596    567.264   2410.737    531.978   2480.897 N000379
  1097.404   2347.353  -9.842   1087.766   2437.550  -9.841  -0.1250 -0.1470   1104.687   2414.622   1104.812   2414.769   1087.893   2437.689 N000380
  1461.695   2349.539  -9.365   1460.654   2409.067  -9.365  -0.0129  0.0803   1468.990   2416.807   1469.003   2416.727   1460.668   2408.984 N000381
  1657.332   2364.731 -11.082   1659.600   2408.402 -11.082  -0.1123  0.2307   1664.633   2432.000   1664.745   2431.769   1659.716   2408.159 N000382
     0.000      0.000   0.000      0.000      0.000   0.000   0.0000  0.0000      0.000      0.000   2452.327   2434.081   2453.524   2348.549 N000383
     0.000      0.000   0.000      0.000      0.000   0.000   0.0000  0.0000      0.000      0.000   2513.829   2434.269   2515.052   2344.059 N000384
  2015.945   2372.561 -11.783   2022.440   2387.634 -11.782  -0.0547  0.0606   2023.258   2439.830   2023.313   2439.769   2022.495   2387.568 N000385
     0.000      0.000   0.000      0.000      0.000   0.000   0.0000  0.0000      0.000      0.000   1274.738   2441.219   1261.927   2450.117 N000386
  2680.489   2373.983  -9.601   2688.813   2337.966  -9.601  -0.0110 -0.0166   2687.824   2441.252   2687.835   2441.269   2688.824   2337.982 N000387
   346.806   2387.070 -10.072    308.766   2544.956 -10.072  -0.1942  0.0703    354.063   2454.340    354.257   2454.270    308.970   2544.866 N000388
     0.000      0.000   0.000      0.000      0.000   0.000   0.0000  0.0000      0.000      0.000   2079.627   2454.270   2079.203   2397.779 N000389
  1688.202   2392.502 -10.372   1690.729   2434.029 -10.372   0.2023  0.0018   1695.504   2459.772   1695.302   2459.770   1690.524   2434.044 N000390
     0.000      0.000   0.000      0.000      0.000   0.000   0.0000  0.0000      0.000      0.000   1187.314   2460.711   1172.099   2477.378 N000391
     0.000      0.000   0.000      0.000      0.000   0.000   0.0000  0.0000      0.000      0.000    678.768   2461.770    647.130   2523.044 N000392
   386.754   2407.866 -10.601    350.196   2562.601 -10.600  -0.1838 -0.1345    394.012   2475.136    394.195   2475.271    350.386   2562.722 N000393
  1635.542   2418.491 -10.297   1637.043   2464.681 -10.297   0.0421 -0.0092   1642.842   2485.761   1642.800   2485.771   1637.000   2464.694 N000394
     0.000      0.000   0.000      0.000      0.000   0.000   0.0000  0.0000      0.000      0.000   2769.838   2493.771   2770.598   2384.606 N000395
     0.000      0.000   0.000      0.000      0.000   0.000   0.0000  0.0000      0.000      0.000   1731.803   2496.771   1727.296   2468.575 N000396
  1602.244   2433.145 -10.248   1603.068   2482.288 -10.247  -0.1939  0.1446   1609.542   2500.416   1609.736   2500.271   1603.266   2482.125 N000397
  1672.215   2434.327 -11.046   1674.179   2477.739 -11.046   0.1852 -0.1733   1679.516   2501.598   1679.330   2501.771   1673.989   2477.930 N000398
  1311.967   2435.010  -9.792   1306.866   2508.447  -9.791  -0.0332  0.0104   1319.256   2502.282   1319.289   2502.271   1306.900   2508.434 N000399
  2477.029   2440.440  -9.163   2485.479   2420.264  -9.162   0.1195  0.0308   2484.357   2507.711   2484.237   2507.680   2485.360   2420.242 N000400
  1978.125   2443.353 -10.536   1983.924   2462.187 -10.535   0.1253 -0.1472   1985.437   2510.624   1985.311   2510.771   1983.797   2462.346 N000401
  2961.081   2447.499 -12.554   2968.208   2390.885 -12.554   0.0811 -0.0011   2968.425   2514.770   2968.344   2514.771   2968.127   2390.892 N000402
     0.000      0.000   0.000      0.000      0.000   0.000   0.0000  0.0000      0.000      0.000   3889.875   2519.827   3877.460   2330.020 N000403
  2506.422   2455.289 -11.080   2514.872   2432.980 -11.079  -0.0776 -0.1835   2513.751   2522.560   2513.829   2522.744   2514.950   2433.159 N000404
   462.622   2457.278 -11.021    428.623   2606.298 -11.021   0.1225 -0.2219    469.883   2524.550    469.760   2524.772    428.491   2606.537 N000405
  1639.218   2459.247 -12.784   1640.449   2505.736 -12.784   0.2184  0.0874   1646.518   2526.519   1646.300   2526.431   1640.227   2505.665 N000406
     0.000      0.000   0.000      0.000      0.000   0.000   0.0000  0.0000      0.000      0.000   1400.291   2542.273   1389.330   2542.284 N000407
     0.000      0.000   0.000      0.000      0.000   0.000   0.0000  0.0000      0.000      0.000   2283.521   2544.873   2283.991   2473.290 N000408
  1824.563   2490.514  -9.887   1828.310   2522.304  -9.886   0.0633  0.0137   1831.869   2557.787   1831.806   2557.773   1828.246   2522.295 N000409
     0.000      0.000   0.000      0.000      0.000   0.000   0.0000  0.0000      0.000      0.000   2505.628   2557.673   2506.690   2469.007 N000410
  2378.274   2491.850  -9.382   2386.413   2479.735  -9.381  -0.1979 -0.1498   2385.599   2559.123   2385.797   2559.273   2386.611   2479.871 N000411
  1743.808   2492.321 -11.145   1746.417   2530.719 -11.144  -0.1920 -0.1785   1751.111   2559.594   1751.303   2559.773   1746.611   2530.884 N000412
     0.000      0.000   0.000      0.000      0.000   0.000   0.0000  0.0000      0.000      0.000    712.268   2563.273    680.379   2623.881 N000413
     0.000      0.000   0.000      0.000      0.000   0.000   0.0000  0.0000      0.000      0.000   2271.320   2564.773   2271.665   2494.349 N000414
     0.000      0.000   0.000      0.000      0.000   0.000   0.0000  0.0000      0.000      0.000   2128.277   2568.235   2127.708   2509.123 N000415
     0.000      0.000   0.000      0.000      0.000   0.000   0.0000  0.0000      0.000      0.000   3022.846   2569.773   3022.380   2442.107 N000416
  1317.270   2505.199 -10.515   1311.547   2579.455 -10.514  -0.1712  0.1994   1324.559   2572.473   1324.730   2572.274   1311.724   2579.237 N000417
  4082.540   2514.131  -9.067   4073.912   2377.785  -9.067   0.0404  0.1307   4089.922   2581.404   4089.881   2581.273   4073.871   2377.657 N000418
     0.000      0.000   0.000      0.000      0.000   0.000   0.0000  0.0000      0.000      0.000   2296.412   2581.364   2296.815   2509.151 N000419
     0.000      0.000   0.000      0.000      0.000   0.000   0.0000  0.0000      0.000      0.000   2663.334   2583.774   2664.359   2483.259 N000420
  1998.613   2516.802 -10.449   2004.210   2534.908 -10.448   0.1134 -0.2310   2005.925   2584.076   2005.811   2584.307   2004.094   2535.151 N000421
     0.000      0.000   0.000      0.000      0.000   0.000   0.0000  0.0000      0.000      0.000   2274.820   2594.774   2275.077   2524.401 N000422
     0.000      0.000   0.000      0.000      0.000   0.000   0.0000  0.0000      0.000      0.000   2227.819   2595.274   2227.806   2528.607 N000423
     0.000      0.000   0.000      0.000      0.000   0.000   0.0000  0.0000      0.000      0.000   2188.262   2596.218   2187.995   2532.687 N000424
     0.000      0.000   0.000      0.000      0.000   0.000   0.0000  0.0000      0.000      0.000   2580.497   2601.274   2581.549   2507.244 N000425
  2793.449   2533.805 -11.050   2801.500   2490.252 -11.049  -0.0509 -0.1947   2800.787   2601.079   2800.838   2601.274   2801.551   2490.444 N000426
  3088.691   2537.312 -11.695   3095.123   2471.666 -11.695   0.1907 -0.1884   3096.039   2604.586   3095.848   2604.774   3094.935   2471.869 N000427
     0.000      0.000   0.000      0.000      0.000   0.000   0.0000  0.0000      0.000      0.000    480.298   2615.275    437.932   2698.466 N000428
     0.000      0.000   0.000      0.000      0.000   0.000   0.0000  0.0000      0.000      0.000    799.771   2635.376    770.072   2689.821 N000429
  1399.569   2568.797 -11.558   1395.078   2637.249 -11.557   0.0693 -0.2035   1406.860   2636.072   1406.791   2636.276   1395.005   2637.462 N000430
     0.000      0.000   0.000      0.000      0.000   0.000   0.0000  0.0000      0.000      0.000    809.271   2636.776    779.899   2690.398 N000431
  1486.286   2571.626  -9.835   1483.632   2632.776  -9.834  -0.1643  0.1263   1493.579   2638.902   1493.744   2638.776   1483.801   2632.634 N000432
  2637.171   2573.947 -12.976   2645.504   2542.641 -12.975   0.1712 -0.0532   2644.504   2641.222   2644.332   2641.275   2645.333   2542.708 N000433
  1166.338   2576.554 -10.149   1155.865   2665.268 -10.148  -0.1352  0.0540   1173.621   2643.830   1173.757   2643.776   1156.005   2665.201 N000434
  2097.176   2582.913 -10.565   2103.324   2594.010 -10.565   0.1759 -0.0871   2104.490   2650.189   2104.314   2650.276   2103.146   2594.112 N000435
  2321.028   2583.477  -9.318   2328.677   2576.820  -9.318   0.0278 -0.0233   2328.350   2650.752   2328.322   2650.776   2328.649   2576.846 N000436
   944.278   2589.334 -10.697    926.836   2697.941 -10.697  -0.2220 -0.1664    951.553   2656.610    951.776   2656.776    927.063   2698.091 N000437
  1718.738   2590.812 -11.026   1720.173   2632.846 -11.025   0.1328 -0.1882   1726.040   2658.088   1725.907   2658.276   1720.036   2633.048 N000438
  2504.555   2596.119  -9.374   2512.766   2575.276  -9.374   0.0547  0.1194   2511.883   2663.396   2511.828   2663.276   2512.712   2575.160 N000439
  1263.930   2597.892  -9.822   1255.832   2678.576  -9.821  -0.0696 -0.1082   1271.217   2665.168   1271.286   2665.276   1255.902   2678.681 N000440
     0.000      0.000   0.000      0.000      0.000   0.000   0.0000  0.0000      0.000      0.000   2166.916   2666.676   2166.176   2605.731 N000441
  1702.060   2606.153 -10.445   1703.091   2649.840 -10.444   0.0598  0.1526   1709.361   2673.429   1709.301   2673.277   1703.032   2649.690 N000442
  1108.375   2608.295 -10.219   1095.824   2702.795 -10.218  -0.1253 -0.1521   1115.656   2675.572   1115.781   2675.724   1095.951   2702.939 N000443
  2854.348   2619.993  -9.016   2862.232   2572.491  -9.015  -0.0961 -0.0070   2861.688   2687.270   2861.784   2687.277   2862.328   2572.491 N000444
   671.811   2621.706  -8.916    643.877   2755.810  -8.915  -0.3894  0.2058    679.077   2688.983    679.466   2688.777    644.285   2755.563 N000445
     0.000      0.000   0.000      0.000      0.000   0.000   0.0000  0.0000      0.000      0.000   2578.930   2688.677   2579.859   2595.626 N000446
  1419.997   2627.651 -12.315   1415.331   2695.524 -12.315  -0.0033  0.1506   1427.288   2694.928   1427.291   2694.777   1415.336   2695.370 N000447
     0.000      0.000   0.000      0.000      0.000   0.000   0.0000  0.0000      0.000      0.000   2576.830   2695.777   2577.745   2602.966 N000448
   273.866   2638.553 -10.096    227.596   2810.413 -10.095  -0.1341  0.0526    281.119   2705.831    281.253   2705.778    227.738   2810.346 N000449
  1262.799   2645.509 -11.719   1254.099   2727.319 -11.718  -0.2007  0.0091   1270.085   2712.787   1270.286   2712.778   1254.305   2727.292 N000450
     0.000      0.000   0.000      0.000      0.000   0.000   0.0000  0.0000      0.000      0.000     99.246   2716.778     35.853   2839.253 N000451
  3528.516   2658.221 -10.480   3530.729   2560.959 -10.479   0.0165  0.0544   3535.878   2725.499   3535.862   2725.445   3530.712   2560.906 N000452
  2958.288   2660.779 -10.157   2965.775   2605.738 -10.156  -0.1845 -0.1936   2965.630   2728.057   2965.815   2728.250   2965.959   2605.919 N000453
  3749.301   2660.694  -9.742   3748.229   2547.657  -9.741  -0.1657  0.1269   3756.670   2727.971   3756.836   2727.845   3748.391   2547.518 N000454
  2453.840   2663.090 -11.104   2461.771   2646.984 -11.104  -0.1388  0.0902   2461.165   2730.368   2461.304   2730.278   2461.910   2646.882 N000455
  2239.366   2663.751  -8.675   2246.226   2664.615  -8.675  -0.2338 -0.2488   2246.685   2731.030   2246.919   2731.278   2246.461   2664.849 N000456
  1359.598   2664.492  -9.574   1353.113   2738.325  -9.573   0.0981 -0.0078   1366.887   2731.771   1366.789   2731.779   1353.013   2738.342 N000457
     0.000      0.000   0.000      0.000      0.000   0.000   0.0000  0.0000      0.000      0.000   2766.336   2737.278   2767.142   2630.255 N000458
     0.000      0.000   0.000      0.000      0.000   0.000   0.0000  0.0000      0.000      0.000   3623.771   2736.872   3617.453   2566.061 N000459
     0.000      0.000   0.000      0.000      0.000   0.000   0.0000  0.0000      0.000      0.000   1426.124   2751.696   1413.520   2753.574 N000460
  2685.571   2684.489 -13.434   2693.779   2650.568 -13.434   0.0706 -0.0113   2692.904   2751.768   2692.833   2751.779   2693.708   2650.585 N000461
     0.000      0.000   0.000      0.000      0.000   0.000   0.0000  0.0000      0.000      0.000   3188.850   2753.679   3187.581   2614.785 N000462
  2938.554   2687.339  -9.244   2946.157   2634.028  -9.243   0.0543 -0.5609   2945.896   2754.618   2945.842   2755.179   2946.103   2634.598 N000463
  1580.264   2693.571 -10.436   1578.294   2749.142 -10.436  -0.2022  0.0712   1587.561   2760.851   1587.763   2760.779   1578.501   2749.052 N000464
  1944.852   2699.802 -11.384   1948.677   2725.073 -11.383  -0.1479 -0.1985   1952.161   2767.081   1952.308   2767.280   1948.826   2725.263 N000465
     0.000      0.000   0.000      0.000      0.000   0.000   0.0000  0.0000      0.000      0.000   3016.344   2783.280   3016.300   2657.602 N000466
   302.579   2717.707  -9.665    256.149   2889.356  -9.664   0.0793  0.2073    309.832   2784.988    309.753   2784.780    256.070   2889.149 N000467
  2035.994   2723.342 -11.191   2040.727   2741.553 -11.190  -0.0059 -0.1577   2043.305   2790.623   2043.311   2790.780   2040.732   2741.713 N000468
     0.000      0.000   0.000      0.000      0.000   0.000   0.0000  0.0000      0.000      0.000   2768.523   2797.218   2769.296   2690.665 N000469
     0.000      0.000   0.000      0.000      0.000   0.000   0.0000  0.0000      0.000      0.000    490.913   2797.781    445.693   2885.298 N000470
  1773.069   2734.201  -9.827   1774.165   2774.354  -9.826   0.0687  0.1132   1780.371   2801.482   1780.302   2801.369   1774.096   2774.244 N000471
   938.801   2751.043  -9.131    918.766   2864.259  -9.130  -0.0995  0.0929    946.075   2818.324    946.174   2818.231    918.870   2864.154 N000472
     0.000      0.000   0.000      0.000      0.000   0.000   0.0000  0.0000      0.000      0.000   1740.801   2818.781   1733.791   2795.312 N000473
  1623.072   2751.988  -9.497   1621.353   2805.136  -9.496   0.0719 -0.0117   1630.369   2819.270   1630.297   2819.281   1621.280   2805.154 N000474
  2483.904   2764.652  -9.415   2491.656   2747.523  -9.414  -0.0959  0.1519   2491.230   2831.933   2491.326   2831.781   2491.753   2747.361 N000475
     0.000      0.000   0.000      0.000      0.000   0.000   0.0000  0.0000      0.000      0.000   2045.811   2836.282   2042.965   2787.809 N000476
     0.000      0.000   0.000      0.000      0.000   0.000   0.0000  0.0000      0.000      0.000    814.770   2836.496    782.417   2894.934 N000477
     0.000      0.000   0.000      0.000      0.000   0.000   0.0000  0.0000      0.000      0.000   1170.639   2843.639   1150.171   2870.053 N000478
  3340.760   2779.741 -11.188   3345.683   2696.993 -11.187  -0.0292  0.0828   3348.115   2847.022   3348.144   2846.940   3345.711   2696.907 N000479
     0.000      0.000   0.000      0.000      0.000   0.000   0.0000  0.0000      0.000      0.000   2473.075   2851.782   2473.379   2769.094 N000480
  2231.708   2792.579  -9.973   2237.901   2796.061  -9.973   0.2082  0.0787   2239.026   2859.861   2238.817   2859.782   2237.691   2795.998 N000481
  1085.751   2793.191  -9.269   1069.945   2894.273  -9.268   0.1744  0.1915   1093.030   2860.474   1092.856   2860.283   1069.768   2894.092 N000482
     0.000      0.000   0.000      0.000      0.000   0.000   0.0000  0.0000      0.000      0.000   2768.835   2860.282   2769.560   2754.447 N000483
  2000.951   2795.843  -9.345   2004.794   2818.238  -9.345  -0.0491 -0.1565   2008.261   2863.126   2008.310   2863.283   2004.842   2818.394 N000484
  1779.052   2796.817 -11.889   1779.701   2837.722 -11.889   0.0520 -0.1835   1786.354   2864.099   1786.302   2864.283   1779.647   2837.914 N000485
  1917.358   2801.222 -10.307   1920.065   2830.649 -10.307  -0.1419  0.2224   1924.665   2868.505   1924.807   2868.283   1920.210   2830.410 N000486
  3779.211   2803.182 -12.411   3778.589   2688.698 -12.411   0.2111  0.1815   3786.581   2870.464   3786.369   2870.282   3778.380   2688.530 N000487
  2456.293   2803.549  -8.476   2463.822   2789.177  -8.475  -0.0071  0.0489   2463.618   2870.832   2463.625   2870.783   2463.829   2789.127 N000488
  2687.629   2812.855  -9.856   2695.676   2780.330  -9.855   0.1287 -0.1452   2694.961   2880.138   2694.833   2880.283   2695.547   2780.487 N000489
     0.000      0.000   0.000      0.000      0.000   0.000   0.0000  0.0000      0.000      0.000   2584.891   2884.283   2585.447   2793.195 N000490
  2312.142   2829.240  -9.338   2318.763   2826.837  -9.337   0.1068  0.1684   2319.462   2896.523   2319.356   2896.355   2318.656   2826.675 N000491
  1950.187   2833.294  -9.326   1953.098   2860.622  -9.325   0.1457 -0.1226   1957.495   2900.578   1957.350   2900.700   1952.950   2860.759 N000492
     0.000      0.000   0.000      0.000      0.000   0.000   0.0000  0.0000      0.000      0.000   2109.480   2908.284   2106.864   2855.906 N000493
     0.000      0.000   0.000      0.000      0.000   0.000   0.0000  0.0000      0.000      0.000   2471.825   2909.784   2471.938   2828.070 N000494
  1089.201   2844.294  -9.233   1072.758   2946.456  -9.232   0.2010 -0.1148   1096.480   2911.579   1096.279   2911.693   1072.549   2946.592 N000495
   742.170   2848.698  -8.934    713.165   2982.862  -8.934   0.1700 -0.0167    749.437   2915.982    749.267   2915.999    712.988   2982.895 N000496
  2503.941   2851.212 -13.104   2511.509   2833.767 -13.103  -0.0592  0.1472   2511.267   2918.497   2511.326   2918.349   2511.569   2833.613 N000497
     0.000      0.000   0.000      0.000      0.000   0.000   0.0000  0.0000      0.000      0.000    763.267   2932.285    727.253   2998.382 N000498
     0.000      0.000   0.000      0.000      0.000   0.000   0.0000  0.0000      0.000      0.000   1260.284   2939.285   1241.117   2960.209 N000499
  1217.203   2878.775 -11.282   1204.188   2970.368 -11.282   0.1776 -0.2250   1224.485   2946.060   1224.308   2946.285   1204.002   2970.615 N000500
     0.000      0.000   0.000      0.000      0.000   0.000   0.0000  0.0000      0.000      0.000   1961.808   2951.285   1957.070   2912.004 N000501
  1918.802   2889.727 -11.503   1920.821   2920.842 -11.503  -0.1978  0.2267   1926.109   2957.012   1926.306   2956.785   1921.024   2920.594 N000502
     0.000      0.000   0.000      0.000      0.000   0.000   0.0000  0.0000      0.000      0.000   1772.801   2960.786   1765.028   2937.638 N000503
   519.846   2893.854 -11.089    480.376   3050.544 -11.088  -0.1542 -0.1463    527.105   2961.140    527.259   2961.286    480.534   3050.680 N000504
     0.000      0.000   0.000      0.000      0.000   0.000   0.0000  0.0000      0.000      0.000   1550.748   2964.786   1538.576   2960.794 N000505
  2487.548   2907.548  -8.695   2494.868   2892.323  -8.695   0.1036  0.1032   2494.873   2974.833   2494.770   2974.730   2494.765   2892.226 N000506
  1044.345   2910.894 -10.562   1025.421   3019.043 -10.561  -0.1545 -0.1062   1051.622   2978.180   1051.777   2978.286   1025.579   3019.138 N000507
     0.000      0.000   0.000      0.000      0.000   0.000   0.0000  0.0000      0.000      0.000   1149.780   2979.786   1126.740   3011.765 N000508
     0.000      0.000   0.000      0.000      0.000   0.000   0.0000  0.0000      0.000      0.000   2050.310   2991.787   2046.436   2945.962 N000509
     0.000      0.000   0.000      0.000      0.000   0.000   0.0000  0.0000      0.000      0.000   2545.981   2994.248   2546.129   2907.956 N000510
  2792.177   2931.208 -10.400   2800.090   2892.140 -10.400   0.1768 -0.0029   2799.512   2998.494   2799.335   2998.497   2799.913   2892.157 N000511
   719.739   2933.938 -10.362    688.267   3072.952 -10.361   0.1639 -0.0616    727.005   3001.226    726.841   3001.287    688.095   3073.031 N000512
     0.000      0.000   0.000      0.000      0.000   0.000   0.0000  0.0000      0.000      0.000   1648.297   3007.787   1637.708   2996.409 N000513
  1407.297   2948.150 -10.379   1398.583   3024.678 -10.378  -0.2031  0.1495   1414.586   3015.437   1414.789   3015.287   1398.793   3024.507 N000514
     0.000      0.000   0.000      0.000      0.000   0.000   0.0000  0.0000      0.000      0.000   1834.636   3015.537   1827.408   2988.387 N000515
  2153.414   2948.440  -8.256   2157.981   2961.225  -8.256  -0.0861 -0.0598   2160.728   3015.728   2160.814   3015.787   2158.067   2961.278 N000516
  2315.734   2949.818 -11.553   2321.813   2949.275 -11.552   0.1863 -0.1816   2323.053   3017.106   2322.867   3017.287   2321.625   2949.475 N000517
  1658.284   2954.732  -9.972   1655.192   3009.500  -9.972  -0.2156  0.2041   1665.582   3022.020   1665.797   3021.815   1655.414   3009.272 N000518
  2884.617   2957.999 -10.767   2892.426   2912.076 -10.766   0.1174 -0.0008   2891.956   3025.287   2891.838   3025.287   2892.309   2912.086 N000519
     0.000      0.000   0.000      0.000      0.000   0.000   0.0000  0.0000      0.000      0.000   1735.799   3055.789   1726.426   3038.054 N000520
     0.000      0.000   0.000      0.000      0.000   0.000   0.0000  0.0000      0.000      0.000   3802.869   3059.288   3795.788   2877.859 N000521
  2429.671   3029.708  -9.470   2436.207   3021.376  -9.470   0.1710 -0.1042   2436.994   3096.998   2436.823   3097.102   2436.034   3021.496 N000522
  1490.614   3031.064 -10.256   1482.932   3102.482 -10.255   0.1140  0.0366   1497.905   3098.354   1497.791   3098.318   1482.816   3102.454 N000523
   770.995   3032.518 -12.330    739.795   3170.030 -12.329  -0.0053  0.0183    778.262   3099.809    778.267   3099.790    739.801   3170.011 N000524
   607.063   3036.051 -10.467    568.733   3189.375 -10.466   0.0633  0.0509    614.325   3103.341    614.261   3103.290    568.668   3189.328 N000525
  3828.507   3039.803 -11.842   3828.594   2923.760 -11.841   0.0066 -0.1968   3835.876   3107.093   3835.870   3107.290   3828.589   2923.959 N000526
  2170.579   3050.421 -11.281   2174.665   3063.952 -11.281   0.0793 -0.0786   2177.893   3117.712   2177.814   3117.791   2174.584   3064.039 N000527
  3529.368   3055.690 -10.618   3533.322   2961.826 -10.617  -0.1324  0.0949   3536.727   3122.980   3536.859   3122.886   3533.452   2961.720 N000528
  3439.559   3072.630  -9.511   3444.471   2985.706  -9.510   0.0592  0.1300   3446.916   3139.921   3446.856   3139.791   3444.411   2985.579 N000529
     0.000      0.000   0.000      0.000      0.000   0.000   0.0000  0.0000      0.000      0.000    255.999   3145.399    191.497   3268.394 N000530
  1858.305   3083.836 -11.374   1857.642   3124.644 -11.373  -0.1953 -0.1310   1865.608   3151.127   1865.803   3151.258   1857.839   3124.762 N000531
     0.000      0.000   0.000      0.000      0.000   0.000   0.0000  0.0000      0.000      0.000   3340.653   3159.691   3339.160   3013.777 N000532
  1746.051   3109.801 -10.542   1743.042   3160.999 -10.541   0.0507 -0.1990   1753.350   3177.094   1753.299   3177.292   1742.988   3161.208 N000533
     0.000      0.000   0.000      0.000      0.000   0.000   0.0000  0.0000      0.000      0.000   1929.777   3181.793   1922.604   3150.592 N000534
  1963.765   3115.252 -10.643   1964.548   3147.826 -10.643  -0.2348 -0.2191   1971.072   3182.544   1971.306   3182.763   1964.785   3148.031 N000535
  1848.731   3116.402  -9.658   1847.582   3158.886  -9.657   0.1254 -0.0976   1856.033   3183.695   1855.908   3183.793   1847.453   3158.997 N000536
  1543.878   3119.921  -9.338   1536.371   3189.149  -9.337  -0.1217 -0.0795   1551.171   3187.213   1551.292   3187.293   1536.495   3189.220 N000537
  2344.567   3121.166 -11.209   2350.004   3121.756 -11.208   2.0668  0.1204   2351.886   3188.458   2349.819   3188.338   2347.918   3121.805 N000538
  2460.798   3132.626  -8.832   2467.088   3123.848  -8.832   0.0478  0.1262   2468.121   3199.919   2468.073   3199.793   2467.040   3123.723 N000539
  1853.939   3142.978 -11.245   1852.622   3185.724 -11.244  -0.0606 -0.0215   1861.242   3210.272   1861.303   3210.293   1852.684   3185.741 N000540
     0.000      0.000   0.000      0.000      0.000   0.000   0.0000  0.0000      0.000      0.000   2273.495   3216.294   2270.685   3156.775 N000541
   443.455   3167.972 -11.015    394.421   3342.481 -11.014  -0.0455 -0.0278    450.710   3235.267    450.755   3235.295    394.468   3342.505 N000542
   918.510   3179.071 -10.957    890.482   3307.801 -10.957   0.0100  0.0706    925.781   3246.365    925.771   3246.295    890.473   3307.729 N000543
  2339.124   3205.969 -10.577   2344.014   3208.975 -10.576   0.1244 -0.0307   2346.443   3273.265   2346.318   3273.295   2343.888   3209.017 N000544
  2133.638   3213.270  -9.580   2136.089   3233.852  -9.579   0.1377  0.0198   2140.949   3280.565   2140.811   3280.546   2135.950   3233.843 N000545
   538.944   3246.221 -11.149    492.904   3414.488 -11.148  -0.0557  0.1978    546.202   3313.518    546.258   3313.320    492.967   3414.276 N000546
   875.377   3253.225 -10.353    844.232   3388.867 -10.353  -0.0947  0.2253    882.646   3320.522    882.741   3320.297    844.335   3388.624 N000547
  1867.056   3269.820  -8.936   1864.691   3315.011  -8.935   0.0562 -0.1798   1874.358   3337.118   1874.302   3337.297   1864.632   3315.202 N000548
   784.895   3276.192 -10.324    749.512   3421.489 -10.323  -0.1047  0.1918    792.161   3343.490    792.266   3343.298    749.625   3421.279 N000549
  2252.574   3345.347  -8.806   2255.558   3359.303  -8.805   0.0735 -0.1533   2259.888   3412.646   2259.815   3412.800   2255.483   3359.467 N000550
  2506.871   3346.811 -14.256   2512.417   3339.255 -14.256  -0.0817  0.0015   2514.194   3414.111   2514.276   3414.109   2512.499   3339.247 N000551
     0.000      0.000   0.000      0.000      0.000   0.000   0.0000  0.0000      0.000      0.000   2426.820   3421.800   2424.251   3354.494 N000552
  1373.455   3356.544 -10.314   1358.023   3448.979 -10.313  -0.0453  0.0444   1380.740   3423.845   1380.785   3423.800   1358.070   3448.929 N000553
  2446.516   3410.145  -8.996   2451.177   3409.366  -8.995  -0.0398  0.1450   2453.837   3477.447   2453.876   3477.302   2451.218   3409.214 N000554
     0.000      0.000   0.000      0.000      0.000   0.000   0.0000  0.0000      0.000      0.000   1474.788   3477.802   1453.978   3496.214 N000555
  2330.131   3426.550 -11.393   2333.454   3436.160 -11.392   0.1308  0.0500   2337.448   3493.852   2337.317   3493.802   2333.322   3436.120 N000556
  2849.853   3439.828  -9.168   2856.813   3406.251  -9.168  -0.1471 -0.1718   2857.187   3507.131   2857.334   3507.303   2856.960   3406.415 N000557
     0.000      0.000   0.000      0.000      0.000   0.000   0.0000  0.0000      0.000      0.000   2340.674   3515.803   2336.560   3458.474 N000558
  3227.539   3470.981  -9.598   3234.414   3407.723  -9.598   0.0394 -0.0188   3234.886   3538.285   3234.847   3538.304   3234.375   3407.746 N000559
  1980.553   3481.449  -9.524   1978.108   3523.258  -9.524   0.0534 -0.0512   1987.858   3548.753   1987.805   3548.804   1978.053   3523.315 N000560
     0.000      0.000   0.000      0.000      0.000   0.000   0.0000  0.0000      0.000      0.000    614.758   3555.305    559.186   3660.202 N000561
  1739.059   3488.934  -9.570   1731.451   3552.665  -9.569   0.0587 -0.0657   1746.355   3556.239   1746.296   3556.304   1731.390   3552.739 N000562
     0.000      0.000   0.000      0.000      0.000   0.000   0.0000  0.0000      0.000      0.000   1851.800   3568.805   1839.101   3556.150 N000563
     0.000      0.000   0.000      0.000      0.000   0.000   0.0000  0.0000      0.000      0.000   1844.050   3581.774   1831.029   3570.271 N000564
     0.000      0.000   0.000      0.000      0.000   0.000   0.0000  0.0000      0.000      0.000   1027.272   3590.706    989.297   3656.148 N000565
     0.000      0.000   0.000      0.000      0.000   0.000   0.0000  0.0000      0.000      0.000   3333.849   3613.806   3333.051   3477.211 N000566
  2186.186   3552.035  -8.965   2186.542   3578.018  -8.965   0.1860  0.0973   2193.497   3619.341   2193.311   3619.244   2186.354   3577.934 N000567
     0.000      0.000   0.000      0.000      0.000   0.000   0.0000  0.0000      0.000      0.000   2148.310   3624.306   2140.599   3587.122 N000568
     0.000      0.000   0.000      0.000      0.000   0.000   0.0000  0.0000      0.000      0.000   1607.391   3661.008   1587.542   3674.111 N000569
   835.771   3644.151  -9.146    794.618   3800.760  -9.146  -0.1669  0.1512    843.036   3711.461    843.203   3711.310    794.796   3800.585 N000570
     0.000      0.000   0.000      0.000      0.000   0.000   0.0000  0.0000      0.000      0.000    851.765   3711.310    803.747   3799.721 N000571
     0.000      0.000   0.000      0.000      0.000   0.000   0.0000  0.0000      0.000      0.000   2589.261   3724.185   2586.324   3651.967 N000572
     0.000      0.000   0.000      0.000      0.000   0.000   0.0000  0.0000      0.000      0.000   4051.317   3734.032   4045.016   3544.906 N000573
  2865.692   3674.126  -9.221   2871.931   3645.786  -9.221   0.1922  0.1260   2873.025   3741.436   2872.833   3741.310   2871.738   3645.672 N000574
   808.147   3687.337  -9.223    764.714   3848.885  -9.223   0.0110  0.2003    815.411   3754.648    815.400   3754.447    764.707   3848.675 N000575
     0.000      0.000   0.000      0.000      0.000   0.000   0.0000  0.0000      0.000      0.000   3553.512   3756.310   3551.858   3605.983 N000576
  1981.060   3694.708 -10.473   1976.259   3744.052 -10.472   0.0596  0.1367   1988.363   3762.019   1988.303   3761.882   1976.200   3743.915 N000577
  1457.608   3696.022 -10.126   1439.256   3794.058 -10.125   0.1077  0.0220   1464.893   3763.333   1464.786   3763.311   1439.145   3794.046 N000578
     0.000      0.000   0.000      0.000      0.000   0.000   0.0000  0.0000      0.000      0.000   2615.824   3771.311   2612.843   3698.362 N000579
  3489.556   3720.211 -10.612   3495.600   3642.490 -10.611   0.0563  0.0107   3496.910   3787.522   3496.854   3787.511   3495.544   3642.484 N000580
     0.000      0.000   0.000      0.000      0.000   0.000   0.0000  0.0000      0.000      0.000    765.540   3789.256    711.640   3890.355 N000581
  3857.814   3732.552 -10.374   3861.295   3626.424 -10.373  -0.1596  0.0519   3865.180   3799.864   3865.340   3799.812   3861.453   3626.358 N000582
  1977.688   3747.465  -9.916   1972.188   3799.159  -9.915   0.1875 -0.0354   1984.990   3814.777   1984.803   3814.813   1971.996   3799.212 N000583
  1944.978   3779.396 -10.077   1938.384   3835.357 -10.076  -0.0223 -0.1041   1952.279   3846.709   1952.302   3846.814   1938.405   3835.463 N000584
     0.000      0.000   0.000      0.000      0.000   0.000   0.0000  0.0000      0.000      0.000   1520.287   3865.814   1494.647   3895.768 N000585
  1629.715   3801.624  -9.452   1614.809   3887.911  -9.451   0.0974  0.1237   1637.006   3868.938   1636.908   3868.814   1614.711   3887.791 N000586
  2627.202   3825.363  -9.231   2630.933   3822.314  -9.231   0.2022 -0.1371   2634.526   3892.678   2634.324   3892.815   2630.728   3822.474 N000587
     0.000      0.000   0.000      0.000      0.000   0.000   0.0000  0.0000      0.000      0.000    924.667   3908.816    875.322   3999.866 N000588
     0.000      0.000   0.000      0.000      0.000   0.000   0.0000  0.0000      0.000      0.000   2042.304   3934.852   2029.237   3918.874 N000589
  3376.379   3871.504 -10.297   3382.860   3807.281 -10.296  -0.1210  0.0042   3383.728   3938.820   3383.849   3938.816   3382.980   3807.267 N000590
     0.000      0.000   0.000      0.000      0.000   0.000   0.0000  0.0000      0.000      0.000   3853.465   3939.616   3850.236   3770.820 N000591
  1310.818   3904.929 -11.544   1283.604   4026.943 -11.543  -0.1820 -0.0713   1318.097   3972.246   1318.279   3972.318   1283.791   4027.000 N000592
   961.393   3908.486  -9.869    919.698   4065.950  -9.869  -0.0789 -0.0141    968.661   3975.804    968.740   3975.818    919.780   4065.957 N000593
  1786.481   3908.742 -10.890   1774.239   3984.992 -10.889   0.0086  0.0754   1793.776   3976.060   1793.768   3975.984   1774.232   3984.914 N000594
     0.000      0.000   0.000      0.000      0.000   0.000   0.0000  0.0000      0.000      0.000   1009.822   3982.318    962.549   4068.599 N000595
     0.000      0.000   0.000      0.000      0.000   0.000   0.0000  0.0000      0.000      0.000   3272.845   3986.818   3272.013   3865.878 N000596
  1338.234   3948.554 -12.522   1311.153   4070.062 -12.522   0.0601  0.0538   1345.514   4015.873   1345.454   4015.819   1311.092   4070.012 N000597
  1290.617   3957.102 -11.155   1261.576   4083.792 -11.155   0.1173  0.1016   1297.896   4024.421   1297.778   4024.319   1261.456   4083.697 N000598
  1938.460   3984.642 -11.555   1928.959   4050.070 -11.554  -0.0403  0.1417   1945.760   4051.962   1945.800   4051.820   1929.002   4049.918 N000599
  3642.835   3990.025  -9.267   3648.574   3908.158  -9.267  -0.1654 -0.0080   3650.192   4057.345   3650.357   4057.353   3648.739   3908.153 N000600
     0.000      0.000   0.000      0.000      0.000   0.000   0.0000  0.0000      0.000      0.000   1785.294   4092.321     -1.000     -1.000 N000601
  2733.106   4037.018  -9.598   2736.435   4032.832  -9.598   0.1062  0.0179   2740.433   4104.339   2740.326   4104.321   2736.328   4032.822 N000602
     0.000      0.000   0.000      0.000      0.000   0.000   0.0000  0.0000      0.000      0.000   2376.714   4180.324     -1.000     -1.000 N000603
