     0.000      0.000   0.000      0.000      0.000   0.000   0.0000  0.0000      0.000      0.000    275.206    -90.977    250.321     42.738 N000001
     0.000      0.000   0.000      0.000      0.000   0.000   0.0000  0.0000      0.000      0.000    465.209    -67.313    446.035     53.294 N000002
   864.898   -124.427  -8.731    860.331     29.999  -8.732  -0.1024  0.0733    870.114    -63.745    870.216    -63.818    860.435     29.920 N000003
   332.288    -48.886 -11.519    314.276    140.098 -11.520  -0.1842  0.1139    337.495     11.802    337.679     11.689    314.466    139.973 N000004
  2316.612    -26.255 -10.313   2317.619     35.060 -10.314   0.1123  0.0951   2321.853     34.409   2321.740     34.314   2317.508     34.974 N000005
     0.000      0.000   0.000      0.000      0.000   0.000   0.0000  0.0000      0.000      0.000    730.214     51.684    717.460    152.901 N000006
  1272.447     -5.972 -10.361   1273.638    119.996 -10.361  -0.0533  0.0280   1277.670     54.705   1277.723     54.677   1273.692    119.965 N000007
     0.000      0.000   0.000      0.000      0.000   0.000   0.0000  0.0000      0.000      0.000   2824.749     89.657   2814.134     58.631 N000008
     0.000      0.000   0.000      0.000      0.000   0.000   0.0000  0.0000      0.000      0.000    769.942    131.729    757.910    229.178 N000009
  2272.974     90.629 -11.146   2274.933    151.676 -11.147  -0.0257  0.1291   2278.214    151.293   2278.240    151.164   2274.958    151.548 N000010
  3387.684     96.265 -13.510   3370.917     90.408 -13.511   0.1843 -0.0263   3392.943    156.916   3392.758    156.942   3370.738     90.444 N000011
   132.901    102.765 -12.947    107.325    304.235 -12.948  -0.0990 -0.1480    138.105    163.456    138.204    163.604    107.427    304.375 N000012
     0.000      0.000   0.000      0.000      0.000   0.000   0.0000  0.0000      0.000      0.000    543.244    171.186    525.561    283.590 N000013
     0.000      0.000   0.000      0.000      0.000   0.000   0.0000  0.0000      0.000      0.000    446.709    199.687    426.155    318.483 N000014
     0.000      0.000   0.000      0.000      0.000   0.000   0.0000  0.0000      0.000      0.000   2373.741    244.163   2370.032    236.434 N000015
  1833.933    187.472 -10.854   1838.082    273.799 -10.855  -0.0667 -0.0282   1839.165    248.141   1839.232    248.170   1838.149    273.822 N000016
  1619.957    221.190  -9.688   1623.758    320.581  -9.689  -0.0427  0.1668   1625.186    281.862   1625.228    281.695   1623.801    320.414 N000017
     0.000      0.000   0.000      0.000      0.000   0.000   0.0000  0.0000      0.000      0.000   2887.220    282.157   2876.862    242.103 N000018
     0.000      0.000   0.000      0.000      0.000   0.000   0.0000  0.0000      0.000      0.000   1944.234    351.668   1943.294    368.579 N000019
   687.864    302.626  -9.054    678.576    463.356  -9.055  -0.0739  0.2515    693.076    363.311    693.150    363.059    678.653    463.102 N000020
     0.000      0.000   0.000      0.000      0.000   0.000   0.0000  0.0000      0.000      0.000   1875.232    382.669   1874.422    403.412 N000021
     0.000      0.000   0.000      0.000      0.000   0.000   0.0000  0.0000      0.000      0.000   1471.726    383.174   1469.474    430.190 N000022
  2178.159    350.864 -11.754   2181.764    412.018 -11.755   0.1586 -0.1362   2183.396    411.529   2183.238    411.665   2181.607    412.161 N000023
  1247.425    353.536 -10.399   1248.234    475.358 -10.400  -0.0753  0.0356   1252.647    414.213   1252.722    414.177   1248.310    475.318 N000024
     0.000      0.000   0.000      0.000      0.000   0.000   0.0000  0.0000      0.000      0.000   3705.263    444.861   3677.739    351.401 N000025
  1499.475    393.309  -9.940   1502.678    497.724  -9.941   1.4748  1.8094   1504.701    453.983   1503.226    452.174   1501.193    496.040 N000026
     0.000      0.000   0.000      0.000      0.000   0.000   0.0000  0.0000      0.000      0.000   1002.718    459.680    994.448    537.278 N000027
  1082.431    408.713  -8.830   1080.790    541.044  -8.831  -0.0694  0.2131   1087.650    469.392   1087.719    469.179   1080.861    540.829 N000028
  1120.648    414.277  -8.883   1119.599    543.925  -8.884   0.1483 -0.2234   1125.868    474.955   1125.720    475.179   1119.448    544.156 N000029
     0.000      0.000   0.000      0.000      0.000   0.000   0.0000  0.0000      0.000      0.000   1099.819    481.179   1093.125    551.860 N000030
  3131.671    421.702 -10.380   3123.343    421.919 -10.381   0.1708  0.1684   3136.924    482.355   3136.754    482.187   3123.174    421.765 N000031
  3177.508    447.721 -13.309   3168.453    444.481 -13.310   0.0077  0.1758   3182.762    508.374   3182.754    508.198   3168.444    444.310 N000032
     0.000      0.000   0.000      0.000      0.000   0.000   0.0000  0.0000      0.000      0.000   2473.242    519.662   2469.785    499.545 N000033
     0.000      0.000   0.000      0.000      0.000   0.000   0.0000  0.0000      0.000      0.000    200.871    539.107    169.994    673.392 N000034
  2063.283    484.576  -9.308   2067.728    550.514  -9.308  -0.2169  0.0758   2068.519    545.243   2068.736    545.167   2067.944    550.425 N000035
     0.000      0.000   0.000      0.000      0.000   0.000   0.0000  0.0000      0.000      0.000    172.204    560.191    140.065    696.545 N000036
  2317.770    522.340  -9.075   2321.048    571.170  -9.076  -0.0300 -0.1597   2323.010    583.004   2323.040    583.164   2321.078    571.325 N000037
     0.000      0.000   0.000      0.000      0.000   0.000   0.0000  0.0000      0.000      0.000   1586.727    591.173   1585.198    627.445 N000038
  1791.301    555.951 -13.048   1795.899    638.527 -13.048  -0.1986 -0.0486   1796.532    616.622   1796.731    616.670   1796.098    638.562 N000039
     0.000      0.000   0.000      0.000      0.000   0.000   0.0000  0.0000      0.000      0.000   1440.225    621.175   1437.525    666.940 N000040
     0.000      0.000   0.000      0.000      0.000   0.000   0.0000  0.0000      0.000      0.000   2797.748    629.658   2790.892    586.727 N000041
     0.000      0.000   0.000      0.000      0.000   0.000   0.0000  0.0000      0.000      0.000   2411.824    631.163   2409.343    612.701 N000042
     0.000      0.000   0.000      0.000      0.000   0.000   0.0000  0.0000      0.000      0.000   3260.589    640.152   3245.646    568.211 N000043
  1814.783    579.883  -8.337   1819.438    660.537  -8.338  -0.0166 -0.1170   1820.015    640.553   1820.031    640.670   1819.455    660.651 N000044
     0.000      0.000   0.000      0.000      0.000   0.000   0.0000  0.0000      0.000      0.000   2737.747    660.159   2731.871    620.361 N000045
    69.424    608.621 -10.074     37.604    812.870 -10.074  -0.0764  0.1206     74.625    669.312     74.702    669.192     37.685    812.744 N000046
     0.000      0.000   0.000      0.000      0.000   0.000   0.0000  0.0000      0.000      0.000   2024.235    675.168   2023.753    681.099 N000047
  2900.246    615.971  -8.846   2897.287    625.905  -8.847   0.1386 -0.0294   2905.495    676.627   2905.357    676.656   2897.151    625.943 N000048
     0.000      0.000   0.000      0.000      0.000   0.000   0.0000  0.0000      0.000      0.000   1149.220    677.678   1142.734    742.876 N000049
  2361.169    627.453 -11.907   2364.457    671.507 -11.908   0.1691 -0.0469   2366.409    688.116   2366.240    688.163   2364.289    671.564 N000050
     0.000      0.000   0.000      0.000      0.000   0.000   0.0000  0.0000      0.000      0.000   2147.237    711.666   2146.523    708.914 N000051
  1650.052    666.838 -11.625   1654.067    757.330 -11.626   0.0522 -0.1625   1655.281    727.510   1655.228    727.672   1654.014    757.494 N000052
     0.000      0.000   0.000      0.000      0.000   0.000   0.0000  0.0000      0.000      0.000   1464.225    728.875   1461.573    771.724 N000053
     0.000      0.000   0.000      0.000      0.000   0.000   0.0000  0.0000      0.000      0.000    402.270    730.625    377.142    849.443 N000054
  2584.568    677.306 -10.981   2586.038    706.034 -10.982   0.0680 -0.1945   2589.812    737.966   2589.744    738.160   2585.971    706.229 N000055
  3247.601    678.576 -12.387   3238.793    665.418 -12.388   0.1011  0.0759   3252.856    739.228   3252.755    739.152   3238.693    665.350 N000056
     0.000      0.000   0.000      0.000      0.000   0.000   0.0000  0.0000      0.000      0.000   1473.225    756.174   1470.602    798.102 N000057
     0.000      0.000   0.000      0.000      0.000   0.000   0.0000  0.0000      0.000      0.000   4075.269    774.142   4040.249    649.589 N000058
   585.668    729.152  -9.470    571.266    894.478  -9.471   0.1681  0.1523    590.878    789.838    590.710    789.685    571.094    894.339 N000059
     0.000      0.000   0.000      0.000      0.000   0.000   0.0000  0.0000      0.000      0.000   1777.630    791.571   1776.934    812.290 N000060
     0.000      0.000   0.000      0.000      0.000   0.000   0.0000  0.0000      0.000      0.000   2837.748    796.657   2831.176    747.723 N000061
     0.000      0.000   0.000      0.000      0.000   0.000   0.0000  0.0000      0.000      0.000   1309.822    803.476   1305.251    856.284 N000062
  3791.121    743.656  -9.405   3769.822    695.661  -9.406   0.1214  0.1564   3796.385    804.302   3796.264    804.145   3769.703    695.516 N000063
     0.000      0.000   0.000      0.000      0.000   0.000   0.0000  0.0000      0.000      0.000   2525.555    805.099   2522.664    776.072 N000064
  3816.879    751.921  -9.414   3794.948    702.162  -9.414  -0.1215 -0.0794   3822.143    812.566   3822.265    812.645   3795.067    702.232 N000065
  1728.687    757.618  -9.249   1733.025    841.642  -9.250   0.1869  0.1178   1733.916    818.289   1733.729    818.171   1732.837    841.538 N000066
     0.000      0.000   0.000      0.000      0.000   0.000   0.0000  0.0000      0.000      0.000   3287.256    840.652   3273.193    762.432 N000067
  1326.769    782.508  -9.402   1327.580    894.087  -9.402  -0.2308  0.0082   1331.992    843.184   1332.223    843.176   1327.814    894.063 N000068
     0.000      0.000   0.000      0.000      0.000   0.000   0.0000  0.0000      0.000      0.000    503.709    844.687    481.013    955.697 N000069
  1513.537    788.672  -9.363   1516.361    887.145  -9.364   0.0366  0.1718   1518.762    849.346   1518.726    849.174   1516.324    886.977 N000070
  1617.293    788.896  -8.670   1620.940    880.191  -8.671  -0.2069 -0.1041   1622.521    849.568   1622.728    849.673   1621.148    880.280 N000071
   937.606    793.541 -10.413    931.732    932.809 -10.414   0.1056  0.0407    942.822    854.222    942.716    854.181    931.624    932.776 N000072
     0.000      0.000   0.000      0.000      0.000   0.000   0.0000  0.0000      0.000      0.000   2850.665    860.824   2844.217    809.816 N000073
  1204.576    806.597 -12.025   1203.567    926.619 -12.025   0.0755  0.0970   1209.796    867.275   1209.721    867.178   1203.491    926.528 N000074
     0.000      0.000   0.000      0.000      0.000   0.000   0.0000  0.0000      0.000      0.000   2080.735    874.167   2080.389    873.352 N000075
     0.000      0.000   0.000      0.000      0.000   0.000   0.0000  0.0000      0.000      0.000   2209.237    877.665   2208.571    868.219 N000076
  3008.933    818.761 -10.586   3005.362    817.610 -10.587  -0.0417 -0.1642   3014.184    879.416   3014.226    879.580   3005.404    817.768 N000077
     0.000      0.000   0.000      0.000      0.000   0.000   0.0000  0.0000      0.000      0.000   2112.736    901.666   2112.357    898.328 N000078
     0.000      0.000   0.000      0.000      0.000   0.000   0.0000  0.0000      0.000      0.000    149.203    903.691    112.990   1041.827 N000079
     0.000      0.000   0.000      0.000      0.000   0.000   0.0000  0.0000      0.000      0.000   1609.727    907.673   1607.953    938.580 N000080
  1555.826    847.348 -10.378   1558.885    942.307 -10.379  -0.1489 -0.1519   1561.052    908.021   1561.201    908.173   1559.035    942.447 N000081
  2182.704    867.804 -10.327   2187.406    919.723 -10.328   0.2040 -0.1650   2187.941    928.469   2187.737    928.634   2187.202    919.899 N000082
     0.000      0.000   0.000      0.000      0.000   0.000   0.0000  0.0000      0.000      0.000   2869.748    932.800   2863.371    879.226 N000083
     0.000      0.000   0.000      0.000      0.000   0.000   0.0000  0.0000      0.000      0.000   2774.247    933.658   2769.132    886.239 N000084
     0.000      0.000   0.000      0.000      0.000   0.000   0.0000  0.0000      0.000      0.000   2558.493    954.244   2555.768    920.548 N000085
     0.000      0.000   0.000      0.000      0.000   0.000   0.0000  0.0000      0.000      0.000   2336.739    963.664   2335.633    944.488 N000086
     0.000      0.000   0.000      0.000      0.000   0.000   0.0000  0.0000      0.000      0.000    396.707    978.063    369.272   1097.181 N000087
  1290.750    919.488  -8.996   1290.576   1032.581  -8.997  -0.1832 -0.0119   1295.972    980.165   1296.155    980.177   1290.762   1032.580 N000088
  2812.105    934.372 -10.084   2811.948    943.750 -10.085   0.1054 -0.1281   2817.353    995.029   2817.247    995.158   2811.845    943.883 N000089
  2391.540    936.939 -13.219   2395.394    973.942 -13.220   0.0399 -0.0610   2396.780    997.602   2396.740    997.663   2395.355    974.005 N000090
   538.655    937.391 -10.020    521.172   1105.944 -10.021   0.1554 -0.1092    543.865    998.077    543.709    998.186    521.011   1106.065 N000091
     0.000      0.000   0.000      0.000      0.000   0.000   0.0000  0.0000      0.000      0.000   2154.861   1004.666   2154.476    997.145 N000092
     0.000      0.000   0.000      0.000      0.000   0.000   0.0000  0.0000      0.000      0.000   2885.749   1008.157   2879.491    952.213 N000093
     0.000      0.000   0.000      0.000      0.000   0.000   0.0000  0.0000      0.000      0.000   1557.226   1011.173   1554.770   1044.820 N000094
     0.000      0.000   0.000      0.000      0.000   0.000   0.0000  0.0000      0.000      0.000   1812.766   1013.670   1812.012   1029.445 N000095
  2325.106    956.539 -11.350   2329.361    997.706 -11.350   0.1062  0.0390   2330.345   1017.203   2330.239   1017.164   2329.255    997.675 N000096
  2169.616    958.531  -9.295   2174.430   1010.142  -9.295   0.1159  0.0312   2174.853   1019.197   2174.737   1019.166   2174.314   1010.119 N000097
     0.000      0.000   0.000      0.000      0.000   0.000   0.0000  0.0000      0.000      0.000   1064.689   1025.680   1055.158   1094.601 N000098
     0.000      0.000   0.000      0.000      0.000   0.000   0.0000  0.0000      0.000      0.000   2406.240   1029.788   2404.861   1005.044 N000099
  1086.849    974.195  -9.817   1083.010   1101.755  -9.818  -0.1513  0.1945   1092.067   1034.874   1092.218   1034.679   1083.165   1101.550 N000100
     0.000      0.000   0.000      0.000      0.000   0.000   0.0000  0.0000      0.000      0.000   2046.234   1034.467   2045.960   1033.974 N000101
  1954.351    989.555  -8.837   1959.225   1055.492  -8.838  -0.1491  0.0051   1959.584   1050.224   1959.733   1050.218   1959.374   1055.477 N000102
  1409.987   1007.811  -9.889   1411.047   1111.808  -9.890  -0.0134 -0.1630   1415.210   1068.486   1415.224   1068.649   1411.060   1111.969 N000103
  2129.911   1017.180 -10.650   2134.826   1070.790 -10.651  -0.0891  0.1802   2135.147   1077.846   2135.236   1077.666   2134.915   1070.606 N000104
  1972.592   1023.105 -10.482   1977.477   1087.437 -10.483   0.0915  0.1051   1977.825   1083.773   1977.733   1083.668   1977.385   1087.339 N000105
   533.141   1023.610 -10.637    514.715   1192.667 -10.638   0.1409  0.1104    538.350   1084.297    538.209   1084.186    514.570   1192.567 N000106
     0.000      0.000   0.000      0.000      0.000   0.000   0.0000  0.0000      0.000      0.000   1804.730   1089.115   1803.831   1104.738 N000107
  3751.057   1029.718 -10.532   3733.376    977.593 -10.533   0.0568  0.1702   3756.320   1090.364   3756.263   1090.193   3733.319    977.430 N000108
  2360.196   1044.824 -10.962   2364.401   1082.479 -10.963   0.1964 -0.1760   2365.436   1105.487   2365.240   1105.663   2364.206   1082.666 N000109
  1734.429   1052.038  -9.140   1738.352   1132.699  -9.141  -0.0707  0.0376   1739.658   1112.709   1739.729   1112.671   1738.423   1132.657 N000110
     0.000      0.000   0.000      0.000      0.000   0.000   0.0000  0.0000      0.000      0.000   1831.231   1117.670   1830.401   1131.191 N000111
  3739.598   1057.380 -10.469   3722.447   1005.393 -10.470   0.0734 -0.1204   3744.861   1118.026   3744.788   1118.146   3722.376   1005.515 N000112
  3082.903   1059.405 -10.236   3079.406   1049.086 -10.237  -0.0970 -0.0954   3088.155   1120.059   3088.252   1120.154   3079.502   1049.173 N000113
     0.000      0.000   0.000      0.000      0.000   0.000   0.0000  0.0000      0.000      0.000   1401.723   1128.675   1397.153   1172.627 N000114
     0.000      0.000   0.000      0.000      0.000   0.000   0.0000  0.0000      0.000      0.000   2839.248   1132.657   2834.112   1077.722 N000115
     0.000      0.000   0.000      0.000      0.000   0.000   0.0000  0.0000      0.000      0.000   1845.731   1137.670   1844.934   1150.005 N000116
   950.159   1091.267 -11.874    942.705   1228.660 -11.875   0.1588 -0.2328    955.375   1151.948    955.216   1152.181    942.541   1228.904 N000117
     0.000      0.000   0.000      0.000      0.000   0.000   0.0000  0.0000      0.000      0.000   2740.746   1152.159   2736.821   1103.438 N000118
  1511.454   1095.083 -10.572   1513.368   1191.290 -10.572  -0.0463  0.0830   1516.679   1155.757   1516.725   1155.674   1513.415   1191.204 N000119
  1721.832   1099.418 -10.732   1725.564   1180.607 -10.733  -0.1683 -0.0817   1727.061   1160.090   1727.229   1160.171   1725.733   1180.676 N000120
     0.000      0.000   0.000      0.000      0.000   0.000   0.0000  0.0000      0.000      0.000   1218.720   1173.615   1211.178   1230.717 N000121
  2263.839   1113.166 -12.403   2268.501   1156.553 -12.403  -0.1610  0.1657   2269.077   1173.830   2269.238   1173.665   2268.661   1156.378 N000122
     0.000      0.000   0.000      0.000      0.000   0.000   0.0000  0.0000      0.000      0.000   1170.720   1180.253   1162.291   1240.878 N000123
  2212.072   1122.100 -11.620   2216.871   1168.933 -11.621  -2.0281 -0.2996   2217.309   1182.766   2219.337   1183.065   2218.893   1169.090 N000124
   455.361   1130.191 -10.915    433.260   1305.592 -10.915  -0.1395  0.1913    460.568   1190.879    460.708   1190.687    433.406   1305.389 N000125
     0.000      0.000   0.000      0.000      0.000   0.000   0.0000  0.0000      0.000      0.000   1383.723   1209.176   1378.555   1254.072 N000126
  2630.443   1168.149 -12.859   2633.004   1186.063 -12.860  -0.0565  0.1489   2635.688   1228.809   2635.744   1228.660   2633.060   1185.912 N000127
   189.401   1182.049  -9.651    156.413   1378.969  -9.652  -0.0994  0.0494    194.604   1242.740    194.703   1242.691    156.517   1378.911 N000128
  1485.474   1197.688 -10.298   1486.683   1295.280 -10.299  -0.0259  0.1620   1490.699   1258.363   1490.725   1258.201   1486.710   1295.117 N000129
  1014.386   1211.767 -10.874   1007.504   1344.276 -10.875  -0.0912 -0.2100   1019.603   1272.448   1019.694   1272.658   1007.596   1344.479 N000130
     0.000      0.000   0.000      0.000      0.000   0.000   0.0000  0.0000      0.000      0.000    777.641   1272.755    759.502   1363.074 N000131
     0.000      0.000   0.000      0.000      0.000   0.000   0.0000  0.0000      0.000      0.000   2034.234   1273.168   2033.792   1271.195 N000132
  3112.941   1219.983 -14.134   3109.761   1205.156 -14.135  -0.0589  0.1708   3118.193   1280.637   3118.252   1280.466   3109.818   1204.984 N000133
  1083.721   1226.662 -11.224   1078.223   1353.935 -11.225   0.1984  0.1622   1088.939   1287.342   1088.741   1287.179   1078.022   1353.788 N000134
     0.000      0.000   0.000      0.000      0.000   0.000   0.0000  0.0000      0.000      0.000   1366.556   1289.176   1360.745   1335.079 N000135
     0.000      0.000   0.000      0.000      0.000   0.000   0.0000  0.0000      0.000      0.000   1442.224   1289.675   1437.462   1330.020 N000136
  2254.077   1233.863  -8.667   2258.795   1276.705  -8.668   0.0051 -0.0652   2259.314   1294.528   2259.309   1294.593   2258.790   1276.770 N000137
  2133.129   1238.153 -12.766   2137.983   1289.359 -12.767   0.1287  0.1528   2138.364   1298.819   2138.236   1298.666   2137.855   1289.216 N000138
  1472.496   1244.417  -8.943   1473.342   1342.790  -8.944  -0.0037 -0.0829   1477.721   1305.092   1477.724   1305.174   1473.345   1342.872 N000139
  1563.659   1253.015 -10.232   1565.517   1344.704 -10.233   0.1585  0.0151   1568.885   1313.688   1568.726   1313.673   1565.357   1344.700 N000140
     0.000      0.000   0.000      0.000      0.000   0.000   0.0000  0.0000      0.000      0.000   1886.331   1314.169   1885.366   1322.350 N000141
     0.000      0.000   0.000      0.000      0.000   0.000   0.0000  0.0000      0.000      0.000   1788.430   1315.171   1786.929   1330.332 N000142
  2117.505   1260.366  -9.183   2122.337   1312.490  -9.184   0.0050 -0.1008   2122.740   1321.032   2122.735   1321.133   2122.332   1312.590 N000143
  1503.991   1268.099  -9.046   1505.110   1364.093  -9.047  -0.1458  0.1900   1509.216   1328.773   1509.361   1328.583   1505.258   1363.893 N000144
     0.000      0.000   0.000      0.000      0.000   0.000   0.0000  0.0000      0.000      0.000   2441.741   1330.662   2440.560   1299.940 N000145
  1932.079   1271.703  -9.484   1936.518   1336.820  -9.485   0.0794  0.2033   1937.312   1332.372   1937.232   1332.169   1936.439   1336.623 N000146
     0.000      0.000   0.000      0.000      0.000   0.000   0.0000  0.0000      0.000      0.000   1288.277   1337.177   1280.970   1388.800 N000147
  3627.309   1281.755 -10.979   3614.597   1232.670 -10.980  -0.1913  0.0970   3632.569   1342.402   3632.761   1342.305   3614.783   1232.563 N000148
     0.000      0.000   0.000      0.000      0.000   0.000   0.0000  0.0000      0.000      0.000   1353.722   1349.176   1347.395   1395.913 N000149
     0.000      0.000   0.000      0.000      0.000   0.000   0.0000  0.0000      0.000      0.000   2000.162   1356.097   1999.524   1355.942 N000150
  2789.762   1307.663 -10.976   2791.133   1313.180 -10.977   0.1566  0.1631   2795.008   1368.321   2794.852   1368.158   2790.978   1313.029 N000151
  1347.555   1308.862  -9.761   1346.320   1416.320  -9.761   0.0552 -0.1376   1352.777   1369.538   1352.722   1369.676   1346.263   1416.462 N000152
  1259.013   1313.878 -11.070   1256.293   1427.952 -11.070   0.0127 -0.1215   1264.234   1374.556   1264.221   1374.677   1256.279   1428.075 N000153
  1455.868   1344.599 -12.709   1456.006   1443.964 -12.710  -0.1316  0.0987   1461.092   1405.273   1461.224   1405.175   1456.140   1443.856 N000154
  3638.825   1344.425 -14.328   3626.302   1293.589 -14.329   0.1080 -0.0964   3644.086   1405.073   3643.978   1405.169   3626.198   1293.691 N000155
  1954.416   1350.021 -10.955   1958.766   1413.111 -10.956  -0.0840  0.0215   1959.648   1410.690   1959.732   1410.668   1958.850   1413.084 N000156
     0.000      0.000   0.000      0.000      0.000   0.000   0.0000  0.0000      0.000      0.000   2593.743   1412.411   2591.738   1370.475 N000157
     0.000      0.000   0.000      0.000      0.000   0.000   0.0000  0.0000      0.000      0.000   1467.824   1415.975   1462.773   1454.152 N000158
  1728.922   1356.907  -9.220   1731.928   1436.208  -9.221  -0.0782 -0.0929   1734.150   1417.578   1734.229   1417.671   1732.007   1436.295 N000159
  1370.734   1357.857 -11.854   1369.575   1463.544 -11.855   0.1091 -0.1428   1375.957   1418.533   1375.848   1418.676   1369.463   1463.695 N000160
     0.000      0.000   0.000      0.000      0.000   0.000   0.0000  0.0000      0.000      0.000   3977.766   1421.643   3951.911   1288.730 N000161
  1747.040   1367.985 -11.095   1750.146   1445.934 -11.096   0.0401 -0.0149   1752.269   1428.656   1752.229   1428.671   1750.105   1445.952 N000162
  2200.676   1367.920  -8.683   2205.407   1413.445  -8.684   0.1763 -0.0804   2205.913   1428.585   2205.737   1428.665   2205.231   1413.537 N000163
  2509.010   1369.540  -8.831   2512.772   1393.566  -8.832   0.0103  0.1649   2514.252   1430.201   2514.242   1430.037   2512.762   1393.403 N000164
     0.000      0.000   0.000      0.000      0.000   0.000   0.0000  0.0000      0.000      0.000   2197.736   1435.165   2197.227   1420.559 N000165
     0.000      0.000   0.000      0.000      0.000   0.000   0.0000  0.0000      0.000      0.000   2948.249   1439.545   2942.843   1373.270 N000166
  1403.816   1387.406  -9.070   1402.983   1490.606  -9.071  -0.1838 -0.0943   1409.039   1448.081   1409.223   1448.175   1403.169   1490.687 N000167
  1002.094   1388.070 -10.428    993.537   1521.817 -10.429   0.1254  0.0702   1007.310   1448.751   1007.185   1448.680    993.409   1521.756 N000168
     0.000      0.000   0.000      0.000      0.000   0.000   0.0000  0.0000      0.000      0.000   3373.185   1452.151   3361.263   1357.522 N000169
     0.000      0.000   0.000      0.000      0.000   0.000   0.0000  0.0000      0.000      0.000   2183.736   1463.066   2183.198   1449.277 N000170
  1666.422   1403.174 -11.197   1668.696   1486.910 -11.197  -0.0783  0.1742   1671.649   1463.846   1671.728   1463.672   1668.776   1486.730 N000171
  3366.402   1403.395  -8.858   3359.831   1369.356  -8.859  -0.0981 -0.1046   3371.658   1464.046   3371.756   1464.151   3359.928   1369.453 N000172
  1633.757   1412.337  -9.617   1635.664   1498.457  -9.618  -0.1593 -0.1630   1638.984   1473.010   1639.144   1473.172   1635.824   1498.608 N000173
  1150.399   1422.010 -10.025   1144.853   1544.431 -10.026  -0.1007  0.0096   1155.618   1482.688   1155.719   1482.679   1144.956   1544.414 N000174
     0.000      0.000   0.000      0.000      0.000   0.000   0.0000  0.0000      0.000      0.000   2177.736   1485.791   2177.169   1472.299 N000175
     0.000      0.000   0.000      0.000      0.000   0.000   0.0000  0.0000      0.000      0.000   3246.254   1489.152   3236.752   1402.400 N000176
  1902.994   1429.139  -9.511   1906.919   1495.589  -9.512  -0.0325  0.1656   1908.225   1489.808   1908.258   1489.643   1906.952   1495.422 N000177
     0.000      0.000   0.000      0.000      0.000   0.000   0.0000  0.0000      0.000      0.000   1403.223   1493.146   1396.810   1536.109 N000178
     0.000      0.000   0.000      0.000      0.000   0.000   0.0000  0.0000      0.000      0.000    615.210   1496.185    589.815   1600.403 N000179
     0.000      0.000   0.000      0.000      0.000   0.000   0.0000  0.0000      0.000      0.000   2593.243   1516.661   2591.367   1473.847 N000180
  2418.009   1459.630  -8.759   2422.235   1489.292  -8.760   0.0090  0.1298   2423.249   1520.292   2423.240   1520.163   2422.226   1489.164 N000181
     0.000      0.000   0.000      0.000      0.000   0.000   0.0000  0.0000      0.000      0.000   2126.235   1527.166   2125.568   1517.134 N000182
   920.307   1469.702  -8.850    908.979   1610.164  -8.851   0.0293  0.0908    925.522   1530.383    925.493   1530.293    908.950   1610.075 N000183
  2899.683   1480.412 -10.126   2900.342   1476.661 -10.127   0.1562 -0.0875   2904.931   1541.069   2904.774   1541.157   2900.188   1476.758 N000184
     0.000      0.000   0.000      0.000      0.000   0.000   0.0000  0.0000      0.000      0.000   1215.420   1545.378   1205.376   1602.698 N000185
  1836.343   1487.302 -12.721   1839.689   1558.433 -12.721  -0.1570 -0.1980   1841.573   1547.972   1841.730   1548.170   1839.847   1558.619 N000186
  1463.698   1490.429  -9.866   1463.126   1589.167  -9.866   0.1642 -0.0709   1468.922   1551.104   1468.757   1551.175   1462.959   1589.250 N000187
  1754.207   1492.452 -10.513   1756.905   1569.594 -10.513   0.2069 -0.0484   1759.436   1553.123   1759.229   1553.171   1756.696   1569.658 N000188
     0.000      0.000   0.000      0.000      0.000   0.000   0.0000  0.0000      0.000      0.000   1535.725   1557.174   1530.798   1590.232 N000189
  1563.946   1501.968  -9.252   1564.630   1593.202  -9.252  -0.0540 -0.0323   1569.172   1562.641   1569.226   1562.673   1564.685   1593.230 N000190
  2124.661   1503.625 -10.781   2129.169   1553.838 -10.781  -0.3112  0.1247   2129.896   1564.291   2130.207   1564.166   2129.481   1553.691 N000191
     0.000      0.000   0.000      0.000      0.000   0.000   0.0000  0.0000      0.000      0.000   1166.355   1568.178   1155.140   1629.355 N000192
     0.000      0.000   0.000      0.000      0.000   0.000   0.0000  0.0000      0.000      0.000   2268.321   1572.748   2267.631   1552.380 N000193
  1399.493   1535.291 -11.689   1397.671   1638.945 -11.690  -0.0073 -0.2087   1404.716   1595.967   1404.723   1596.175   1397.677   1639.154 N000194
     0.000      0.000   0.000      0.000      0.000   0.000   0.0000  0.0000      0.000      0.000   2180.819   1596.166   2180.092   1581.937 N000195
  2231.952   1536.750 -10.452   2236.479   1579.151 -10.452  -0.0215 -0.1710   2237.189   1597.415   2237.210   1597.586   2236.500   1579.320 N000196
  4004.622   1538.908 -12.289   3984.771   1461.757 -12.290   0.1221 -0.0920   4009.889   1599.551   4009.767   1599.643   3984.653   1461.856 N000197
     0.000      0.000   0.000      0.000      0.000   0.000   0.0000  0.0000      0.000      0.000    926.548   1601.098    909.337   1681.212 N000198
     0.000      0.000   0.000      0.000      0.000   0.000   0.0000  0.0000      0.000      0.000   2338.092   1605.664   2337.279   1580.181 N000199
     0.000      0.000   0.000      0.000      0.000   0.000   0.0000  0.0000      0.000      0.000    491.707   1607.687    460.560   1722.976 N000200
     0.000      0.000   0.000      0.000      0.000   0.000   0.0000  0.0000      0.000      0.000   1853.730   1621.741   1851.666   1631.191 N000201
  1673.881   1563.589 -10.394   1675.509   1646.640 -10.394  -0.1190  0.0887   1679.108   1624.261   1679.227   1624.172   1675.630   1646.542 N000202
     0.000      0.000   0.000      0.000      0.000   0.000   0.0000  0.0000      0.000      0.000   1890.731   1625.169   1888.894   1631.897 N000203
  3054.159   1577.840  -9.585   3053.254   1562.681  -9.585   0.1591 -0.1597   3059.410   1638.495   3059.251   1638.655   3053.098   1562.850 N000204
     0.000      0.000   0.000      0.000      0.000   0.000   0.0000  0.0000      0.000      0.000   1835.730   1646.170   1833.438   1656.926 N000205
  2022.156   1585.857 -11.556   2026.183   1643.226 -11.557   0.1559 -0.1426   2027.389   1646.525   2027.233   1646.668   2026.026   1643.379 N000206
     0.000      0.000   0.000      0.000      0.000   0.000   0.0000  0.0000      0.000      0.000    600.709   1658.570    572.837   1765.448 N000207
     0.000      0.000   0.000      0.000      0.000   0.000   0.0000  0.0000      0.000      0.000   1256.720   1659.177   1246.596   1713.725 N000208
     0.000      0.000   0.000      0.000      0.000   0.000   0.0000  0.0000      0.000      0.000   1850.730   1667.170   1848.467   1676.804 N000209
     0.000      0.000   0.000      0.000      0.000   0.000   0.0000  0.0000      0.000      0.000   1682.227   1667.672   1678.450   1689.845 N000210
     0.000      0.000   0.000      0.000      0.000   0.000   0.0000  0.0000      0.000      0.000   1400.223   1669.142   1392.607   1712.661 N000211
     0.000      0.000   0.000      0.000      0.000   0.000   0.0000  0.0000      0.000      0.000   1719.254   1672.672   1715.834   1692.081 N000212
  2032.944   1627.497 -11.112   2036.896   1683.997 -11.113  -0.0560 -0.0034   2038.177   1688.164   2038.233   1688.168   2036.952   1683.996 N000213
     0.000      0.000   0.000      0.000      0.000   0.000   0.0000  0.0000      0.000      0.000   2215.736   1699.665   2214.865   1682.577 N000214
     0.000      0.000   0.000      0.000      0.000   0.000   0.0000  0.0000      0.000      0.000   2776.281   1712.158   2773.296   1655.267 N000215
  1060.556   1653.137  -9.896   1050.994   1783.653  -9.897   0.0563  0.1372   1065.773   1713.817   1065.717   1713.680   1050.938   1783.519 N000216
  1932.737   1653.038 -11.520   1936.106   1716.871 -11.521   0.2370  0.0380   1937.969   1713.707   1937.732   1713.669   1935.868   1716.851 N000217
     0.000      0.000   0.000      0.000      0.000   0.000   0.0000  0.0000      0.000      0.000   2415.712   1714.135   2414.648   1682.668 N000218
     0.000      0.000   0.000      0.000      0.000   0.000   0.0000  0.0000      0.000      0.000   1203.719   1729.178   1191.927   1788.227 N000219
     0.000      0.000   0.000      0.000      0.000   0.000   0.0000  0.0000      0.000      0.000   1279.221   1729.177   1268.963   1782.316 N000220
     0.000      0.000   0.000      0.000      0.000   0.000   0.0000  0.0000      0.000      0.000   1220.720   1733.178   1209.244   1790.917 N000221
  2390.015   1673.747 -10.161   2394.219   1704.332 -10.162   0.0771  0.0286   2395.254   1734.410   2395.177   1734.382   2394.142   1704.309 N000222
     0.000      0.000   0.000      0.000      0.000   0.000   0.0000  0.0000      0.000      0.000   2116.035   1753.967   2114.848   1744.007 N000223
  2508.445   1695.172  -9.060   2512.285   1717.230  -9.061  -0.0549  0.1302   2513.686   1755.833   2513.741   1755.703   2512.340   1717.096 N000224
     0.000      0.000   0.000      0.000      0.000   0.000   0.0000  0.0000      0.000      0.000    170.702   1756.224    123.823   1900.647 N000225
  3356.283   1697.682 -10.596   3351.392   1661.020 -10.597  -0.2408  0.1580   3361.539   1758.333   3361.779   1758.175   3351.628   1660.847 N000226
     0.000      0.000   0.000      0.000      0.000   0.000   0.0000  0.0000      0.000      0.000   1268.804   1765.677   1258.033   1819.841 N000227
  2072.747   1707.182 -10.025   2076.628   1760.664 -10.026  -0.0283  0.1823   2077.980   1767.849   2078.009   1767.667   2076.657   1760.480 N000228
     0.000      0.000   0.000      0.000      0.000   0.000   0.0000  0.0000      0.000      0.000   1683.727   1776.572   1679.392   1798.829 N000229
  1516.160   1728.468  -9.172   1514.842   1823.829  -9.173   0.1595 -0.0319   1521.384   1789.142   1521.225   1789.174   1514.680   1823.873 N000230
  2963.114   1729.027  -9.984   2963.707   1718.974  -9.985   0.1140  0.0275   2968.363   1789.683   2968.249   1789.656   2963.594   1718.955 N000231
  2320.422   1730.692  -8.993   2324.653   1766.119  -8.994  -0.0778  0.1918   2325.660   1791.356   2325.738   1791.164   2324.731   1765.922 N000232
     0.000      0.000   0.000      0.000      0.000   0.000   0.0000  0.0000      0.000      0.000   3708.761   1805.747   3692.304   1684.886 N000233
  2118.861   1765.243  -9.330   2122.740   1815.309  -9.331  -0.1391  0.0434   2124.095   1825.910   2124.235   1825.866   2122.880   1815.255 N000234
  1931.168   1767.371 -10.543   1934.074   1831.364 -10.544   0.1679 -0.1293   1936.399   1828.040   1936.231   1828.169   1933.905   1831.506 N000235
  2248.650   1770.958  -8.882   2252.799   1811.526  -8.883   0.1502 -0.0416   2253.887   1831.623   2253.737   1831.665   2252.649   1811.578 N000236
  1415.758   1773.250 -10.280   1412.489   1876.613 -10.281  -0.0067  0.0737   1420.981   1833.926   1420.987   1833.852   1412.497   1876.538 N000237
  1996.213   1773.855 -10.957   1999.502   1833.001 -10.957   0.1878 -0.1446   2001.445   1834.523   2001.257   1834.668   1999.313   1833.160 N000238
     0.000      0.000   0.000      0.000      0.000   0.000   0.0000  0.0000      0.000      0.000   1550.134   1838.719   1543.682   1871.423 N000239
  1533.023   1785.180 -10.503   1531.574   1879.511 -10.504   0.0228  0.1804   1538.248   1845.854   1538.225   1845.674   1531.552   1879.331 N000240
  1644.600   1786.274  -9.994   1644.673   1872.025  -9.995   0.1001  0.0069   1649.827   1846.946   1649.727   1846.939   1644.572   1872.026 N000241
     0.000      0.000   0.000      0.000      0.000   0.000   0.0000  0.0000      0.000      0.000   1963.232   1852.669   1960.977   1854.021 N000242
  1452.567   1793.384 -11.132   1449.777   1894.001 -11.133  -0.8263 -1.6165   1457.790   1854.058   1458.616   1855.675   1450.605   1895.563 N000243
  1405.636   1799.474  -9.278   1401.987   1903.792  -9.279   0.1363 -0.0258   1410.859   1860.150   1410.723   1860.175   1401.848   1903.829 N000244
  1178.307   1805.345  -9.519   1170.014   1927.684  -9.520  -0.1926 -0.1166   1183.526   1866.023   1183.719   1866.140   1170.210   1927.786 N000245
     0.000      0.000   0.000      0.000      0.000   0.000   0.0000  0.0000      0.000      0.000   2950.248   1867.156   2945.938   1797.295 N000246
  2039.703   1808.705 -10.186   2043.095   1864.653 -10.187   0.2029  0.2046   2044.936   1869.372   2044.733   1869.167   2042.891   1864.463 N000247
  1264.264   1808.867  -9.885   1257.807   1924.389  -9.886  -0.0690 -0.1328   1269.484   1869.544   1269.554   1869.677   1257.876   1924.517 N000248
   762.148   1811.696 -10.431    742.328   1967.997 -10.432   0.1485  0.1429    767.360   1872.379    767.212   1872.236    742.177   1967.865 N000249
  2449.613   1812.998  -9.867   2453.552   1838.968  -9.868   0.1135 -0.0024   2454.854   1873.660   2454.740   1873.662   2453.438   1838.979 N000250
     0.000      0.000   0.000      0.000      0.000   0.000   0.0000  0.0000      0.000      0.000   2094.234   1877.024   2092.599   1868.655 N000251
     0.000      0.000   0.000      0.000      0.000   0.000   0.0000  0.0000      0.000      0.000   1864.730   1877.670   1861.630   1886.494 N000252
     0.000      0.000   0.000      0.000      0.000   0.000   0.0000  0.0000      0.000      0.000   1280.220   1883.177   1268.639   1937.280 N000253
     0.000      0.000   0.000      0.000      0.000   0.000   0.0000  0.0000      0.000      0.000   1983.315   1882.835   1981.065   1882.738 N000254
  1192.906   1823.574 -11.917   1184.763   1944.906 -11.918  -0.0939  0.0738   1198.125   1884.252   1198.219   1884.178   1184.860   1944.824 N000255
     0.000      0.000   0.000      0.000      0.000   0.000   0.0000  0.0000      0.000      0.000   2358.738   1884.073   2357.572   1856.318 N000256
     0.000      0.000   0.000      0.000      0.000   0.000   0.0000  0.0000      0.000      0.000   2773.745   1884.158   2770.965   1826.642 N000257
     0.000      0.000   0.000      0.000      0.000   0.000   0.0000  0.0000      0.000      0.000   2278.237   1886.165   2277.062   1864.266 N000258
  1870.746   1825.931  -9.680   1872.926   1894.599  -9.681  -0.1827 -0.0694   1875.976   1886.600   1876.159   1886.670   1873.110   1894.655 N000259
  2808.440   1832.598 -10.506   2810.619   1832.886 -10.506  -0.0600  0.0985   2813.686   1893.256   2813.746   1893.158   2810.678   1832.784 N000260
     0.000      0.000   0.000      0.000      0.000   0.000   0.0000  0.0000      0.000      0.000   2156.735   1894.666   2155.289   1881.692 N000261
     0.000      0.000   0.000      0.000      0.000   0.000   0.0000  0.0000      0.000      0.000   1157.302   1897.762   1142.864   1961.814 N000262
     0.000      0.000   0.000      0.000      0.000   0.000   0.0000  0.0000      0.000      0.000   1471.224   1898.737   1463.094   1937.915 N000263
     0.000      0.000   0.000      0.000      0.000   0.000   0.0000  0.0000      0.000      0.000   3815.453   1907.645   3797.397   1778.792 N000264
     0.000      0.000   0.000      0.000      0.000   0.000   0.0000  0.0000      0.000      0.000   1499.724   1908.674   1491.985   1945.691 N000265
  2993.131   1848.740 -11.061   2993.660   1835.987 -11.062   0.1312  0.1207   2998.380   1909.395   2998.249   1909.275   2993.530   1835.876 N000266
  1041.104   1852.347 -10.499   1028.972   1986.208 -10.499   0.1037 -0.1529   1046.320   1913.027   1046.216   1913.180   1028.864   1986.371 N000267
  1016.360   1855.463 -10.925   1003.533   1991.373 -10.926  -0.1403 -0.0369   1021.576   1916.143   1021.716   1916.180   1003.677   1991.399 N000268
  2242.442   1862.657 -11.788   2246.377   1903.675 -11.789  -0.0578  0.1566   2247.679   1923.322   2247.737   1923.165   2246.435   1903.514 N000269
     0.000      0.000   0.000      0.000      0.000   0.000   0.0000  0.0000      0.000      0.000   1766.728   1925.132   1762.438   1941.588 N000270
     0.000      0.000   0.000      0.000      0.000   0.000   0.0000  0.0000      0.000      0.000    277.703   1934.190     -1.000     -1.000 N000271
  2148.680   1873.260 -14.228   2152.335   1921.215 -14.229   0.1796  0.2387   2153.915   1933.927   2153.735   1933.688   2152.155   1920.989 N000272
  1208.759   1876.782  -9.784   1200.446   1997.338  -9.785  -0.2049 -0.0751   1213.979   1937.460   1214.183   1937.535   1200.655   1997.397 N000273
  2280.463   1879.051  -9.261   2284.413   1917.290  -9.262  -0.0367  0.0510   2285.700   1939.715   2285.737   1939.664   2284.450   1917.236 N000274
  2585.690   1882.616 -13.220   2589.142   1898.685 -13.221   0.1901  0.1162   2590.932   1943.277   2590.742   1943.161   2588.953   1898.583 N000275
     0.000      0.000   0.000      0.000      0.000   0.000   0.0000  0.0000      0.000      0.000   1636.676   1947.723   1630.694   1974.319 N000276
     0.000      0.000   0.000      0.000      0.000   0.000   0.0000  0.0000      0.000      0.000   1375.758   1948.676   1365.491   1995.743 N000277
  2720.487   1890.593  -9.530   2723.283   1896.979  -9.531   0.0182  0.0931   2725.731   1951.252   2725.713   1951.159   2723.265   1896.887 N000278
  1071.482   1896.432 -10.030   1059.646   2028.308 -10.031  -0.0178 -0.0681   1076.699   1957.112   1076.717   1957.180   1059.664   2028.375 N000279
     0.000      0.000   0.000      0.000      0.000   0.000   0.0000  0.0000      0.000      0.000    958.643   1960.181    938.338   2041.087 N000280
     0.000      0.000   0.000      0.000      0.000   0.000   0.0000  0.0000      0.000      0.000   1793.229   1963.671   1788.989   1978.280 N000281
  2476.300   1903.927 -11.648   2480.069   1927.890 -11.648  -0.1996 -0.0729   2481.541   1964.589   2481.740   1964.662   2480.268   1927.948 N000282
  1733.309   1907.476 -11.313   1733.679   1986.985 -11.313  -0.1910 -0.0239   1738.537   1968.147   1738.728   1968.171   1733.872   1986.994 N000283
     0.000      0.000   0.000      0.000      0.000   0.000   0.0000  0.0000      0.000      0.000   1286.620   1977.177   1274.280   2031.609 N000284
     0.000      0.000   0.000      0.000      0.000   0.000   0.0000  0.0000      0.000      0.000    970.715   1986.243     -1.000     -1.000 N000285
     0.000      0.000   0.000      0.000      0.000   0.000   0.0000  0.0000      0.000      0.000    493.707   1989.187    461.346   2058.067 N000286
  2662.056   1934.319  -9.054   2665.156   1944.841  -9.055   0.0561 -0.1099   2667.300   1994.978   2667.243   1995.088   2665.100   1944.955 N000287
  2625.207   1936.799  -8.965   2628.467   1949.977  -8.966   0.1236 -0.2014   2630.450   1997.459   2630.326   1997.660   2628.344   1950.187 N000288
  2720.016   1937.553 -10.168   2722.817   1943.906 -10.169   0.0163  0.0528   2725.261   1998.212   2725.244   1998.159   2722.801   1943.854 N000289
     0.000      0.000   0.000      0.000      0.000   0.000   0.0000  0.0000      0.000      0.000   2290.487   2004.727   2289.040   1982.044 N000290
     0.000      0.000   0.000      0.000      0.000   0.000   0.0000  0.0000      0.000      0.000   2457.240   2015.162   2455.739   1980.256 N000291
  2648.114   1954.995 -10.449   2651.266   1966.513 -10.449   0.1142 -0.0052   2653.357   2015.655   2653.243   2015.660   2651.152   1966.526 N000292
  3182.565   1956.500 -12.044   3181.169   1930.120 -12.045   0.0652 -0.0002   3187.817   2017.153   3187.752   2017.153   3181.105   1930.125 N000293
     0.000      0.000   0.000      0.000      0.000   0.000   0.0000  0.0000      0.000      0.000   1407.222   2022.176     -1.000     -1.000 N000294
     0.000      0.000   0.000      0.000      0.000   0.000   0.0000  0.0000      0.000      0.000   3867.464   2022.145   3849.083   1888.920 N000295
   523.217   1963.475 -10.353    497.001   2090.550 -10.354   0.2170 -0.0245    528.424   2024.162    528.208   2024.187    496.775   2090.594 N000296
  2103.834   1963.585 -11.573   2106.959   2015.141 -11.573  -0.1664  0.0855   2109.068   2024.252   2109.234   2024.167   2107.126   2015.043 N000297
     0.000      0.000   0.000      0.000      0.000   0.000   0.0000  0.0000      0.000      0.000   1125.718   2026.679     -1.000     -1.000 N000298
  2446.992   1973.353 -10.292   2450.704   1999.497 -10.293  -0.0083 -0.1473   2452.231   2034.015   2452.240   2034.162   2450.712   1999.644 N000299
   583.360   1980.674 -10.134    559.253   2102.784 -10.134  -0.1395  0.1736    588.569   2041.359    588.708   2041.186    559.400   2102.596 N000300
     0.000      0.000   0.000      0.000      0.000   0.000   0.0000  0.0000      0.000      0.000   2880.047   2040.457   2876.583   1975.046 N000301
     0.000      0.000   0.000      0.000      0.000   0.000   0.0000  0.0000      0.000      0.000   2555.842   2059.661   2554.060   2017.609 N000302
     0.000      0.000   0.000      0.000      0.000   0.000   0.0000  0.0000      0.000      0.000   2825.746   2065.658   2822.695   2004.101 N000303
   167.954   2007.856 -13.364    125.660   2166.978 -13.365  -0.0464 -0.1444    173.155   2068.547    173.201   2068.691    125.706   2167.121 N000304
  1392.783   2011.397 -10.608   1391.085   2066.167 -10.608  -0.1673 -0.1026   1398.005   2072.073   1398.172   2072.176   1391.255   2066.257 N000305
     0.000      0.000   0.000      0.000      0.000   0.000   0.0000  0.0000      0.000      0.000   2015.732   2075.168     -1.000     -1.000 N000306
     0.000      0.000   0.000      0.000      0.000   0.000   0.0000  0.0000      0.000      0.000   3158.952   2082.053   3152.819   1996.852 N000307
     0.000      0.000   0.000      0.000      0.000   0.000   0.0000  0.0000      0.000      0.000   2467.240   2090.662     -1.000     -1.000 N000308
     0.000      0.000   0.000      0.000      0.000   0.000   0.0000  0.0000      0.000      0.000   2380.238   2091.613     -1.000     -1.000 N000309
  3055.525   2046.141  -9.915   3055.768   2028.469  -9.916   0.0250  0.1411   3060.775   2106.796   3060.750   2106.655   3055.743   2028.330 N000310
     0.000      0.000   0.000      0.000      0.000   0.000   0.0000  0.0000      0.000      0.000   2162.735   2108.666     -1.000     -1.000 N000311
     0.000      0.000   0.000      0.000      0.000   0.000   0.0000  0.0000      0.000      0.000   2359.238   2116.726     -1.000     -1.000 N000312
     0.000      0.000   0.000      0.000      0.000   0.000   0.0000  0.0000      0.000      0.000   2562.813   2121.018     -1.000     -1.000 N000313
     0.000      0.000   0.000      0.000      0.000   0.000   0.0000  0.0000      0.000      0.000   3124.751   2133.154     -1.000     -1.000 N000314
  2527.621   2092.886 -10.340   2534.137   2060.926 -10.341   0.1206 -0.1141   2532.862   2153.547   2532.741   2153.661   2534.017   2061.049 N000315
  1732.904   2095.077 -11.722   1735.836   2123.486 -11.722  -0.0963  0.0771   1738.131   2155.749   1738.228   2155.671   1735.934   2123.401 N000316
  1604.723   2100.811  -9.399   1605.952   2139.374  -9.400   0.1115 -0.1894   1609.948   2161.484   1609.837   2161.673   1605.838   2139.574 N000317
  1967.789   2121.552 -11.628   1972.865   2131.888 -11.629  -0.2110  0.0523   1973.021   2182.221   1973.232   2182.168   1973.078   2131.819 N000318
     0.000      0.000   0.000      0.000      0.000   0.000   0.0000  0.0000      0.000      0.000   1373.721   2186.676   1365.452   2183.846 N000319
   811.422   2130.292 -11.925    793.593   2234.956 -11.926  -0.0777 -0.2076    816.634   2190.975    816.712   2191.183    793.670   2235.160 N000320
  1447.253   2139.001  -9.846   1445.623   2190.571  -9.847   0.1375  0.0013   1452.476   2199.676   1452.338   2199.675   1445.483   2190.581 N000321
  1942.118   2139.342  -9.627   1946.925   2151.769  -9.628   0.1179 -0.0950   1947.349   2200.011   1947.231   2200.106   1946.806   2151.874 N000322
     0.000      0.000   0.000      0.000      0.000   0.000   0.0000  0.0000      0.000      0.000   2329.237   2201.706   2330.655   2124.338 N000323
     0.000      0.000   0.000      0.000      0.000   0.000   0.0000  0.0000      0.000      0.000   1974.732   2214.668   1974.468   2164.407 N000324
  2225.348   2155.925 -11.236   2231.754   2146.737 -11.237  -0.1254 -0.0749   2230.584   2216.590   2230.709   2216.665   2231.880   2146.803 N000325
   509.019   2157.378 -11.720    479.633   2288.993 -11.720   0.0191 -0.1218    514.226   2218.065    514.207   2218.187    479.611   2289.119 N000326
  2086.304   2159.391 -10.304   2092.060   2160.838 -10.305  -0.1963 -0.1091   2091.537   2220.058   2091.733   2220.167   2092.257   2160.933 N000327
  2050.814   2164.486 -12.478   2056.336   2168.692 -12.479  -0.1621 -0.0139   2056.047   2225.154   2056.209   2225.167   2056.499   2168.694 N000328
  2163.638   2166.206 -11.978   2169.781   2161.769 -11.979   0.1378  0.2058   2168.873   2226.872   2168.735   2226.666   2169.643   2161.573 N000329
     0.000      0.000   0.000      0.000      0.000   0.000   0.0000  0.0000      0.000      0.000   1643.726   2235.673   1639.742   2211.543 N000330
     0.000      0.000   0.000      0.000      0.000   0.000   0.0000  0.0000      0.000      0.000   1733.727   2235.671   1730.943   2204.397 N000331
  2448.886   2179.046 -11.464   2455.529   2153.099 -11.465  -0.1140  0.0458   2454.125   2239.708   2454.240   2239.662   2455.643   2153.045 N000332
  2248.144   2181.962  -9.576   2254.569   2171.164  -9.577   0.1442 -0.0380   2253.380   2242.627   2253.236   2242.665   2254.424   2171.213 N000333
     0.000      0.000   0.000      0.000      0.000   0.000   0.0000  0.0000      0.000      0.000   1768.702   2245.697   1766.280   2211.749 N000334
  2502.602   2190.876  -9.793   2509.179   2160.953  -9.794   0.1024 -0.1237   2507.843   2251.538   2507.740   2251.662   2509.076   2161.084 N000335
  1446.904   2192.266 -12.919   1444.847   2244.450 -12.920  -2.0965  0.2664   1452.126   2252.941   1454.223   2252.675   1446.985   2244.009 N000336
     0.000      0.000   0.000      0.000      0.000   0.000   0.0000  0.0000      0.000      0.000   1335.221   2259.243   1325.533   2260.429 N000337
  1178.087   2200.319  -9.827   1170.093   2274.841  -9.828   0.0870 -0.1813   1183.305   2260.997   1183.218   2261.178   1170.002   2275.032 N000338
  3153.040   2200.409 -11.220   3155.559   2123.042 -11.221   0.0397 -0.0909   3158.291   2261.063   3158.251   2261.154   3155.520   2123.135 N000339
     0.000      0.000   0.000      0.000      0.000   0.000   0.0000  0.0000      0.000      0.000   3576.258   2261.148   3567.571   2093.792 N000340
  1108.114   2206.051 -11.770   1098.270   2286.539 -11.771   0.1138  0.0512   1113.331   2266.730   1113.217   2266.679   1098.154   2286.497 N000341
  1236.256   2216.754 -11.127   1229.506   2286.639 -11.128   0.0184 -0.0797   1241.476   2277.431   1241.457   2277.511   1229.486   2286.721 N000342
  2552.403   2220.849 -11.162   2558.894   2187.302 -11.163  -0.0971 -0.1514   2557.644   2281.510   2557.741   2281.661   2558.991   2187.447 N000343
     0.000      0.000   0.000      0.000      0.000   0.000   0.0000  0.0000      0.000      0.000   1504.312   2297.674   1497.633   2285.454 N000344
  3033.966   2241.214  -9.242   3037.857   2172.356  -9.243  -0.0342  0.1750   3039.215   2301.869   3039.249   2301.694   3037.890   2172.179 N000345
  2149.979   2248.724 -10.387   2155.818   2245.830 -10.388  -0.0210  0.2242   2155.213   2309.390   2155.234   2309.166   2155.840   2245.603 N000346
   437.577   2251.677 -11.503    403.792   2391.580 -11.503   0.0775  0.1771    442.783   2312.365    442.706   2312.188    403.714   2391.406 N000347
     0.000      0.000   0.000      0.000      0.000   0.000   0.0000  0.0000      0.000      0.000   3186.502   2318.653   3183.705   2178.544 N000348
  1379.193   2258.399 -10.434   1375.235   2316.975 -10.435   0.1934 -0.1007   1384.415   2319.075   1384.221   2319.176   1375.037   2317.093 N000349
  1305.810   2261.579 -12.375   1300.234   2326.289 -12.376  -0.1902  0.0788   1311.030   2322.256   1311.220   2322.177   1300.429   2326.193 N000350
  2148.725   2272.381 -10.313   2154.481   2269.746 -10.313   0.2246 -0.1189   2153.959   2333.047   2153.734   2333.166   2154.255   2269.883 N000351
  2591.392   2274.446 -11.315   2597.811   2238.173 -11.316  -0.1077 -0.0545   2596.634   2335.106   2596.742   2335.161   2597.918   2238.220 N000352
  1352.288   2277.173 -11.234   1347.586   2338.236 -11.235  -0.2124  0.1495   1357.509   2337.850   1357.721   2337.700   1347.804   2338.067 N000353
     0.000      0.000   0.000      0.000      0.000   0.000   0.0000  0.0000      0.000      0.000   3235.252   2338.153   3231.991   2194.537 N000354
  2303.253   2278.436  -9.496   2309.616   2263.956  -9.497  -0.2054 -0.0642   2308.490   2339.100   2308.695   2339.164   2309.822   2264.005 N000355
  2743.748   2279.624  -8.756   2749.688   2232.049  -8.757   0.2479  0.1244   2748.992   2340.283   2748.744   2340.159   2749.441   2231.943 N000356
     0.000      0.000   0.000      0.000      0.000   0.000   0.0000  0.0000      0.000      0.000    990.715   2343.181    971.347   2374.662 N000357
   390.461   2288.765 -10.934    354.028   2433.743 -10.935   0.6831  0.9597    395.666   2349.454    394.983   2348.494    353.330   2432.824 N000358
     0.000      0.000   0.000      0.000      0.000   0.000   0.0000  0.0000      0.000      0.000   1744.727   2348.721   1741.408   2317.676 N000359
     0.000      0.000   0.000      0.000      0.000   0.000   0.0000  0.0000      0.000      0.000   1245.219   2353.249   1232.596   2363.241 N000360
  2658.193   2295.487 -11.011   2664.453   2254.312 -11.011   0.1651 -0.0129   2663.436   2356.147   2663.271   2356.160   2664.288   2254.337 N000361
  1726.044   2301.058  -9.431   1727.692   2331.902  -9.432   0.0436  0.0580   1731.271   2361.729   1731.227   2361.672   1727.648   2331.847 N000362
     0.000      0.000   0.000      0.000      0.000   0.000   0.0000  0.0000      0.000      0.000   1256.604   2364.677   1244.141   2373.886 N000363
     0.000      0.000   0.000      0.000      0.000   0.000   0.0000  0.0000      0.000      0.000   1721.227   2364.505   1717.492   2335.514 N000364
  1986.734   2306.634 -10.471   1991.213   2316.882 -10.472  -0.0156  0.1338   1991.966   2367.302   1991.982   2367.168   1991.229   2316.746 N000365
     0.000      0.000   0.000      0.000      0.000   0.000   0.0000  0.0000      0.000      0.000   3442.756   2369.150   3436.912   2210.776 N000366
     0.000      0.000   0.000      0.000      0.000   0.000   0.0000  0.0000      0.000      0.000   1402.222   2369.676   1392.961   2366.798 N000367
     0.000      0.000   0.000      0.000      0.000   0.000   0.0000  0.0000      0.000      0.000    569.708   2370.286    535.138   2439.340 N000368
     0.000      0.000   0.000      0.000      0.000   0.000   0.0000  0.0000      0.000      0.000    605.208   2370.328    572.067   2436.203 N000369
   925.676   2309.690  -8.571    909.346   2407.512  -8.572   0.1758 -0.0104    930.890   2370.371    930.714   2370.382    909.165   2407.538 N000370
     0.000      0.000   0.000      0.000      0.000   0.000   0.0000  0.0000      0.000      0.000   2258.736   2373.165   2259.624   2302.060 N000371
  2705.003   2314.584  -9.184   2711.123   2269.995  -9.185   0.0030  0.0844   2710.247   2375.244   2710.244   2375.159   2711.119   2269.911 N000372
  1669.807   2315.763 -10.015   1670.558   2351.302 -10.016  -0.2388 -0.1463   1675.033   2376.435   1675.272   2376.581   1670.799   2351.431 N000373
     0.000      0.000   0.000      0.000      0.000   0.000   0.0000  0.0000      0.000      0.000   1193.254   2385.178   1179.019   2400.057 N000374
  2428.609   2325.307  -9.299   2435.097   2301.543  -9.300  -0.3195 -0.6219   2433.848   2385.969   2434.167   2386.591   2435.416   2302.145 N000375
  2105.179   2327.677  -9.222   2110.472   2328.850  -9.222   0.1793  0.1775   2110.413   2388.344   2110.234   2388.167   2110.292   2328.685 N000376
     0.000      0.000   0.000      0.000      0.000   0.000   0.0000  0.0000      0.000      0.000   1681.126   2394.672   1676.614   2369.266 N000377
  2144.109   2336.128 -11.494   2149.619   2334.336 -11.495   0.1089  0.1281   2149.343   2396.794   2149.234   2396.666   2149.510   2334.215 N000378
   560.067   2343.293 -10.201    530.011   2474.168 -10.201   0.0673 -0.1759    565.275   2403.979    565.208   2404.155    529.938   2474.354 N000379
  1098.229   2347.400 -10.260   1086.565   2431.000 -10.261   0.6992 -0.0996   1103.445   2408.080   1102.746   2408.179   1085.845   2431.161 N000380
     0.000      0.000   0.000      0.000      0.000   0.000   0.0000  0.0000      0.000      0.000   1466.931   2410.133   1458.613   2402.467 N000381
     0.000      0.000   0.000      0.000      0.000   0.000   0.0000  0.0000      0.000      0.000   1662.670   2425.172   1657.658   2401.646 N000382
     0.000      0.000   0.000      0.000      0.000   0.000   0.0000  0.0000      0.000      0.000   2450.239   2427.475   2451.443   2342.058 N000383
     0.000      0.000   0.000      0.000      0.000   0.000   0.0000  0.0000      0.000      0.000   2511.740   2427.662   2512.969   2337.570 N000384
  2015.928   2372.584 -11.770   2020.359   2381.157 -11.771  -0.0719  0.0843   2021.160   2433.252   2021.232   2433.168   2020.432   2381.066 N000385
  1267.532   2373.812  -9.645   1259.965   2443.445  -9.645   0.0822 -0.1375   1272.752   2434.490   1272.669   2434.627   1259.879   2443.591 N000386
  2680.673   2373.943  -9.664   2686.906   2331.426  -9.665   0.1729 -0.0568   2685.916   2434.603   2685.743   2434.660   2686.734   2331.496 N000387
     0.000      0.000   0.000      0.000      0.000   0.000   0.0000  0.0000      0.000      0.000    352.204   2447.689    306.937   2538.307 N000388
     0.000      0.000   0.000      0.000      0.000   0.000   0.0000  0.0000      0.000      0.000   2077.545   2447.667   2077.135   2391.276 N000389
  1688.180   2392.524 -10.403   1688.648   2427.537 -10.404   0.1797  0.0243   1693.406   2453.196   1693.226   2453.172   1688.466   2427.527 N000390
  1180.132   2393.407  -9.661   1170.157   2470.802  -9.662   0.1023 -0.0346   1185.350   2454.085   1185.247   2454.120   1170.052   2470.846 N000391
   671.460   2394.315  -8.984    645.054   2516.312  -8.985  -0.0397 -0.1845    676.670   2455.000    676.709   2455.185    645.092   2516.497 N000392
   386.730   2407.857 -10.612    348.137   2556.034 -10.613  -0.2078 -0.1434    391.934   2468.545    392.142   2468.688    348.352   2556.162 N000393
     0.000      0.000   0.000      0.000      0.000   0.000   0.0000  0.0000      0.000      0.000   1640.726   2479.173   1634.944   2458.172 N000394
     0.000      0.000   0.000      0.000      0.000   0.000   0.0000  0.0000      0.000      0.000   2767.744   2487.159   2768.507   2378.116 N000395
  1724.443   2429.598 -11.331   1725.180   2462.158 -11.332  -0.0569  0.0980   1729.670   2490.270   1729.727   2490.172   1725.239   2462.054 N000396
     0.000      0.000   0.000      0.000      0.000   0.000   0.0000  0.0000      0.000      0.000   1607.662   2493.673   1601.214   2475.600 N000397
     0.000      0.000   0.000      0.000      0.000   0.000   0.0000  0.0000      0.000      0.000   1677.256   2495.172   1671.934   2471.406 N000398
  1311.966   2435.065  -9.833   1304.817   2501.969  -9.834  -0.0335  0.0652   1317.187   2495.742   1317.220   2495.677   1304.852   2501.900 N000399
     0.000      0.000   0.000      0.000      0.000   0.000   0.0000  0.0000      0.000      0.000   2482.149   2501.071   2483.278   2413.742 N000400
     0.000      0.000   0.000      0.000      0.000   0.000   0.0000  0.0000      0.000      0.000   1983.231   2504.168   1981.731   2455.832 N000401
  2961.081   2447.525 -12.569   2966.114   2384.423 -12.570   0.0814  0.0251   2966.329   2508.181   2966.248   2508.156   2966.034   2384.404 N000402
     0.000      0.000   0.000      0.000      0.000   0.000   0.0000  0.0000      0.000      0.000   3887.763   2513.200   3875.333   2323.549 N000403
     0.000      0.000   0.000      0.000      0.000   0.000   0.0000  0.0000      0.000      0.000   2511.740   2516.134   2512.868   2426.657 N000404
   462.596   2457.270 -11.006    426.562   2599.728 -11.007   0.0957 -0.2299    467.801   2517.958    467.706   2518.187    426.458   2599.973 N000405
  1639.214   2459.217 -12.799   1638.390   2499.178 -12.799   0.2138  0.0573   1644.439   2519.889   1644.226   2519.832   1638.173   2499.138 N000406
     0.000      0.000   0.000      0.000      0.000   0.000   0.0000  0.0000      0.000      0.000   1398.221   2535.676   1387.282   2535.746 N000407
     0.000      0.000   0.000      0.000      0.000   0.000   0.0000  0.0000      0.000      0.000   2281.436   2538.265   2281.919   2466.779 N000408
  1824.583   2490.551  -9.909   1826.271   2515.814  -9.910   0.0834  0.0514   1829.812   2551.222   1829.729   2551.170   1826.187   2515.769 N000409
     0.000      0.000   0.000      0.000      0.000   0.000   0.0000  0.0000      0.000      0.000   2503.540   2551.062   2504.609   2462.500 N000410
     0.000      0.000   0.000      0.000      0.000   0.000   0.0000  0.0000      0.000      0.000   2383.710   2552.663   2384.535   2473.360 N000411
  1743.805   2492.285 -11.126   1744.357   2524.153 -11.127  -0.1954 -0.2150   1749.032   2552.956   1749.227   2553.171   1744.554   2524.355 N000412
   704.879   2495.787  -8.562    678.220   2617.114  -8.562  -0.1213 -0.2127    710.089   2556.472    710.210   2556.684    678.343   2617.321 N000413
     0.000      0.000   0.000      0.000      0.000   0.000   0.0000  0.0000      0.000      0.000   2269.236   2558.165   2269.593   2487.835 N000414
  2121.925   2501.343  -9.571   2126.609   2502.914  -9.572   0.9632  0.3815   2127.158   2562.010   2126.195   2561.628   2125.640   2502.604 N000415
  3015.518   2502.649  -9.973   3020.301   2435.761  -9.974   0.0183  0.1488   3020.767   2563.304   3020.749   2563.155   3020.283   2435.613 N000416
  1317.254   2505.215 -10.537   1309.483   2572.929 -10.538  -0.1876  0.2154   1322.474   2565.892   1322.661   2565.677   1309.677   2572.693 N000417
     0.000      0.000   0.000      0.000      0.000   0.000   0.0000  0.0000      0.000      0.000   4087.766   2574.642   4071.739   2371.180 N000418
     0.000      0.000   0.000      0.000      0.000   0.000   0.0000  0.0000      0.000      0.000   2294.327   2574.755   2294.746   2502.634 N000419
  2656.222   2516.580  -8.978   2662.496   2476.817  -8.979   0.2223  0.0803   2661.465   2577.240   2661.242   2577.160   2662.274   2476.753 N000420
  1998.624   2516.799 -10.489   2002.158   2528.379 -10.490   0.1240 -0.2348   2003.855   2577.467   2003.731   2577.702   2002.031   2528.627 N000421
     0.000      0.000   0.000      0.000      0.000   0.000   0.0000  0.0000      0.000      0.000   2272.736   2588.165   2273.006   2517.882 N000422
  2220.453   2527.956  -9.768   2225.695   2522.046  -9.769  -0.0467 -0.0443   2225.688   2588.621   2225.735   2588.665   2225.742   2522.087 N000423
     0.000      0.000   0.000      0.000      0.000   0.000   0.0000  0.0000      0.000      0.000   2186.179   2589.610   2185.926   2526.166 N000424
     0.000      0.000   0.000      0.000      0.000   0.000   0.0000  0.0000      0.000      0.000   2578.408   2594.661   2579.466   2500.732 N000425
  2793.453   2533.818 -11.040   2799.414   2483.760 -11.041  -0.0470 -0.1821   2798.698   2594.476   2798.745   2594.658   2799.461   2483.940 N000426
  3088.701   2537.328 -11.706   3093.034   2465.184 -11.707   0.2007 -0.1721   3093.950   2597.982   3093.750   2598.154   3092.835   2465.372 N000427
     0.000      0.000   0.000      0.000      0.000   0.000   0.0000  0.0000      0.000      0.000    478.244   2608.687    435.901   2691.889 N000428
   791.917   2567.661 -10.533    767.439   2682.856 -10.534  -0.5829 -0.4394    797.128   2628.344    797.711   2628.783    768.037   2683.253 N000429
  1399.558   2568.792 -11.561   1393.019   2630.695 -11.562   0.0576 -0.2081   1404.779   2629.468   1404.721   2629.676   1392.958   2630.912 N000430
   802.154   2569.534  -9.842    778.022   2683.851  -9.843   0.1536  0.0341    807.365   2630.217    807.211   2630.183    777.863   2683.830 N000431
  1486.288   2571.587  -9.822   1481.586   2626.188  -9.823  -0.1622  0.0871   1491.510   2632.262   1491.673   2632.175   1481.753   2626.086 N000432
  2637.173   2573.969 -12.977   2643.422   2536.148 -12.978   0.1729 -0.0308   2642.415   2634.629   2642.242   2634.660   2643.249   2536.193 N000433
  1166.330   2576.537 -10.139   1153.815   2658.693 -10.140  -0.1434  0.0367   1171.548   2637.215   1171.691   2637.179   1153.963   2658.643 N000434
  2097.186   2582.952 -10.564   2101.269   2587.517 -10.565   0.1859 -0.0478   2102.419   2643.619   2102.233   2643.667   2101.081   2587.580 N000435
  2321.029   2583.525  -9.291   2326.605   2570.342  -9.292   0.0291  0.0246   2326.266   2644.189   2326.237   2644.164   2326.576   2570.319 N000436
   944.282   2589.331 -10.710    924.803   2691.371 -10.711  -0.2184 -0.1689    949.495   2650.012    949.714   2650.181    925.027   2691.525 N000437
     0.000      0.000   0.000      0.000      0.000   0.000   0.0000  0.0000      0.000      0.000   1723.832   2651.672   1717.983   2626.503 N000438
     0.000      0.000   0.000      0.000      0.000   0.000   0.0000  0.0000      0.000      0.000   2509.740   2656.662   2510.633   2568.637 N000439
  1263.915   2597.853  -9.790   1253.773   2671.979  -9.790  -0.0851 -0.1473   1269.134   2658.530   1269.219   2658.677   1253.859   2672.122 N000440
  2159.793   2599.316  -8.875   2164.304   2599.098  -8.876   0.1932 -0.0836   2165.027   2659.982   2164.834   2660.066   2164.109   2599.198 N000441
  1701.956   2605.948 -10.910   1700.934   2643.092 -10.911  -0.0443 -0.0518   1707.182   2666.620   1707.226   2666.672   1700.979   2643.141 N000442
  1108.371   2608.236 -10.468   1093.782   2696.170 -10.469  -0.1290 -0.2111   1113.587   2668.916   1113.716   2669.127   1093.912   2696.374 N000443
  2854.331   2619.993  -8.972   2860.125   2565.977  -8.973  -0.1134 -0.0070   2859.577   2680.650   2859.690   2680.657   2860.238   2565.976 N000444
   671.843   2621.696  -8.895    641.880   2749.217  -8.896  -0.3567  0.1958    677.052   2682.381    677.409   2682.185    642.254   2748.983 N000445
     0.000      0.000   0.000      0.000      0.000   0.000   0.0000  0.0000      0.000      0.000   2576.841   2682.061   2577.778   2589.102 N000446
  1419.973   2627.623 -12.302   1413.262   2688.940 -12.303  -0.0266  0.1234   1425.195   2688.299   1425.222   2688.175   1413.291   2688.812 N000447
     0.000      0.000   0.000      0.000      0.000   0.000   0.0000  0.0000      0.000      0.000   2574.741   2689.161   2575.665   2596.441 N000448
   273.860   2638.548 -10.119    225.568   2803.811 -10.120  -0.1403  0.0485    279.062   2699.238    279.202   2699.190    225.716   2803.748 N000449
  1262.808   2645.511 -11.716   1252.067   2720.754 -11.717  -0.1918  0.0106   1268.027   2706.188   1268.219   2706.177   1252.264   2720.727 N000450
     0.000      0.000   0.000      0.000      0.000   0.000   0.0000  0.0000      0.000      0.000     97.199   2710.192     33.836   2832.645 N000451
  3528.505   2658.244 -10.448   3528.607   2554.476 -10.448   0.0053  0.0771   3533.762   2718.893   3533.757   2718.816   3528.602   2554.399 N000452
  2958.290   2660.824 -10.165   2963.685   2599.265 -10.166  -0.1817 -0.1481   2963.538   2721.480   2963.720   2721.628   2963.866   2599.401 N000453
     0.000      0.000   0.000      0.000      0.000   0.000   0.0000  0.0000      0.000      0.000   3754.727   2721.213   3746.272   2541.014 N000454
  2453.813   2663.083 -11.106   2459.668   2640.445 -11.107  -0.1654  0.0831   2459.052   2723.746   2459.217   2723.662   2459.834   2640.348 N000455
  2239.322   2663.793  -8.676   2244.113   2658.120  -8.677  -0.2783 -0.2067   2244.557   2724.458   2244.835   2724.665   2244.392   2658.307 N000456
  1359.571   2664.532  -9.574   1351.042   2731.803  -9.575   0.0707  0.0323   1364.791   2725.208   1364.721   2725.176   1350.970   2731.776 N000457
  2758.996   2670.213  -9.029   2765.052   2623.946  -9.030  -0.0043  0.2132   2764.240   2730.872   2764.244   2730.659   2765.056   2623.730 N000458
  3616.315   2669.775  -9.453   3615.250   2559.743  -9.454  -0.0914  0.1817   3621.573   2730.423   3621.665   2730.242   3615.339   2559.554 N000459
     0.000      0.000   0.000      0.000      0.000   0.000   0.0000  0.0000      0.000      0.000   1424.055   2745.092   1411.476   2747.007 N000460
  2685.569   2684.501 -13.425   2691.695   2644.051 -13.426   0.0690  0.0013   2690.812   2745.161   2690.743   2745.160   2691.626   2644.055 N000461
  3181.695   2686.304  -8.717   3185.675   2608.156  -8.718   0.1952 -0.0957   3186.946   2746.958   3186.751   2747.053   3185.481   2608.267 N000462
     0.000      0.000   0.000      0.000      0.000   0.000   0.0000  0.0000      0.000      0.000   2943.747   2748.556   2944.012   2628.075 N000463
  1580.294   2693.677 -10.514   1576.275   2742.683 -10.515  -0.1730  0.1767   1585.518   2754.350   1585.691   2754.173   1576.453   2742.488 N000464
  1944.855   2699.823 -11.398   1946.621   2718.539 -11.399  -0.1455 -0.1774   1950.085   2760.491   1950.230   2760.669   1946.767   2718.708 N000465
     0.000      0.000   0.000      0.000      0.000   0.000   0.0000  0.0000      0.000      0.000   3014.248   2776.656   3014.206   2651.077 N000466
     0.000      0.000   0.000      0.000      0.000   0.000   0.0000  0.0000      0.000      0.000    307.703   2778.189    254.051   2882.540 N000467
  2035.983   2723.352 -11.226   2038.656   2735.008 -11.226  -0.0166 -0.1484   2041.215   2784.019   2041.232   2784.168   2038.672   2735.158 N000468
  2761.244   2729.964  -8.809   2767.265   2684.153  -8.810   0.0561  0.0262   2766.488   2790.622   2766.431   2790.596   2767.209   2684.131 N000469
   483.742   2730.682 -10.687    443.759   2878.873 -10.688   0.0885  0.1822    488.948   2791.369    488.860   2791.187    443.670   2878.694 N000470
  1773.026   2734.203  -9.798   1772.069   2767.795  -9.799   0.0258  0.1146   1778.253   2794.874   1778.227   2794.759   1772.044   2767.680 N000471
     0.000      0.000   0.000      0.000      0.000   0.000   0.0000  0.0000      0.000      0.000    944.113   2811.631    916.841   2857.563 N000472
     0.000      0.000   0.000      0.000      0.000   0.000   0.0000  0.0000      0.000      0.000   1738.727   2812.172   1731.740   2788.744 N000473
  1623.099   2752.002  -9.475   1619.333   2798.576  -9.476   0.0990  0.0019   1628.324   2812.675   1628.225   2812.673   1619.232   2798.582 N000474
     0.000      0.000   0.000      0.000      0.000   0.000   0.0000  0.0000      0.000      0.000   2489.239   2825.162   2489.679   2740.815 N000475
  2038.592   2768.803  -8.945   2041.000   2781.038  -8.946   0.0921 -0.1975   2043.824   2829.470   2043.732   2829.668   2040.905   2781.247 N000476
     0.000      0.000   0.000      0.000      0.000   0.000   0.0000  0.0000      0.000      0.000    812.711   2829.897    780.392   2888.336 N000477
     0.000      0.000   0.000      0.000      0.000   0.000   0.0000  0.0000      0.000      0.000   1168.574   2837.036   1148.136   2863.465 N000478
  3340.753   2779.760 -11.204   3343.573   2690.485 -11.205  -0.0361  0.1025   3346.007   2840.412   3346.043   2840.309   3343.608   2690.379 N000479
     0.000      0.000   0.000      0.000      0.000   0.000   0.0000  0.0000      0.000      0.000   2470.989   2845.162   2471.304   2762.545 N000480
     0.000      0.000   0.000      0.000      0.000   0.000   0.0000  0.0000      0.000      0.000   2236.735   2853.165   2235.625   2789.439 N000481
  1085.762   2793.197  -9.235   1067.923   2887.685  -9.236   0.1854  0.1973   1090.978   2853.877   1090.793   2853.680   1067.734   2887.499 N000482
     0.000      0.000   0.000      0.000      0.000   0.000   0.0000  0.0000      0.000      0.000   2766.744   2853.659   2767.474   2747.905 N000483
  2000.938   2795.874  -9.321   2002.723   2811.703  -9.322  -0.0622 -0.1264   2006.169   2856.542   2006.231   2856.668   2002.785   2811.827 N000484
  1779.050   2796.830 -11.897   1777.648   2831.163 -11.898   0.0501 -0.1700   1784.277   2857.501   1784.227   2857.671   1777.595   2831.340 N000485
  1917.367   2801.179 -10.305   1918.020   2824.034 -10.306  -0.1329  0.1792   1922.597   2861.848   1922.730   2861.669   1918.156   2823.841 N000486
  3779.200   2803.201 -12.425   3776.462   2682.192 -12.426   0.2003  0.2008   3784.461   2863.847   3784.261   2863.646   3776.264   2682.004 N000487
     0.000      0.000   0.000      0.000      0.000   0.000   0.0000  0.0000      0.000      0.000   2461.539   2864.162   2461.755   2782.574 N000488
     0.000      0.000   0.000      0.000      0.000   0.000   0.0000  0.0000      0.000      0.000   2692.743   2873.660   2693.467   2773.940 N000489
     0.000      0.000   0.000      0.000      0.000   0.000   0.0000  0.0000      0.000      0.000   2582.803   2877.661   2583.369   2786.644 N000490
     0.000      0.000   0.000      0.000      0.000   0.000   0.0000  0.0000      0.000      0.000   2317.272   2889.736   2316.588   2820.114 N000491
  1950.224   2833.263  -9.319   1951.080   2854.014  -9.320   0.1820 -0.1542   1955.454   2893.931   1955.272   2894.086   1950.894   2854.186 N000492
     0.000      0.000   0.000      0.000      0.000   0.000   0.0000  0.0000      0.000      0.000   2107.399   2901.667   2104.804   2849.336 N000493
  2464.562   2842.699  -9.962   2469.926   2821.709  -9.963   0.0625  0.1990   2469.801   2903.361   2469.739   2903.162   2469.864   2821.512 N000494
     0.000      0.000   0.000      0.000      0.000   0.000   0.0000  0.0000      0.000      0.000   1094.216   2905.089   1070.517   2939.991 N000495
   742.177   2848.740  -8.910    711.150   2976.291  -8.911   0.1774  0.0255    747.387   2909.424    747.210   2909.398    710.966   2976.281 N000496
  2503.948   2851.232 -13.108   2509.441   2827.228 -13.109  -0.0520  0.1665   2509.188   2911.894   2509.239   2911.727   2509.494   2827.055 N000497
     0.000      0.000   0.000      0.000      0.000   0.000   0.0000  0.0000      0.000      0.000    761.210   2925.684    725.232   2991.767 N000498
  1253.102   2872.201  -9.272   1239.184   2953.807  -9.272   0.1018  0.2011   1258.320   2932.879   1258.218   2932.678   1239.082   2953.610 N000499
     0.000      0.000   0.000      0.000      0.000   0.000   0.0000  0.0000      0.000      0.000   1222.243   2939.678   1201.975   2964.014 N000500
  1954.554   2883.880  -8.907   1955.071   2905.296  -8.908   0.0540 -0.1202   1959.784   2944.549   1959.730   2944.669   1955.015   2905.423 N000501
  1918.810   2889.740 -11.495   1918.776   2914.272 -11.496  -0.1898  0.2397   1924.040   2950.409   1924.230   2950.169   1918.971   2914.011 N000502
  1765.519   2893.345  -9.158   1763.001   2930.891  -9.158   0.0186 -0.1545   1770.746   2954.017   1770.727   2954.171   1762.981   2931.051 N000503
   519.833   2893.844 -11.091    478.345   3043.907 -11.092  -0.1673 -0.1565    525.039   2954.530    525.206   2954.687    478.517   3044.053 N000504
     0.000      0.000   0.000      0.000      0.000   0.000   0.0000  0.0000      0.000      0.000   1548.678   2958.174   1536.533   2954.200 N000505
  2487.510   2907.575  -8.712   2492.755   2885.788  -8.713   0.0656  0.1304   2492.749   2968.237   2492.683   2968.106   2492.690   2885.661 N000506
     0.000      0.000   0.000      0.000      0.000   0.000   0.0000  0.0000      0.000      0.000   1049.715   2971.680   1023.551   3012.525 N000507
  1142.288   2912.294 -11.523   1124.495   3004.963 -11.524  -0.2124 -0.2058   1147.504   2972.973   1147.717   2973.179   1124.711   3005.156 N000508
     0.000      0.000   0.000      0.000      0.000   0.000   0.0000  0.0000      0.000      0.000   2048.232   2985.168   2044.379   2939.378 N000509
     0.000      0.000   0.000      0.000      0.000   0.000   0.0000  0.0000      0.000      0.000   2543.894   2987.623   2544.054   2901.389 N000510
  2792.199   2931.260 -10.366   2798.029   2885.630 -10.367   0.1994  0.0500   2797.444   2991.919   2797.244   2991.869   2797.830   2885.595 N000511
   719.747   2933.891 -10.338    686.256   3066.275 -10.339   0.1715 -0.1088    724.956   2994.575    724.784   2994.684    686.075   3066.404 N000512
     0.000      0.000   0.000      0.000      0.000   0.000   0.0000  0.0000      0.000      0.000   1646.225   3001.173   1635.664   2989.811 N000513
  1407.312   2948.149 -10.344   1396.563   3018.071 -10.345  -0.1880  0.1491   1412.533   3008.825   1412.721   3008.676   1396.757   3017.901 N000514
  1827.728   2948.298  -8.563   1825.760   2981.809  -8.564   0.3946  0.0479   1832.956   3008.968   1832.561   3008.920   1825.359   2981.794 N000515
  2153.419   2948.482  -8.268   2155.926   2954.684  -8.269  -0.0808 -0.0181   2158.653   3009.148   2158.733   3009.166   2156.007   2954.696 N000516
     0.000      0.000   0.000      0.000      0.000   0.000   0.0000  0.0000      0.000      0.000   2320.784   3010.664   2319.557   2942.898 N000517
  1658.292   2954.737  -9.955   1653.156   3002.905  -9.956  -0.2078  0.2091   1663.517   3015.409   1663.725   3015.200   1653.370   3002.673 N000518
  2884.614   2958.025 -10.795   2890.337   2905.540 -10.796   0.1142  0.0255   2889.860   3018.683   2889.746   3018.657   2890.223   2905.523 N000519
  1728.545   2988.547  -9.230   1724.427   3031.496  -9.231   0.0454  0.0474   1733.772   3049.219   1733.726   3049.172   1724.381   3031.451 N000520
     0.000      0.000   0.000      0.000      0.000   0.000   0.0000  0.0000      0.000      0.000   3800.761   3052.646   3793.671   2871.304 N000521
  2429.653   3029.745  -9.414   2434.119   3014.830  -9.415   0.1532 -0.0674   2434.891   3090.408   2434.738   3090.475   2433.964   3014.911 N000522
  1490.524   3031.154 -10.312   1480.802   3095.966 -10.313   0.0242  0.1259   1495.746   3091.828   1495.722   3091.702   1480.779   3095.839 N000523
   770.994   3032.510 -12.329    737.777   3163.381 -12.329  -0.0060  0.0100    776.204   3093.194    776.210   3093.184    737.783   3163.370 N000524
   607.041   3036.036 -10.473    566.697   3182.715 -10.473   0.0406  0.0360    612.248   3096.722    612.207   3096.686    566.655   3182.682 N000525
  3828.495   3039.873 -11.800   3826.465   2917.270 -11.801  -0.0048 -0.1268   3833.757   3100.519   3833.761   3100.645   3826.471   2917.398 N000526
     0.000      0.000   0.000      0.000      0.000   0.000   0.0000  0.0000      0.000      0.000   2175.734   3111.166   2172.524   3057.441 N000527
  3529.353   3055.735 -10.634   3531.201   2955.304 -10.635  -0.1470  0.1400   3534.609   3116.384   3534.756   3116.244   3531.346   2955.152 N000528
  3439.519   3072.652  -9.555   3442.328   2979.159  -9.556   0.0186  0.1518   3444.773   3133.302   3444.755   3133.150   3442.309   2979.007 N000529
   248.757   3078.230  -9.344    189.499   3261.854  -9.344   0.0070  0.1233    253.958   3138.921    253.951   3138.797    189.495   3261.726 N000530
  1858.331   3083.870 -10.935   1855.621   3118.064 -10.936  -0.1686 -0.0963   1863.560   3144.540   1863.728   3144.637   1855.792   3118.148 N000531
     0.000      0.000   0.000      0.000      0.000   0.000   0.0000  0.0000      0.000      0.000   3338.553   3153.051   3337.060   3007.201 N000532
  1746.033   3109.823 -10.537   1740.981   3154.402 -10.538   0.0332 -0.1773   1751.260   3170.494   1751.226   3170.671   1740.945   3154.587 N000533
  1922.531   3114.414 -11.266   1920.616   3143.883 -11.267   0.0593 -0.0862   1927.761   3175.083   1927.701   3175.169   1920.555   3143.976 N000534
     0.000      0.000   0.000      0.000      0.000   0.000   0.0000  0.0000      0.000      0.000   1969.230   3176.139   1962.734   3141.416 N000535
     0.000      0.000   0.000      0.000      0.000   0.000   0.0000  0.0000      0.000      0.000   1853.833   3177.170   1845.407   3152.378 N000536
     0.000      0.000   0.000      0.000      0.000   0.000   0.0000  0.0000      0.000      0.000   1549.223   3180.674   1534.460   3182.592 N000537
  2342.693   3121.239  -8.976   2346.046   3115.385  -8.977   0.1928  0.1937   2347.929   3181.903   2347.736   3181.709   2345.853   3115.203 N000538
     0.000      0.000   0.000      0.000      0.000   0.000   0.0000  0.0000      0.000      0.000   2465.988   3193.162   2464.972   3117.122 N000539
  1853.928   3142.983 -11.415   1850.565   3179.107 -11.415  -0.0716 -0.0170   1859.156   3203.653   1859.228   3203.670   1850.638   3179.118 N000540
  2266.263   3148.919  -9.703   2268.709   3150.076  -9.704   0.0848 -0.0814   2271.498   3209.583   2271.414   3209.665   2268.623   3150.166 N000541
   443.432   3167.955 -11.006    392.394   3335.790 -11.007  -0.0679 -0.0454    448.637   3228.642    448.704   3228.688    392.464   3335.830 N000542
   918.519   3179.081 -10.964    888.474   3301.153 -10.964   0.0190  0.0814    923.731   3239.763    923.712   3239.682    888.456   3301.071 N000543
     0.000      0.000   0.000      0.000      0.000   0.000   0.0000  0.0000      0.000      0.000   2344.236   3266.664   2341.827   3202.402 N000544
  2133.612   3213.225  -9.584   2134.008   3227.185  -9.585   0.1120 -0.0247   2138.845   3273.892   2138.733   3273.917   2133.894   3227.220 N000545
   538.928   3246.218 -11.111    490.884   3407.802 -11.112  -0.0721  0.1950    544.134   3306.904    544.206   3306.709    490.964   3407.592 N000546
   875.307   3253.108 -10.139    842.149   3382.080 -10.140  -0.1647  0.1079    880.519   3313.790    880.684   3313.682    842.322   3381.952 N000547
     0.000      0.000   0.000      0.000      0.000   0.000   0.0000  0.0000      0.000      0.000   1872.228   3330.670   1862.588   3308.560 N000548
   784.927   3276.242 -10.358    747.535   3414.858 -10.359  -0.0729  0.2415    790.137   3336.925    790.210   3336.684    747.616   3414.600 N000549
     0.000      0.000   0.000      0.000      0.000   0.000   0.0000  0.0000      0.000      0.000   2257.735   3406.165   2253.426   3352.826 N000550
  2506.927   3346.739 -14.248   2510.409   3332.543 -14.249  -0.0257 -0.0701   2512.166   3407.401   2512.191   3407.472   2510.434   3332.613 N000551
     0.000      0.000   0.000      0.000      0.000   0.000   0.0000  0.0000      0.000      0.000   2424.737   3415.163   2422.190   3347.857 N000552
     0.000      0.000   0.000      0.000      0.000   0.000   0.0000  0.0000      0.000      0.000   1378.720   3417.176   1356.047   3442.256 N000553
  2446.528   3410.141  -8.952   2449.128   3402.715  -8.953  -0.0272  0.1412   2451.766   3470.804   2451.793   3470.663   2449.156   3402.568 N000554
  1467.589   3410.547  -9.145   1452.043   3489.576  -9.146   0.0887  0.0472   1472.810   3471.222   1472.721   3471.175   1451.953   3489.535 N000555
  2330.113   3426.557 -11.397   2331.379   3429.518 -11.398   0.1132  0.0573   2335.349   3487.221   2335.236   3487.164   2331.265   3429.469 N000556
  2849.826   3439.808  -9.203   2854.710   3399.591  -9.204  -0.1739 -0.1918   2855.071   3500.466   2855.244   3500.658   2854.884   3399.773 N000557
  2333.214   3448.051  -9.050   2334.360   3451.369  -9.051  -0.1434 -0.4491   2338.449   3508.715   2338.593   3509.164   2334.502   3451.819 N000558
  3227.536   3471.012  -9.568   3232.319   3401.116  -9.569   0.0357  0.0121   3232.786   3531.665   3232.751   3531.653   3232.284   3401.107 N000559
     0.000      0.000   0.000      0.000      0.000   0.000   0.0000  0.0000      0.000      0.000   1985.730   3542.169   1976.008   3516.645 N000560
   607.606   3487.992  -8.939    557.303   3653.459  -8.940   0.1062 -0.0078    612.813   3548.678    612.707   3548.686    557.191   3653.478 N000561
  1739.044   3488.897  -9.621   1729.402   3545.947  -9.621   0.0442 -0.1035   1744.270   3549.568   1744.226   3549.672   1729.355   3546.058 N000562
     0.000      0.000   0.000      0.000      0.000   0.000   0.0000  0.0000      0.000      0.000   1849.727   3562.170   1837.062   3549.471 N000563
     0.000      0.000   0.000      0.000      0.000   0.000   0.0000  0.0000      0.000      0.000   1841.977   3575.139   1828.990   3563.589 N000564
     0.000      0.000   0.000      0.000      0.000   0.000   0.0000  0.0000      0.000      0.000   1025.214   3584.081    987.292   3649.436 N000565
     0.000      0.000   0.000      0.000      0.000   0.000   0.0000  0.0000      0.000      0.000   3331.752   3607.152   3330.959   3470.561 N000566
     0.000      0.000   0.000      0.000      0.000   0.000   0.0000  0.0000      0.000      0.000   2191.233   3612.604   2184.304   3571.258 N000567
  2140.892   3557.134  -8.427   2138.440   3580.592  -8.428  -0.1083  0.1342   2146.124   3617.801   2146.232   3617.667   2138.551   3580.444 N000568
     0.000      0.000   0.000      0.000      0.000   0.000   0.0000  0.0000      0.000      0.000   1605.323   3654.373   1585.515   3667.409 N000569
     0.000      0.000   0.000      0.000      0.000   0.000   0.0000  0.0000      0.000      0.000    841.148   3704.683    792.805   3793.842 N000570
   844.659   3644.091  -8.522    801.916   3793.059  -8.523   0.1592  0.0911    849.870   3704.774    849.710   3704.683    801.752   3792.980 N000571
  2581.885   3656.891  -8.512   2584.209   3645.304  -8.513  -0.0521  0.0157   2587.125   3717.552   2587.177   3717.536   2584.262   3645.283 N000572
     0.000      0.000   0.000      0.000      0.000   0.000   0.0000  0.0000      0.000      0.000   4049.208   3727.365   4042.893   3538.248 N000573
  2865.660   3674.151  -9.227   2869.825   3639.133  -9.228   0.1605  0.1506   2870.905   3734.808   2870.744   3734.658   2869.664   3638.991 N000574
   808.246   3687.162  -9.073    762.828   3841.941  -9.074   0.1092  0.0259    813.455   3747.846    813.346   3747.820    762.714   3841.924 N000575
  3546.216   3688.991 -10.209   3549.815   3599.300 -10.210   0.0599 -0.0091   3551.472   3749.640   3551.412   3749.649   3549.756   3599.314 N000576
  1981.063   3694.730 -10.493   1974.222   3737.367 -10.494   0.0625  0.1581   1986.292   3755.398   1986.229   3755.240   1974.160   3737.208 N000577
     0.000      0.000   0.000      0.000      0.000   0.000   0.0000  0.0000      0.000      0.000   1462.721   3756.675   1437.126   3787.320 N000578
     0.000      0.000   0.000      0.000      0.000   0.000   0.0000  0.0000      0.000      0.000   2613.740   3764.661   2610.780   3691.670 N000579
     0.000      0.000   0.000      0.000      0.000   0.000   0.0000  0.0000      0.000      0.000   3494.755   3780.850   3493.444   3635.808 N000580
   758.275   3722.109  -9.025    709.644   3883.768  -9.026  -0.0025  0.1642    763.484   3782.792    763.487   3782.628    709.651   3883.595 N000581
  3857.791   3732.600 -10.385   3859.157   3619.803 -10.386  -0.1823  0.0995   3863.052   3793.245   3863.235   3793.145   3859.338   3619.687 N000582
     0.000      0.000   0.000      0.000      0.000   0.000   0.0000  0.0000      0.000      0.000   1982.729   3808.169   1969.959   3792.497 N000583
     0.000      0.000   0.000      0.000      0.000   0.000   0.0000  0.0000      0.000      0.000   1950.229   3840.169   1936.370   3828.741 N000584
     0.000      0.000   0.000      0.000      0.000   0.000   0.0000  0.0000      0.000      0.000   1518.221   3859.174   1492.630   3889.028 N000585
  1629.751   3801.657  -9.406   1612.825   3881.205  -9.407   0.1335  0.1566   1634.975   3862.330   1634.841   3862.173   1612.691   3881.054 N000586
  2627.183   3825.369  -9.188   2628.853   3815.609  -9.188   0.1830 -0.1312   2632.423   3886.029   2632.240   3886.161   2628.667   3815.761 N000587
     0.000      0.000   0.000      0.000      0.000   0.000   0.0000  0.0000      0.000      0.000    922.611   3902.182    873.333   3993.090 N000588
  2034.942   3867.739 -10.388   2027.140   3912.354 -10.388  -0.0581  0.2031   2040.172   3928.407   2040.230   3928.204   2027.202   3912.137 N000589
  3376.380   3871.509 -10.247   3380.768   3800.581 -10.248  -0.1198  0.0088   3381.633   3932.160   3381.753   3932.151   3380.888   3800.562 N000590
     0.000      0.000   0.000      0.000      0.000   0.000   0.0000  0.0000      0.000      0.000   3851.361   3932.945   3848.124   3764.122 N000591
  1310.834   3904.937 -11.530   1281.617   4020.181 -11.531  -0.1655 -0.0628   1316.052   3965.614   1316.218   3965.677   1281.787   4020.231 N000592
   961.381   3908.494  -9.838    917.699   4059.173  -9.839  -0.0911 -0.0061    966.593   3969.175    966.684   3969.181    917.794   4059.170 N000593
  1786.487   3908.756 -10.904   1772.222   3978.254 -10.905   0.0151  0.0899   1791.713   3969.427   1791.698   3969.338   1772.208   3978.162 N000594
  1002.649   3914.922  -9.758    960.661   4061.721  -9.758   0.0965 -0.0779   1007.862   3975.603   1007.765   3975.681    960.558   4061.813 N000595
  3265.313   3919.409  -8.707   3269.740   3859.083  -8.708  -0.1870 -0.0910   3270.564   3980.062   3270.751   3980.153   3269.927   3859.161 N000596
  1338.240   3948.547 -12.538   1309.156   4063.278 -12.538   0.0660  0.0469   1343.458   4009.224   1343.392   4009.177   1309.089   4063.235 N000597
  1290.619   3957.098 -11.192   1259.579   4077.007 -11.193   0.1191  0.0976   1295.837   4017.775   1295.717   4017.677   1259.458   4076.916 N000598
  1938.435   3984.632 -11.577   1926.906   4043.301 -11.578  -0.0655  0.1323   1943.663   4045.302   1943.728   4045.169   1926.975   4043.157 N000599
  3643.003   3990.281  -9.643   3646.642   3901.687  -9.644   0.0031  0.2474   3648.260   4050.928   3648.257   4050.681   3646.638   3901.432 N000600
     0.000      0.000   0.000      0.000      0.000   0.000   0.0000  0.0000      0.000      0.000   1783.226   4085.671     -1.000     -1.000 N000601
  2733.068   4037.078  -9.637   2734.336   4026.149  -9.638   0.0677  0.0776   2738.309   4097.737   2738.242   4097.659   2734.268   4026.074 N000602
     0.000      0.000   0.000      0.000      0.000   0.000   0.0000  0.0000      0.000      0.000   2374.635   4173.664     -1.000     -1.000 N000603
