   269.801   -151.734 -11.685    256.165     56.329 -11.684  -0.1986 -0.0674    280.912    -76.835    281.110    -76.767    256.370     56.382 N000001
   459.925   -127.857 -11.030    451.997     67.069 -11.029  -0.0753  0.1431    471.045    -52.958    471.120    -53.101    452.075     66.923 N000002
     0.000      0.000   0.000      0.000      0.000   0.000   0.0000  0.0000      0.000      0.000    876.141    -49.604    866.455     43.516 N000003
   332.294    -48.867 -11.518    320.322    153.767 -11.517  -0.1787  0.1326    343.406     26.034    343.585     25.901    320.507    153.624 N000004
  2316.597    -26.258 -10.334   2323.597     48.554 -10.333   0.0970  0.0922   2327.813     48.631   2327.716     48.539   2323.500     48.470 N000005
     0.000      0.000   0.000      0.000      0.000   0.000   0.0000  0.0000      0.000      0.000    736.133     65.900    723.489    166.521 N000006
  1272.429     -5.978 -10.377   1279.628    133.569 -10.376  -0.0713  0.0219   1283.590     68.918   1283.661     68.896   1279.700    133.543 N000007
     0.000      0.000   0.000      0.000      0.000   0.000   0.0000  0.0000      0.000      0.000   2830.741    103.887   2820.123     72.102 N000008
     0.000      0.000   0.000      0.000      0.000   0.000   0.0000  0.0000      0.000      0.000    775.861    145.947    763.927    242.808 N000009
  2272.980     90.623 -11.141   2280.927    165.186 -11.141  -0.0204  0.1232   2284.192    165.515   2284.212    165.392   2280.947    165.065 N000010
  3387.671     96.252 -13.507   3376.896    103.841 -13.506   0.1708 -0.0398   3398.941    171.137   3398.770    171.176   3376.730    103.890 N000011
   132.936    102.774 -12.979    113.396    317.935 -12.979  -0.0637 -0.1395    144.037    177.680    144.100    177.819    113.461    318.069 N000012
   537.942    110.421  -9.594    531.491    297.175  -9.593  -0.0910 -0.0788    549.064    185.325    549.155    185.404    531.584    297.247 N000013
   441.559    138.833 -10.306    432.240    331.984 -10.305   0.0591 -0.1668    452.675    213.738    452.616    213.905    432.178    332.153 N000014
  2368.342    183.365 -12.050   2375.859    249.837 -12.049  -0.1576 -0.1346   2379.559    258.259   2379.716    258.393   2376.016    249.959 N000015
     0.000      0.000   0.000      0.000      0.000   0.000   0.0000  0.0000      0.000      0.000   1845.188    262.397   1844.137    287.386 N000016
  1619.919    221.203  -9.668   1629.706    334.182  -9.667  -0.0814  0.1803   1631.095    296.102   1631.177    295.922   1629.788    334.000 N000017
  2881.773    221.438 -10.954   2882.656    255.550 -10.953  -0.1979 -0.0615   2893.015    296.329   2893.213    296.391   2882.851    255.598 N000018
  1939.167    290.874 -10.881   1949.442    382.017 -10.880   0.1674 -0.1262   1950.360    365.773   1950.193    365.899   1949.275    382.151 N000019
     0.000      0.000   0.000      0.000      0.000   0.000   0.0000  0.0000      0.000      0.000    699.065    377.282    684.658    476.776 N000020
     0.000      0.000   0.000      0.000      0.000   0.000   0.0000  0.0000      0.000      0.000   1881.189    396.900   1880.401    416.994 N000021
  1466.363    322.357  -8.768   1475.322    443.671  -8.767  -0.1374 -0.1427   1477.530    397.260   1477.668    397.403   1475.460    443.802 N000022
  2178.165    350.867 -11.805   2187.750    425.585 -11.804   0.1646 -0.1332   2189.369    425.765   2189.204    425.899   2187.587    425.726 N000023
  1247.422    353.539 -10.439   1254.217    488.995 -10.439  -0.0783  0.0388   1258.578    428.444   1258.656    428.405   1254.296    488.951 N000024
  3699.931    384.212  -8.722   3683.667    364.878  -8.721  -0.0692 -0.0019   3711.214    459.102   3711.284    459.104   3683.735    364.876 N000025
     0.000      0.000   0.000      0.000      0.000   0.000   0.0000  0.0000      0.000      0.000   1509.169    466.404   1507.175    509.661 N000026
   997.352    398.986 -10.743   1000.280    550.936 -10.742  -0.1485 -0.0142   1008.494    473.893   1008.642    473.908   1000.431    550.940 N000027
     0.000      0.000   0.000      0.000      0.000   0.000   0.0000  0.0000      0.000      0.000   1093.647    483.407   1086.847    554.486 N000028
     0.000      0.000   0.000      0.000      0.000   0.000   0.0000  0.0000      0.000      0.000   1131.649    489.407   1125.430    557.810 N000029
     0.000      0.000   0.000      0.000      0.000   0.000   0.0000  0.0000      0.000      0.000   1105.747    495.407   1099.111    565.518 N000030
  3131.639    421.694 -10.377   3129.297    435.424 -10.376   0.1389  0.1608   3142.892    496.588   3142.753    496.427   3129.160    435.276 N000031
     0.000      0.000   0.000      0.000      0.000   0.000   0.0000  0.0000      0.000      0.000   3188.756    522.440   3174.426    457.823 N000032
     0.000      0.000   0.000      0.000      0.000   0.000   0.0000  0.0000      0.000      0.000   2479.218    533.899   2475.763    513.105 N000033
     0.000      0.000   0.000      0.000      0.000   0.000   0.0000  0.0000      0.000      0.000    206.766    553.331    176.006    687.138 N000034
  2063.268    484.581  -9.304   2073.687    564.112  -9.304  -0.2317  0.0813   2074.465    559.484   2074.697    559.403   2073.918    564.017 N000035
   166.819    499.570 -12.826    145.887    710.380 -12.825  -0.1814  0.0699    177.917    574.485    178.098    574.415    146.076    710.297 N000036
     0.000      0.000   0.000      0.000      0.000   0.000   0.0000  0.0000      0.000      0.000   2329.010    597.402   2327.052    584.905 N000037
  1581.285    530.630  -8.801   1590.955    641.224  -8.800  -0.2155  0.1302   1592.456    605.537   1592.671    605.407   1591.172    641.081 N000038
  1791.307    555.960 -13.044   1801.876    652.160 -13.043  -0.1928 -0.0402   1802.489    630.866   1802.682    630.906   1802.070    652.187 N000039
  1434.755    560.637  -8.633   1443.251    680.745  -8.632  -0.2450  0.1370   1445.918    635.545   1446.163    635.408   1443.498    680.593 N000040
     0.000      0.000   0.000      0.000      0.000   0.000   0.0000  0.0000      0.000      0.000   2803.734    643.900   2796.868    600.285 N000041
     0.000      0.000   0.000      0.000      0.000   0.000   0.0000  0.0000      0.000      0.000   2417.797    645.402   2415.315    626.283 N000042
  3255.213    579.619  -8.652   3251.509    581.865  -8.651  -0.1198  0.1193   3266.472    654.516   3266.591    654.397   3251.625    581.741 N000043
     0.000      0.000   0.000      0.000      0.000   0.000   0.0000  0.0000      0.000      0.000   1825.983    654.906   1825.425    674.278 N000044
  2732.667    599.421 -10.249   2738.011    633.839 -10.248   0.1672 -0.0792   2743.898    674.322   2743.731    674.401   2737.846    633.927 N000045
    69.442    608.671 -10.105     43.623    826.698 -10.104  -0.0582  0.1713     80.534    683.590     80.592    683.419     43.685    826.522 N000046
  2019.168    614.694  -8.785   2029.891    694.896  -8.784   0.1681  0.1944   2030.361    689.600   2030.193    689.406   2029.723    694.716 N000047
     0.000      0.000   0.000      0.000      0.000   0.000   0.0000  0.0000      0.000      0.000   2911.346    690.900   2903.123    639.501 N000048
  1143.928    617.042  -9.236   1148.637    756.608  -9.235  -0.0717  0.0419   1155.076    691.954   1155.148    691.912   1148.710    756.561 N000049
  2361.152    627.460 -11.900   2370.410    685.110 -11.899   0.1520 -0.0398   2372.363    702.364   2372.211    702.404   2370.259    685.159 N000050
  2141.813    650.891  -8.649   2152.302    722.432  -8.649  -0.1869 -0.1086   2153.012    725.797   2153.199    725.906   2152.489    722.527 N000051
  1650.043    666.831 -11.569   1660.025    770.977 -11.568   0.0435 -0.1694   1661.217    741.740   1661.174    741.910   1659.981    771.147 N000052
     0.000      0.000   0.000      0.000      0.000   0.000   0.0000  0.0000      0.000      0.000   1470.164    743.111   1467.537    785.393 N000053
   396.826    670.165  -8.754    382.888    863.447  -8.753  -0.2369  0.2277    407.934    745.083    408.171    744.855    383.134    863.202 N000054
  2584.567    677.284 -11.008   2592.008    719.602 -11.007   0.0669 -0.2156   2595.789    752.188   2595.722    752.404   2591.943    719.818 N000055
  3247.583    678.586 -12.382   3244.752    678.978 -12.381   0.0831  0.0857   3258.840    753.485   3258.757    753.399   3244.670    678.899 N000056
  1468.093    695.638 -10.111   1476.657    811.905 -10.110   0.0926  0.1381   1479.256    770.550   1479.164    770.411   1476.564    811.775 N000057
  4070.204    713.566 -11.497   4046.446    663.157 -11.496   0.2041  0.0661   4081.503    788.461   4081.299    788.395   4046.248    663.105 N000058
   585.623    729.118  -9.413    577.200    908.198  -9.412   0.1233  0.1177    596.741    804.036    596.617    803.918    577.074    908.090 N000059
     0.000      0.000   0.000      0.000      0.000   0.000   0.0000  0.0000      0.000      0.000   1783.579    805.810   1782.899    825.945 N000060
  2832.665    735.951 -10.445   2837.311    761.247 -10.445   0.1649 -0.0489   2843.899    810.854   2843.734    810.903   2837.149    761.306 N000061
     0.000      0.000   0.000      0.000      0.000   0.000   0.0000  0.0000      0.000      0.000   1315.755    817.714   1311.215    869.978 N000062
  3791.089    743.627  -9.403   3775.781    709.166  -9.402   0.0894  0.1267   3802.374    818.524   3802.284    818.397   3775.693    709.048 N000063
  2520.503    744.465  -9.061   2528.820    789.690  -9.060   0.1906  0.0271   2531.721    819.370   2531.531    819.343   2528.631    789.676 N000064
  3816.795    751.946  -9.398   3800.851    715.725  -9.397  -0.2048 -0.0535   3828.081    826.844   3828.286    826.897   3801.051    715.765 N000065
     0.000      0.000   0.000      0.000      0.000   0.000   0.0000  0.0000      0.000      0.000   1739.677    832.411   1738.798    855.202 N000066
  3282.135    779.951  -9.616   3279.303    775.941  -9.615   0.1351 -0.0487   3293.393    854.853   3293.257    854.901   3279.171    775.997 N000067
  1326.765    782.424  -9.389   1333.536    907.703  -9.388  -0.2349 -0.0760   1337.921    857.338   1338.155    857.414   1333.774    907.762 N000068
     0.000      0.000   0.000      0.000      0.000   0.000   0.0000  0.0000      0.000      0.000    509.612    858.920    486.992    969.465 N000069
  1513.535    788.614  -9.362   1522.321    900.773  -9.361   0.0348  0.1140   1524.700    863.527   1524.665    863.413   1522.286    900.663 N000070
  1617.312    788.815  -8.738   1626.920    893.788  -8.738  -0.1881 -0.1849   1628.482    863.728   1628.671    863.913   1627.109    893.958 N000071
   937.598    793.542 -10.433    937.693    946.545 -10.432   0.0983  0.0422    948.733    868.459    948.635    868.417    937.593    946.510 N000072
     0.000      0.000   0.000      0.000      0.000   0.000   0.0000  0.0000      0.000      0.000   2856.651    875.071   2850.188    823.410 N000073
  1204.577    806.598 -12.028   1209.531    940.333 -12.027   0.0767  0.0982   1215.725    881.514   1215.649    881.416   1209.453    940.241 N000074
     0.000      0.000   0.000      0.000      0.000   0.000   0.0000  0.0000      0.000      0.000   2086.694    888.410   2086.351    887.000 N000075
     0.000      0.000   0.000      0.000      0.000   0.000   0.0000  0.0000      0.000      0.000   2215.201    891.909   2214.534    881.859 N000076
  3008.928    818.771 -10.577   3011.331    831.208 -10.576  -0.0467 -0.1542   3020.171    893.675   3020.218    893.829   3011.378    831.356 N000077
  2107.397    841.000 -10.376   2118.214    911.986 -10.375  -0.1032 -0.0001   2118.592    915.911   2118.696    915.911   2118.317    911.979 N000078
   144.200    843.054 -11.822    119.184   1055.678 -11.822   0.2002  0.0537    155.293    917.977    155.093    917.924    118.976   1055.640 N000079
  1604.623    846.802 -10.987   1614.031    952.064 -10.986   0.1229 -0.1981   1615.792    921.716   1615.669    921.914   1613.907    952.269 N000080
  1555.810    847.347 -10.384   1564.828    956.000 -10.383  -0.1650 -0.1527   1566.977    922.262   1567.142    922.414   1564.994    956.140 N000081
  2182.711    867.787 -10.363   2193.374    933.357 -10.362   0.2110 -0.1814   2193.910    942.698   2193.699    942.880   2193.164    933.550 N000082
     0.000      0.000   0.000      0.000      0.000   0.000   0.0000  0.0000      0.000      0.000   2875.735    947.049   2869.340    892.832 N000083
  2768.806    873.222 -10.257   2774.903    900.081 -10.256  -0.1943  0.2217   2780.035    948.129   2780.230    947.907   2775.094    899.851 N000084
     0.000      0.000   0.000      0.000      0.000   0.000   0.0000  0.0000      0.000      0.000   2564.468    968.492   2561.728    934.177 N000085
     0.000      0.000   0.000      0.000      0.000   0.000   0.0000  0.0000      0.000      0.000   2342.707    977.911   2341.594    958.133 N000086
   391.583    917.261  -8.958    375.328   1110.861  -8.957   0.0834 -0.1143    402.689    992.184    402.605    992.299    375.241   1110.982 N000087
  1290.767    919.445  -9.003   1296.551   1046.262  -9.002  -0.1667 -0.0548   1301.919    994.363   1302.085    994.418   1296.720   1046.305 N000088
  2812.093    934.512 -10.053   2817.904    957.508 -10.052   0.0932  0.0117   2823.324   1009.420   2823.231   1009.408   2817.812    957.503 N000089
  2391.525    936.924 -13.224   2401.340    987.576 -13.223   0.0246 -0.0763   2402.734   1011.835   2402.709   1011.911   2401.316    987.653 N000090
   538.672    937.396 -10.048    527.157   1119.740 -10.047   0.1720 -0.1044    549.785   1012.319    549.613   1012.423    526.979   1119.858 N000091
     0.000      0.000   0.000      0.000      0.000   0.000   0.0000  0.0000      0.000      0.000   2160.822   1018.913   2160.428   1010.811 N000092
     0.000      0.000   0.000      0.000      0.000   0.000   0.0000  0.0000      0.000      0.000   2891.735   1022.408   2885.459    965.831 N000093
  1552.132    950.329  -8.761   1560.858   1058.353  -8.760   0.1317 -0.1709   1563.297   1025.246   1563.165   1025.417   1560.724   1058.532 N000094
  1807.706    952.774  -9.392   1818.134   1042.902  -9.391   0.1699 -0.2255   1818.884   1027.690   1818.714   1027.915   1817.963   1043.137 N000095
  2325.089    956.549 -11.725   2335.304   1011.373 -11.725   0.0893  0.0487   2336.295   1031.461   2336.206   1031.412   2335.215   1011.331 N000096
  2169.671    958.511  -9.286   2180.443   1023.786  -9.285   0.1711  0.0113   2180.869   1033.424   2180.697   1033.413   2180.272   1023.787 N000097
  1059.236    964.973 -10.858   1060.874   1108.344 -10.857  -0.2341 -0.0274   1070.376   1039.893   1070.610   1039.920   1061.113   1108.354 N000098
     0.000      0.000   0.000      0.000      0.000   0.000   0.0000  0.0000      0.000      0.000   2412.209   1044.037   2410.820   1018.697 N000099
  1086.835    974.189  -9.809   1088.953   1115.503  -9.808  -0.1651  0.1895   1097.976   1049.110   1098.141   1048.920   1089.122   1115.302 N000100
     0.000      0.000   0.000      0.000      0.000   0.000   0.0000  0.0000      0.000      0.000   2052.191   1048.714   2051.917   1047.653 N000101
     0.000      0.000   0.000      0.000      0.000   0.000   0.0000  0.0000      0.000      0.000   1965.686   1064.465   1965.329   1069.164 N000102
     0.000      0.000   0.000      0.000      0.000   0.000   0.0000  0.0000      0.000      0.000   1421.157   1082.893   1417.012   1125.702 N000103
  2129.922   1017.208 -10.665   2140.790   1084.497 -10.664  -0.0783  0.2082   2141.116   1092.123   2141.195   1091.915   2140.869   1084.286 N000104
     0.000      0.000   0.000      0.000      0.000   0.000   0.0000  0.0000      0.000      0.000   1983.687   1097.916   1983.339   1101.032 N000105
   533.148   1023.617 -10.677    520.681   1206.482 -10.676   0.1480  0.1170    544.259   1098.542    544.111   1098.425    520.530   1206.376 N000106
     0.000      0.000   0.000      0.000      0.000   0.000   0.0000  0.0000      0.000      0.000   1810.677   1103.362   1809.779   1118.444 N000107
  3751.033   1029.716 -10.530   3739.336    991.181 -10.529   0.0325  0.1688   3762.312   1104.621   3762.279   1104.452   3739.303    991.018 N000108
  2360.173   1044.834 -10.964   2370.333   1096.160 -10.963   0.1734 -0.1662   2371.380   1119.748   2371.207   1119.914   2370.161   1096.336 N000109
     0.000      0.000   0.000      0.000      0.000   0.000   0.0000  0.0000      0.000      0.000   1745.674   1126.918   1744.373   1146.372 N000110
  1826.107   1056.975  -8.945   1836.459   1144.868  -8.944   0.1066 -0.0252   1837.285   1131.892   1837.179   1131.918   1836.352   1144.901 N000111
  3739.567   1057.358 -10.473   3728.399   1018.967 -10.472   0.0422 -0.1424   3750.845   1132.263   3750.803   1132.405   3728.360   1019.109 N000112
  3082.898   1059.380 -10.232   3085.369   1062.689 -10.231  -0.1025 -0.1201   3094.142   1134.289   3094.244   1134.409   3085.470   1062.801 N000113
  1396.375   1068.061 -11.734   1402.975   1186.441 -11.733  -0.1252  0.0608   1407.531   1142.981   1407.656   1142.921   1403.102   1186.372 N000114
  2833.802   1072.065 -10.253   2839.882   1091.443 -10.252  -0.1977  0.0646   2845.033   1146.976   2845.231   1146.911   2840.077   1091.366 N000115
     0.000      0.000   0.000      0.000      0.000   0.000   0.0000  0.0000      0.000      0.000   1851.679   1151.918   1850.885   1163.717 N000116
   950.154   1091.262 -11.881    948.651   1242.441 -11.880   0.1542 -0.2381    961.287   1166.186    961.132   1166.424    948.492   1242.690 N000117
     0.000      0.000   0.000      0.000      0.000   0.000   0.0000  0.0000      0.000      0.000   2746.726   1166.412   2742.781   1117.091 N000118
  1511.477   1095.076 -10.566   1519.341   1205.022 -10.565  -0.0234  0.0759   1522.638   1169.996   1522.662   1169.921   1519.365   1204.945 N000119
  1721.830   1099.435 -10.699   1731.510   1194.348 -10.698  -0.1699 -0.0651   1733.003   1174.354   1733.173   1174.419   1731.681   1194.401 N000120
     0.000      0.000   0.000      0.000      0.000   0.000   0.0000  0.0000      0.000      0.000   1224.646   1187.860   1217.127   1244.485 N000121
  2263.828   1113.162 -12.403   2274.442   1170.239 -12.402  -0.1717  0.1621   2275.029   1188.078   2275.201   1187.916   2274.613   1170.067 N000122
  1165.670   1119.741 -10.360   1168.413   1254.804 -10.360   0.1702  0.1656   1176.814   1194.664   1176.643   1194.498   1168.241   1254.651 N000123
     0.000      0.000   0.000      0.000      0.000   0.000   0.0000  0.0000      0.000      0.000   2225.298   1197.317   2224.847   1182.784 N000124
   455.377   1130.213 -10.926    439.234   1319.448 -10.925  -0.1234  0.2127    466.483   1205.141    466.606   1204.928    439.364   1319.225 N000125
     0.000      0.000   0.000      0.000      0.000   0.000   0.0000  0.0000      0.000      0.000   1389.654   1223.423   1384.502   1267.833 N000126
  2630.433   1168.139 -12.874   2638.944   1199.729 -12.873  -0.0674  0.1389   2641.652   1243.054   2641.719   1242.915   2639.010   1199.587 N000127
   189.436   1182.045  -9.620    162.407   1392.833  -9.620  -0.0644  0.0449    200.527   1256.976    200.592   1256.931    162.475   1392.783 N000128
  1485.448   1197.682 -10.273   1492.600   1309.037 -10.272  -0.0521  0.1553   1496.607   1272.605   1496.659   1272.449   1492.653   1308.879 N000129
  1014.395   1211.761 -10.873   1013.456   1358.072 -10.873  -0.0827 -0.2161   1025.529   1286.688   1025.612   1286.904   1013.539   1358.282 N000130
   772.355   1211.985  -8.570    765.374   1376.817  -8.569  -0.0732 -0.0860    783.477   1286.914    783.550   1287.000    765.448   1376.898 N000131
  2029.237   1212.507  -9.848   2039.976   1284.909  -9.847   0.2375  0.0065   2040.425   1287.426   2040.187   1287.420   2039.738   1284.919 N000132
  3112.966   1219.736 -14.092   3115.745   1218.567 -14.091  -0.0342 -0.0765   3124.210   1294.649   3124.244   1294.725   3115.779   1218.640 N000133
  1083.726   1226.673 -11.200   1084.171   1367.746 -11.199   0.2032  0.1734   1094.864   1301.600   1094.661   1301.426   1083.965   1367.588 N000134
     0.000      0.000   0.000      0.000      0.000   0.000   0.0000  0.0000      0.000      0.000   1372.486   1303.425   1366.688   1348.857 N000135
     0.000      0.000   0.000      0.000      0.000   0.000   0.0000  0.0000      0.000      0.000   1448.156   1303.924   1443.405   1343.791 N000136
     0.000      0.000   0.000      0.000      0.000   0.000   0.0000  0.0000      0.000      0.000   2265.270   1308.847   2264.737   1290.485 N000137
     0.000      0.000   0.000      0.000      0.000   0.000   0.0000  0.0000      0.000      0.000   2144.193   1312.920   2143.801   1302.940 N000138
     0.000      0.000   0.000      0.000      0.000   0.000   0.0000  0.0000      0.000      0.000   1483.658   1319.424   1479.281   1356.644 N000139
  1563.630   1253.016 -10.238   1571.430   1358.473 -10.237   0.1305  0.0164   1574.793   1327.940   1574.663   1327.924   1571.298   1358.466 N000140
     0.000      0.000   0.000      0.000      0.000   0.000   0.0000  0.0000      0.000      0.000   1892.279   1328.422   1891.305   1336.093 N000141
     0.000      0.000   0.000      0.000      0.000   0.000   0.0000  0.0000      0.000      0.000   1794.374   1329.422   1792.873   1344.082 N000142
     0.000      0.000   0.000      0.000      0.000   0.000   0.0000  0.0000      0.000      0.000   2128.692   1335.387   2128.277   1326.319 N000143
  1504.004   1268.080  -8.990   1511.065   1377.847  -8.990  -0.1322  0.1712   1515.164   1343.005   1515.296   1342.834   1511.200   1377.667 N000144
  2436.565   1269.973 -10.339   2446.575   1313.617 -10.338   0.0649 -0.0269   2447.773   1344.892   2447.708   1344.919   2446.511   1313.648 N000145
  1932.010   1271.623  -9.480   1942.391   1350.489  -9.479   0.0097  0.1227   1943.191   1346.545   1943.182   1346.422   1942.382   1350.368 N000146
  1282.859   1276.393  -9.235   1286.711   1402.502  -9.234  -0.1970 -0.1067   1294.006   1351.320   1294.203   1351.426   1286.911   1402.594 N000147
  3627.298   1281.746 -10.989   3620.563   1246.306 -10.988  -0.2017  0.0881   3638.568   1356.657   3638.770   1356.569   3620.760   1246.207 N000148
     0.000      0.000   0.000      0.000      0.000   0.000   0.0000  0.0000      0.000      0.000   1359.651   1363.426   1353.335   1409.704 N000149
  1994.866   1295.580  -8.518   2005.404   1369.843  -8.517  -0.0622  0.1513   2006.051   1370.502   2006.113   1370.351   2005.467   1369.688 N000150
  2789.735   1307.657 -10.980   2797.062   1326.870 -10.979   0.1296  0.1571   2800.961   1382.574   2800.831   1382.417   2796.933   1326.723 N000151
  1347.559   1308.899  -9.758   1352.262   1430.150  -9.757   0.0588 -0.1012   1358.710   1383.825   1358.651   1383.927   1352.202   1430.255 N000152
  1259.048   1313.874 -11.085   1262.265   1441.748 -11.084   0.0480 -0.1256   1270.194   1388.802   1270.146   1388.927   1262.215   1441.877 N000153
  1455.871   1344.610 -12.711   1461.947   1457.768 -12.710  -0.1285  0.1099   1467.028   1419.537   1467.156   1419.427   1462.078   1457.649 N000154
  3638.784   1344.532 -14.336   3632.239   1307.352 -14.335   0.0672  0.0100   3650.054   1419.444   3649.987   1419.434   3632.173   1307.347 N000155
  1954.400   1350.023 -10.989   1964.691   1426.874 -10.989  -0.1003  0.0234   1965.582   1424.947   1965.682   1424.924   1964.792   1426.844 N000156
     0.000      0.000   0.000      0.000      0.000   0.000   0.0000  0.0000      0.000      0.000   2599.715   1426.669   2597.689   1384.189 N000157
  1462.713   1355.269  -8.765   1468.820   1467.907  -8.764   0.1126 -0.0308   1473.869   1430.196   1473.756   1430.227   1468.706   1467.946 N000158
     0.000      0.000   0.000      0.000      0.000   0.000   0.0000  0.0000      0.000      0.000   1740.170   1431.925   1737.945   1450.071 N000159
  1370.748   1357.857 -11.841   1375.526   1477.345 -11.840   0.1231 -0.1427   1381.900   1432.785   1381.777   1432.928   1375.400   1477.497 N000160
     0.000      0.000   0.000      0.000      0.000   0.000   0.0000  0.0000      0.000      0.000   3983.787   1435.911   3957.901   1302.375 N000161
     0.000      0.000   0.000      0.000      0.000   0.000   0.0000  0.0000      0.000      0.000   1758.171   1442.925   1756.044   1459.729 N000162
  2200.739   1367.864  -8.803   2211.412   1427.131  -8.802   0.2386 -0.1365   2211.933   1442.786   2211.695   1442.922   2211.174   1427.283 N000163
     0.000      0.000   0.000      0.000      0.000   0.000   0.0000  0.0000      0.000      0.000   2520.211   1444.295   2518.710   1407.126 N000164
  2192.652   1374.671 -10.965   2203.323   1434.466 -10.964   0.1520  0.1712   2203.846   1449.594   2203.694   1449.423   2203.171   1434.307 N000165
     0.000      0.000   0.000      0.000      0.000   0.000   0.0000  0.0000      0.000      0.000   2954.233   1453.807   2948.801   1386.968 N000166
     0.000      0.000   0.000      0.000      0.000   0.000   0.0000  0.0000      0.000      0.000   1415.153   1462.428   1409.098   1504.492 N000167
  1002.089   1388.080 -10.443    999.461   1535.667 -10.442   0.1199  0.0805   1013.221   1463.011   1013.101   1462.931    999.339   1535.596 N000168
     0.000      0.000   0.000      0.000      0.000   0.000   0.0000  0.0000      0.000      0.000   3379.184   1466.415   3367.231   1371.200 N000169
  2178.345   1402.381  -8.724   2188.986   1463.024  -8.723  -0.1548 -0.0189   2189.538   1477.304   2189.693   1477.323   2189.140   1463.032 N000170
  1666.430   1403.198 -11.192   1674.638   1500.725 -11.191  -0.0698  0.1981   1677.597   1478.125   1677.666   1477.927   1674.709   1500.522 N000171
     0.000      0.000   0.000      0.000      0.000   0.000   0.0000  0.0000      0.000      0.000   3377.755   1478.416   3365.897   1383.134 N000172
  1633.756   1412.363  -9.617   1641.599   1512.278  -9.616  -0.1601 -0.1371   1644.921   1487.290   1645.081   1487.427   1641.760   1512.403 N000173
  1150.415   1422.040 -10.062   1150.802   1558.293 -10.061  -0.0851  0.0395   1161.554   1496.970   1161.639   1496.931   1150.889   1558.247 N000174
  2172.565   1425.220 -10.992   2183.176   1486.148 -10.991   0.0654  0.0951   2183.758   1500.144   2183.693   1500.049   2183.111   1486.058 N000175
  3240.934   1428.382  -9.289   3242.648   1415.979  -9.288  -0.0657 -0.1176   3252.183   1503.299   3252.248   1503.417   3242.713   1416.091 N000176
  1902.976   1429.144  -9.563   1912.840   1509.374  -9.562  -0.0500  0.1705   1914.155   1504.070   1914.205   1503.899   1912.891   1509.200 N000177
  1397.967   1432.452  -9.387   1402.707   1549.908  -9.387  -0.0334 -0.0189   1409.119   1507.381   1409.152   1507.400   1402.741   1549.924 N000178
     0.000      0.000   0.000      0.000      0.000   0.000   0.0000  0.0000      0.000      0.000    621.111   1510.434    595.747   1614.288 N000179
  2587.928   1456.093  -9.797   2597.243   1487.681  -9.796  -0.0719  0.0931   2599.142   1531.015   2599.214   1530.922   2597.314   1487.584 N000180
  2417.992   1459.609  -8.753   2428.163   1503.021  -8.752  -0.0080  0.1085   2429.197   1534.532   2429.205   1534.423   2428.171   1502.912 N000181
  2121.081   1466.495  -9.226   2131.588   1530.893  -9.225   0.0805 -0.0053   2132.270   1541.420   2132.189   1541.425   2131.507   1530.904 N000182
   920.217   1469.621  -8.931    914.817   1623.953  -8.930  -0.0605  0.0101    931.344   1544.554    931.405   1544.544    914.879   1623.938 N000183
     0.000      0.000   0.000      0.000      0.000   0.000   0.0000  0.0000      0.000      0.000   2910.756   1555.420   2906.144   1490.480 N000184
     0.000      0.000   0.000      0.000      0.000   0.000   0.0000  0.0000      0.000      0.000   1221.342   1559.632   1211.305   1616.540 N000185
  1836.347   1487.309 -12.734   1845.629   1572.234 -12.733  -0.1527 -0.1914   1847.522   1562.236   1847.674   1562.428   1845.782   1572.414 N000186
  1463.715   1490.472  -9.822   1469.070   1603.031  -9.821   0.1818 -0.0280   1474.870   1565.402   1474.688   1565.430   1468.886   1603.073 N000187
  1754.202   1492.419 -10.039   1762.835   1583.364 -10.038   0.2025 -0.0812   1765.373   1567.347   1765.170   1567.428   1762.630   1583.460 N000188
  1530.571   1496.472  -8.885   1536.798   1604.018  -8.884   0.0710 -0.0277   1541.729   1571.402   1541.658   1571.430   1536.726   1604.051 N000189
     0.000      0.000   0.000      0.000      0.000   0.000   0.0000  0.0000      0.000      0.000   1575.160   1576.930   1570.617   1607.048 N000190
  2124.771   1503.691 -10.575   2135.217   1567.673 -10.574  -0.2012  0.1914   2135.960   1578.617   2136.161   1578.426   2135.419   1567.468 N000191
  1161.246   1507.473  -9.099   1161.181   1643.170  -9.098   0.1098 -0.0274   1172.385   1582.405   1172.275   1582.433   1161.069   1643.206 N000192
  2263.080   1512.114  -8.715   2273.566   1566.179  -8.714  -0.0035  0.0303   2274.276   1587.039   2274.280   1587.009   2273.569   1566.148 N000193
     0.000      0.000   0.000      0.000      0.000   0.000   0.0000  0.0000      0.000      0.000   1410.651   1610.432   1403.606   1652.990 N000194
  2175.733   1535.549 -10.299   2186.179   1595.755 -10.298   0.1495  0.0489   2186.924   1610.475   2186.775   1610.426   2186.029   1595.717 N000195
  2231.947   1536.767 -10.451   2242.411   1592.945 -10.451  -0.0268 -0.1536   2243.141   1611.694   2243.168   1611.847   2242.437   1593.096 N000196
  4004.601   1538.890 -12.295   3990.740   1475.420 -12.294   0.1012 -0.1098   4015.888   1613.805   4015.787   1613.914   3990.643   1475.535 N000197
     0.000      0.000   0.000      0.000      0.000   0.000   0.0000  0.0000      0.000      0.000    932.459   1615.352    915.263   1695.091 N000198
  2332.768   1544.835 -10.937   2343.132   1593.795 -10.936  -0.0854 -0.1648   2343.967   1619.761   2344.053   1619.926   2343.217   1593.953 N000199
   486.674   1546.952  -9.613    466.668   1736.834  -9.612   0.1745 -0.0475    497.778   1621.890    497.603   1621.938    466.486   1736.896 N000200
  1848.483   1561.222  -8.813   1857.580   1645.150  -8.812  -0.0173  0.1510   1859.657   1636.152   1859.674   1636.001   1857.598   1644.998 N000201
  1673.879   1563.588 -10.422   1681.434   1660.461 -10.421  -0.1214  0.0877   1685.044   1638.518   1685.165   1638.430   1681.557   1660.364 N000202
     0.000      0.000   0.000      0.000      0.000   0.000   0.0000  0.0000      0.000      0.000   1896.676   1639.429   1894.826   1645.701 N000203
  3054.191   1577.847  -9.570   3059.241   1576.418  -9.569   0.1905 -0.1535   3065.427   1652.768   3065.237   1652.922   3059.054   1576.583 N000204
  1830.492   1585.658 -10.465   1839.360   1670.897 -10.464  -0.0080  0.1584   1841.665   1660.588   1841.673   1660.430   1839.369   1670.738 N000205
     0.000      0.000   0.000      0.000      0.000   0.000   0.0000  0.0000      0.000      0.000   2033.183   1660.929   2031.960   1657.178 N000206
   595.727   1597.768  -9.554    578.992   1779.233  -9.554   0.2266 -0.1165    606.835   1672.707    606.608   1672.823    578.756   1779.370 N000207
     0.000      0.000   0.000      0.000      0.000   0.000   0.0000  0.0000      0.000      0.000   1262.643   1673.434   1252.518   1727.586 N000208
  1845.615   1606.414  -9.808   1854.513   1690.524  -9.807   0.1146 -0.0862   1856.788   1681.344   1856.674   1681.430   1854.397   1690.619 N000209
  1677.110   1606.858 -10.606   1684.486   1703.524 -10.605   0.1096 -0.1423   1688.274   1681.789   1688.165   1681.931   1684.374   1703.675 N000210
  1394.966   1608.409  -9.491   1398.496   1726.457  -9.491  -0.0338 -0.0580   1406.116   1683.342   1406.150   1683.400   1398.530   1726.513 N000211
  1714.137   1611.837 -11.204   1721.877   1705.737 -11.203   0.1110 -0.1625   1725.304   1686.769   1725.193   1686.931   1721.764   1705.908 N000212
  2032.918   1627.483 -11.116   2042.803   1697.788 -11.115  -0.0818 -0.0175   2044.101   1702.412   2044.183   1702.430   2042.885   1697.800 N000213
  2210.631   1639.073  -9.578   2220.929   1696.436  -9.577   0.1309  0.0734   2221.823   1714.002   2221.692   1713.929   2220.798   1696.372 N000214
     0.000      0.000   0.000      0.000      0.000   0.000   0.0000  0.0000      0.000      0.000   2782.257   1726.425   2779.242   1669.032 N000215
  1060.521   1653.179  -9.923   1056.875   1797.587  -9.922   0.0207  0.1790   1071.653   1728.116   1071.632   1727.937   1056.856   1797.408 N000216
     0.000      0.000   0.000      0.000      0.000   0.000   0.0000  0.0000      0.000      0.000   1943.678   1727.931   1941.798   1730.667 N000217
     0.000      0.000   0.000      0.000      0.000   0.000   0.0000  0.0000      0.000      0.000   2421.675   1728.400   2420.586   1696.455 N000218
     0.000      0.000   0.000      0.000      0.000   0.000   0.0000  0.0000      0.000      0.000   1209.639   1743.436   1197.844   1802.108 N000219
     0.000      0.000   0.000      0.000      0.000   0.000   0.0000  0.0000      0.000      0.000   1285.143   1743.436   1274.877   1796.190 N000220
  1215.631   1672.509 -12.453   1215.296   1804.796 -12.452   0.1306  0.0089   1226.771   1747.445   1226.640   1747.436   1215.163   1804.797 N000221
     0.000      0.000   0.000      0.000      0.000   0.000   0.0000  0.0000      0.000      0.000   2401.139   1748.647   2400.080   1718.102 N000222
     0.000      0.000   0.000      0.000      0.000   0.000   0.0000  0.0000      0.000      0.000   2121.987   1768.231   2120.782   1757.819 N000223
  2508.507   1695.197  -9.022   2518.285   1731.041  -9.022   0.0066  0.1553   2519.714   1770.125   2519.707   1769.970   2518.278   1730.887 N000224
   165.649   1695.531 -10.715    129.899   1914.615 -10.714   0.1493 -0.0027    176.734   1770.474    176.585   1770.477    129.743   1914.631 N000225
  3356.290   1697.679 -10.616   3357.362   1674.760 -10.615  -0.2336  0.1549   3367.542   1772.601   3367.775   1772.446   3357.591   1674.591 N000226
     0.000      0.000   0.000      0.000      0.000   0.000   0.0000  0.0000      0.000      0.000   1274.726   1779.936   1263.947   1833.725 N000227
  2072.753   1707.162 -10.077   2082.562   1774.460 -10.076  -0.0223  0.1618   2083.937   1782.093   2083.959   1781.931   2082.585   1774.297 N000228
     0.000      0.000   0.000      0.000      0.000   0.000   0.0000  0.0000      0.000      0.000   1689.664   1790.834   1685.309   1812.680 N000229
  1516.181   1728.424  -9.211   1520.788   1837.652  -9.210   0.1808 -0.0762   1527.336   1803.359   1527.155   1803.435   1520.604   1837.742 N000230
  2963.140   1729.036 -10.025   2969.680   1732.751 -10.024   0.1400  0.0358   2974.371   1803.962   2974.231   1803.926   2969.542   1732.725 N000231
     0.000      0.000   0.000      0.000      0.000   0.000   0.0000  0.0000      0.000      0.000   2331.697   1805.430   2330.667   1779.730 N000232
     0.000      0.000   0.000      0.000      0.000   0.000   0.0000  0.0000      0.000      0.000   3714.769   1820.021   3698.279   1698.624 N000233
     0.000      0.000   0.000      0.000      0.000   0.000   0.0000  0.0000      0.000      0.000   2130.186   1840.132   2128.811   1829.084 N000234
     0.000      0.000   0.000      0.000      0.000   0.000   0.0000  0.0000      0.000      0.000   1942.176   1842.434   1939.830   1845.346 N000235
     0.000      0.000   0.000      0.000      0.000   0.000   0.0000  0.0000      0.000      0.000   2259.693   1845.932   2258.583   1825.400 N000236
  1415.748   1773.269 -10.345   1418.398   1890.520 -10.344  -0.0167  0.0927   1426.897   1848.206   1426.914   1848.114   1418.416   1890.425 N000237
  1996.206   1773.861 -10.969   2005.421   1846.845 -10.968   0.1807 -0.1387   2007.385   1848.795   2007.205   1848.933   2005.239   1846.998 N000238
  1544.848   1778.078  -9.056   1549.538   1885.336  -9.055  -0.0607  0.0326   1556.004   1853.014   1556.065   1852.982   1549.600   1885.299 N000239
     0.000      0.000   0.000      0.000      0.000   0.000   0.0000  0.0000      0.000      0.000   1544.155   1859.937   1537.471   1893.210 N000240
     0.000      0.000   0.000      0.000      0.000   0.000   0.0000  0.0000      0.000      0.000   1655.661   1861.203   1650.493   1885.893 N000241
  1957.960   1791.800  -9.887   1966.862   1867.669  -9.886  -0.0403 -0.1996   1969.137   1866.734   1969.177   1866.934   1966.902   1867.866 N000242
     0.000      0.000   0.000      0.000      0.000   0.000   0.0000  0.0000      0.000      0.000   1464.544   1869.937   1456.523   1909.451 N000243
  1405.603   1799.457  -9.233   1407.868   1917.671  -9.233   0.1031 -0.0432   1416.752   1874.395   1416.649   1874.438   1407.763   1917.722 N000244
     0.000      0.000   0.000      0.000      0.000   0.000   0.0000  0.0000      0.000      0.000   1189.637   1880.401   1176.122   1941.700 N000245
  2945.040   1806.698 -10.468   2951.926   1811.280 -10.467   0.0397  0.1984   2956.269   1881.626   2956.229   1881.428   2951.886   1811.085 N000246
  2039.709   1808.632 -10.204   2049.028   1878.425 -10.203   0.2091  0.1322   2050.891   1883.566   2050.682   1883.434   2048.819   1878.308 N000247
  1264.284   1808.854  -9.946   1263.736   1938.281  -9.945  -0.0498 -0.1463   1275.425   1883.793   1275.474   1883.939   1263.785   1938.425 N000248
   762.161   1811.717 -10.345    748.250   1981.969 -10.344   0.1615  0.1643    773.276   1886.659    773.115   1886.495    748.085   1981.816 N000249
     0.000      0.000   0.000      0.000      0.000   0.000   0.0000  0.0000      0.000      0.000   2460.703   1887.931   2459.373   1852.798 N000250
     0.000      0.000   0.000      0.000      0.000   0.000   0.0000  0.0000      0.000      0.000   2100.184   1891.291   2098.527   1882.498 N000251
     0.000      0.000   0.000      0.000      0.000   0.000   0.0000  0.0000      0.000      0.000   1870.672   1891.935   1867.549   1900.351 N000252
     0.000      0.000   0.000      0.000      0.000   0.000   0.0000  0.0000      0.000      0.000   1286.142   1897.439   1274.546   1951.189 N000253
     0.000      0.000   0.000      0.000      0.000   0.000   0.0000  0.0000      0.000      0.000   1989.261   1897.101   1986.991   1896.589 N000254
  1193.016   1823.633 -11.792   1190.787   1958.873 -11.791   0.0158  0.1327   1204.153   1898.572   1204.137   1898.440   1190.772   1958.740 N000255
  2353.320   1823.626  -9.160   2363.322   1870.375  -9.160  -0.1797  0.2167   2364.518   1898.558   2364.698   1898.341   2363.501   1870.145 N000256
  2768.615   1823.670  -9.093   2777.016   1840.606  -9.092   0.1150  0.1697   2779.834   1898.599   2779.719   1898.429   2776.901   1840.445 N000257
     0.000      0.000   0.000      0.000      0.000   0.000   0.0000  0.0000      0.000      0.000   2284.194   1900.433   2282.994   1878.099 N000258
     0.000      0.000   0.000      0.000      0.000   0.000   0.0000  0.0000      0.000      0.000   1882.101   1900.935   1879.027   1908.513 N000259
  2808.413   1832.605 -10.505   2816.537   1846.698 -10.504  -0.0869  0.1053   2819.635   1907.535   2819.721   1907.429   2816.623   1846.587 N000260
     0.000      0.000   0.000      0.000      0.000   0.000   0.0000  0.0000      0.000      0.000   2162.687   1908.934   2161.212   1895.535 N000261
     0.000      0.000   0.000      0.000      0.000   0.000   0.0000  0.0000      0.000      0.000   1163.218   1912.024   1148.774   1975.737 N000262
  1465.834   1838.034  -9.309   1468.838   1951.796  -9.308  -0.1662 -0.0284   1476.985   1912.972   1477.151   1913.001   1469.007   1951.811 N000263
  3810.227   1846.907 -11.074   3803.411   1792.453 -11.073   0.0370 -0.0930   3821.501   1921.830   3821.464   1921.923   3803.375   1792.548 N000264
     0.000      0.000   0.000      0.000      0.000   0.000   0.0000  0.0000      0.000      0.000   1505.653   1922.938   1497.903   1959.586 N000265
  2993.127   1848.752 -11.059   2999.605   1849.796 -11.058   0.1270  0.1326   3004.358   1923.680   3004.231   1923.548   2999.479   1849.673 N000266
     0.000      0.000   0.000      0.000      0.000   0.000   0.0000  0.0000      0.000      0.000   1052.129   1927.441   1034.772   2000.307 N000267
     0.000      0.000   0.000      0.000      0.000   0.000   0.0000  0.0000      0.000      0.000   1027.628   1930.442   1009.584   2005.338 N000268
  2242.445   1862.634 -11.396   2252.310   1917.496 -11.395  -0.0546  0.1339   2253.637   1937.568   2253.692   1937.434   2252.365   1917.358 N000269
     0.000      0.000   0.000      0.000      0.000   0.000   0.0000  0.0000      0.000      0.000   1772.666   1939.398   1768.354   1955.466 N000270
     0.000      0.000   0.000      0.000      0.000   0.000   0.0000  0.0000      0.000      0.000    283.589   1948.447     -1.000     -1.000 N000271
     0.000      0.000   0.000      0.000      0.000   0.000   0.0000  0.0000      0.000      0.000   2159.687   1947.956   2158.083   1934.844 N000272
  1208.802   1876.768  -9.790   1206.392   2011.247  -9.789  -0.1626 -0.0896   1219.939   1951.708   1220.102   1951.798   1206.558   2011.324 N000273
     0.000      0.000   0.000      0.000      0.000   0.000   0.0000  0.0000      0.000      0.000   2291.693   1953.934   2290.378   1931.082 N000274
  2585.681   1882.612 -13.219   2595.068   1912.508 -13.218   0.1814  0.1121   2596.891   1957.544   2596.709   1957.432   2594.887   1912.409 N000275
     0.000      0.000   0.000      0.000      0.000   0.000   0.0000  0.0000      0.000      0.000   1642.609   1961.988   1636.609   1988.211 N000276
     0.000      0.000   0.000      0.000      0.000   0.000   0.0000  0.0000      0.000      0.000   1381.682   1962.940   1371.404   2009.660 N000277
  2720.446   1890.603  -9.517   2729.182   1910.812  -9.516  -0.0223  0.1027   2731.663   1965.534   2731.685   1965.431   2729.204   1910.708 N000278
     0.000      0.000   0.000      0.000      0.000   0.000   0.0000  0.0000      0.000      0.000   1082.630   1971.442   1065.571   2042.319 N000279
     0.000      0.000   0.000      0.000      0.000   0.000   0.0000  0.0000      0.000      0.000    964.553   1974.443     -1.000     -1.000 N000280
     0.000      0.000   0.000      0.000      0.000   0.000   0.0000  0.0000      0.000      0.000   1799.167   1977.938   1794.905   1992.165 N000281
  2476.298   1903.920 -11.646   2485.998   1941.722 -11.645  -0.2023 -0.0801   2487.501   1978.853   2487.703   1978.933   2486.200   1941.787 N000282
  1733.301   1907.501 -11.314   1739.583   2000.900 -11.313  -0.1987  0.0008   1744.466   1982.439   1744.665   1982.438   1739.784   2000.884 N000283
     0.000      0.000   0.000      0.000      0.000   0.000   0.0000  0.0000      0.000      0.000   1292.541   1991.441   1280.189   2045.538 N000284
     0.000      0.000   0.000      0.000      0.000   0.000   0.0000  0.0000      0.000      0.000    976.624   2000.506     -1.000     -1.000 N000285
   488.703   1928.693 -10.171    467.503   2072.205 -10.170   0.2034  0.1933    499.803   2003.640    499.599   2003.447    467.294   2072.026 N000286
     0.000      0.000   0.000      0.000      0.000   0.000   0.0000  0.0000      0.000      0.000   2673.213   2009.361   2671.038   1958.790 N000287
     0.000      0.000   0.000      0.000      0.000   0.000   0.0000  0.0000      0.000      0.000   2636.294   2011.933   2634.281   1964.025 N000288
  2719.998   1937.562 -10.155   2728.738   1957.749 -10.154  -0.0018  0.0622   2731.214   2012.495   2731.216   2012.432   2728.740   1957.687 N000289
  2285.234   1944.162  -9.029   2294.950   1996.006  -9.028  -0.0159  0.0997   2296.427   2019.098   2296.443   2018.998   2294.966   1995.905 N000290
  2451.772   1954.342 -11.058   2461.440   1993.967 -11.057  -0.2279 -0.1576   2462.974   2029.277   2463.201   2029.434   2461.668   1994.108 N000291
     0.000      0.000   0.000      0.000      0.000   0.000   0.0000  0.0000      0.000      0.000   2659.212   2029.933   2657.089   1980.367 N000292
  3182.578   1956.491 -12.049   3187.127   1943.921 -12.049   0.0776 -0.0094   3193.817   2031.420   3193.740   2031.430   3187.050   1943.936 N000293
     0.000      0.000   0.000      0.000      0.000   0.000   0.0000  0.0000      0.000      0.000   1413.147   2036.442     -1.000     -1.000 N000294
     0.000      0.000   0.000      0.000      0.000   0.000   0.0000  0.0000      0.000      0.000   3873.475   2036.425   3855.062   1902.697 N000295
   523.240   1963.515 -10.374    502.967   2104.554 -10.373   0.2403  0.0147    534.341   2038.462    534.101   2038.447    502.717   2104.560 N000296
  2103.877   1963.632 -11.576   2112.926   2029.063 -11.576  -0.1229  0.1320   2115.060   2038.569   2115.183   2038.437   2113.050   2028.921 N000297
     0.000      0.000   0.000      0.000      0.000   0.000   0.0000  0.0000      0.000      0.000   1131.632   2040.944   1119.228   2056.422 N000298
  2446.995   1973.357 -10.295   2456.635   2013.358 -10.294  -0.0055 -0.1430   2458.196   2048.292   2458.201   2048.435   2456.640   2013.501 N000299
   583.396   1980.681 -10.125    565.233   2116.753 -10.124  -0.1045  0.1812    594.499   2055.629    594.604   2055.447    565.344   2116.560 N000300
     0.000      0.000   0.000      0.000      0.000   0.000   0.0000  0.0000      0.000      0.000   2886.023   2054.732   2882.524   1988.879 N000301
  2550.693   1999.176  -8.627   2560.079   2031.636  -8.626   0.0932  0.1764   2561.899   2074.111   2561.806   2073.935   2559.987   2031.466 N000302
     0.000      0.000   0.000      0.000      0.000   0.000   0.0000  0.0000      0.000      0.000   2831.720   2079.933   2828.635   2017.943 N000303
   167.963   2007.862 -13.371    131.612   2180.996 -13.370  -0.0372 -0.1383    179.045   2082.812    179.082   2082.951    131.649   2181.133 N000304
  1392.785   2011.391 -10.610   1397.020   2080.072 -10.610  -0.1647 -0.1093   1403.931   2086.333   1404.096   2086.443   1397.187   2080.169 N000305
     0.000      0.000   0.000      0.000      0.000   0.000   0.0000  0.0000      0.000      0.000   2021.678   2089.439     -1.000     -1.000 N000306
  3154.656   2021.058  -9.037   3159.714   2010.272  -9.036   0.9559 -0.3418   3165.893   2095.990   3164.937   2096.331   3158.770   2010.680 N000307
     0.000      0.000   0.000      0.000      0.000   0.000   0.0000  0.0000      0.000      0.000   2473.201   2104.936     -1.000     -1.000 N000308
     0.000      0.000   0.000      0.000      0.000   0.000   0.0000  0.0000      0.000      0.000   2386.197   2105.887     -1.000     -1.000 N000309
  3055.515   2046.139  -9.934   3061.704   2042.307  -9.933   0.0148  0.1394   3066.747   2121.072   3066.732   2120.933   3061.689   2042.169 N000310
     0.000      0.000   0.000      0.000      0.000   0.000   0.0000  0.0000      0.000      0.000   2168.685   2122.939   2169.832   2057.409 N000311
     0.000      0.000   0.000      0.000      0.000   0.000   0.0000  0.0000      0.000      0.000   2365.195   2131.000   2366.702   2050.761 N000312
     0.000      0.000   0.000      0.000      0.000   0.000   0.0000  0.0000      0.000      0.000   2568.777   2135.293     -1.000     -1.000 N000313
     0.000      0.000   0.000      0.000      0.000   0.000   0.0000  0.0000      0.000      0.000   3130.735   2147.433     -1.000     -1.000 N000314
  2527.621   2092.900 -10.348   2540.092   2074.790 -10.347   0.1212 -0.0996   2538.825   2167.838   2538.704   2167.937   2539.971   2074.899 N000315
  1732.898   2095.037 -11.767   1741.756   2137.357 -11.766  -0.1024  0.0374   1744.060   2169.980   1744.162   2169.943   1741.860   2137.312 N000316
  1604.297   2100.810  -9.980   1611.449   2153.328  -9.979  -0.3140 -0.1901   1615.453   2175.753   1615.767   2175.944   1611.766   2153.495 N000317
  1967.792   2121.550 -11.585   1978.805   2145.788 -11.584  -0.2076  0.0501   1978.967   2196.492   1979.174   2196.442   1979.014   2145.721 N000318
  1368.441   2125.834 -10.534   1371.318   2197.625 -10.533  -0.0588 -0.1664   1379.584   2200.779   1379.643   2200.946   1371.377   2197.788 N000319
   811.451   2130.295 -11.911    799.546   2248.939 -11.910  -0.0494 -0.2053    822.565   2205.244    822.614   2205.449    799.595   2249.143 N000320
     0.000      0.000   0.000      0.000      0.000   0.000   0.0000  0.0000      0.000      0.000   1458.262   2213.945   1451.407   2204.521 N000321
  1942.086   2139.327  -9.620   1952.830   2165.665  -9.619   0.0861 -0.1102   1953.259   2214.270   1953.173   2214.380   1952.743   2165.783 N000322
     0.000      0.000   0.000      0.000      0.000   0.000   0.0000  0.0000      0.000      0.000   2335.193   2215.981   2336.599   2138.216 N000323
  1969.381   2154.089  -9.970   1980.282   2178.417  -9.969  -0.1194  0.0894   1980.555   2229.032   1980.674   2228.942   1980.403   2178.318 N000324
     0.000      0.000   0.000      0.000      0.000   0.000   0.0000  0.0000      0.000      0.000   2236.661   2230.941   2237.821   2160.693 N000325
   509.050   2157.412 -11.721    485.595   2303.038 -11.721   0.0504 -0.0883    520.148   2232.364    520.098   2232.452    485.541   2303.132 N000326
  2086.321   2159.382 -10.314   2098.016   2174.730 -10.314  -0.1790 -0.1175   2097.501   2234.324   2097.680   2234.442   2098.196   2174.834 N000327
  2050.820   2164.491 -12.474   2062.279   2182.601 -12.473  -0.1558 -0.0095   2061.999   2239.433   2062.154   2239.442   2062.436   2182.598 N000328
  2163.639   2166.204 -11.976   2175.722   2175.665 -11.975   0.1391  0.2041   2174.823   2241.146   2174.684   2240.941   2175.583   2175.471 N000329
     0.000      0.000   0.000      0.000      0.000   0.000   0.0000  0.0000      0.000      0.000   1649.657   2249.945   1645.667   2225.481 N000330
  1728.592   2174.996 -10.624   1736.964   2218.316 -10.623   0.0920 -0.0038   1739.753   2249.941   1739.661   2249.944   1736.871   2218.327 N000331
  2448.903   2179.040 -11.512   2461.494   2166.969 -11.512  -0.0969  0.0399   2460.102   2253.980   2460.199   2253.940   2461.591   2166.922 N000332
     0.000      0.000   0.000      0.000      0.000   0.000   0.0000  0.0000      0.000      0.000   2259.188   2256.941   2260.365   2185.106 N000333
  1763.302   2185.189 -11.265   1772.033   2225.857 -11.264  -0.1721  0.1627   1774.465   2260.134   1774.637   2259.971   1772.208   2225.679 N000334
  2502.635   2190.897  -9.853   2515.162   2174.848  -9.852   0.1353 -0.1026   2513.837   2265.837   2513.702   2265.940   2515.026   2174.961 N000335
  1449.185   2191.819  -9.982   1453.097   2257.766  -9.981   0.1847 -0.1808   1460.331   2266.766   1460.147   2266.947   1452.907   2257.964 N000336
     0.000      0.000   0.000      0.000      0.000   0.000   0.0000  0.0000      0.000      0.000   1341.140   2273.514   1331.450   2274.394 N000337
  1178.118   2200.348  -9.759   1176.044   2288.844  -9.758   0.1179 -0.1518   1189.250   2275.297   1189.132   2275.449   1175.922   2289.008 N000338
     0.000      0.000   0.000      0.000      0.000   0.000   0.0000  0.0000      0.000      0.000   3164.235   2275.436   3161.501   2136.968 N000339
  3571.126   2200.426 -10.338   3573.694   2107.517 -10.338   0.1261 -0.0742   3582.383   2275.359   3582.257   2275.433   3573.571   2107.600 N000340
  1108.122   2206.070 -11.769   1104.197   2300.539 -11.768   0.1224  0.0695   1119.251   2281.019   1119.129   2280.949   1104.072   2300.479 N000341
  1236.270   2216.761 -11.132   1235.440   2300.621 -11.131   0.0322 -0.0722   1247.406   2291.710   1247.373   2291.782   1235.406   2300.697 N000342
  2552.378   2220.857 -11.207   2564.823   2201.192 -11.207  -0.1218 -0.1427   2563.582   2295.797   2563.704   2295.940   2564.945   2201.326 N000343
     0.000      0.000   0.000      0.000      0.000   0.000   0.0000  0.0000      0.000      0.000   1510.237   2311.947   1503.553   2299.417 N000344
  3033.949   2241.211  -9.252   3043.816   2186.205  -9.251  -0.0510  0.1727   3045.178   2316.149   3045.229   2315.976   3043.866   2186.029 N000345
  2149.888   2248.566 -10.090   2161.657   2259.592 -10.089  -0.1118  0.0659   2161.071   2323.509   2161.183   2323.443   2161.770   2259.517 N000346
   437.584   2251.681 -11.508    409.719   2405.629 -11.508   0.0838  0.1810    448.677   2326.636    448.593   2326.455    409.634   2405.452 N000347
     0.000      0.000   0.000      0.000      0.000   0.000   0.0000  0.0000      0.000      0.000   3192.486   2332.937   3189.687   2192.387 N000348
  1379.208   2258.429 -10.408   1381.168   2330.979 -10.407   0.2081 -0.0713   1390.350   2333.377   1390.142   2333.449   1380.955   2331.069 N000349
  1305.797   2261.571 -12.374   1306.139   2340.263 -12.373  -0.2033  0.0705   1316.935   2336.520   1317.138   2336.449   1306.347   2340.175 N000350
  2148.724   2272.368 -10.309   2160.409   2283.653 -10.308   0.2238 -0.1322   2159.906   2347.312   2159.682   2347.444   2160.183   2283.804 N000351
  2591.370   2274.445 -11.591   2603.743   2252.064 -11.590  -0.1296 -0.0549   2602.576   2349.386   2602.705   2349.441   2603.872   2252.109 N000352
  1352.299   2277.151 -11.217   1353.515   2352.195 -11.216  -0.2006  0.1276   1363.440   2352.101   1363.641   2351.973   1353.721   2352.049 N000353
  3229.892   2277.498  -9.047   3237.869   2208.387  -9.046  -0.1082 -0.0024   3241.130   2352.435   3241.239   2352.437   3237.976   2208.382 N000354
  2303.288   2278.375  -9.506   2315.589   2277.802  -9.505  -0.1705 -0.1255   2314.478   2353.318   2314.649   2353.443   2315.760   2277.915 N000355
  2743.706   2279.583  -8.839   2755.605   2245.892  -8.838   0.2065  0.0835   2754.920   2354.524   2754.713   2354.440   2755.399   2245.824 N000356
     0.000      0.000   0.000      0.000      0.000   0.000   0.0000  0.0000      0.000      0.000    996.621   2357.452    977.260   2388.671 N000357
   389.741   2287.764 -10.490    359.209   2446.845 -10.489  -0.0370 -0.0414    400.831   2362.720    400.868   2362.762    359.247   2446.884 N000358
  1739.358   2287.904  -9.419   1747.188   2331.495  -9.418  -0.1424 -0.1460   1750.518   2362.851   1750.661   2362.997   1747.332   2331.631 N000359
     0.000      0.000   0.000      0.000      0.000   0.000   0.0000  0.0000      0.000      0.000   1251.135   2367.522   1238.511   2377.234 N000360
     0.000      0.000   0.000      0.000      0.000   0.000   0.0000  0.0000      0.000      0.000   2669.236   2370.441   2670.245   2268.228 N000361
     0.000      0.000   0.000      0.000      0.000   0.000   0.0000  0.0000      0.000      0.000   1737.160   2375.947   1733.568   2345.807 N000362
     0.000      0.000   0.000      0.000      0.000   0.000   0.0000  0.0000      0.000      0.000   1262.520   2378.951   1250.055   2387.882 N000363
  1716.196   2303.754  -8.909   1723.612   2349.379  -8.908   0.1959 -0.0796   1727.355   2378.701   1727.159   2378.781   1723.413   2349.476 N000364
     0.000      0.000   0.000      0.000      0.000   0.000   0.0000  0.0000      0.000      0.000   1997.923   2381.446   1997.160   2330.686 N000365
     0.000      0.000   0.000      0.000      0.000   0.000   0.0000  0.0000      0.000      0.000   3448.749   2383.436   3442.905   2224.618 N000366
     0.000      0.000   0.000      0.000      0.000   0.000   0.0000  0.0000      0.000      0.000   1408.143   2383.950   1398.873   2380.783 N000367
   564.465   2309.331  -8.668    541.021   2453.117  -8.667  -0.0351 -0.2690    575.564   2384.286    575.599   2384.555    541.053   2453.389 N000368
     0.000      0.000   0.000      0.000      0.000   0.000   0.0000  0.0000      0.000      0.000    611.101   2384.598    577.980   2450.249 N000369
     0.000      0.000   0.000      0.000      0.000   0.000   0.0000  0.0000      0.000      0.000    936.618   2384.653    915.077   2421.558 N000370
  2253.357   2312.555 -10.960   2265.414   2316.047 -10.959  -0.1433  0.0551   2264.544   2387.499   2264.687   2387.444   2265.558   2315.981 N000371
  2705.035   2314.546  -9.280   2717.112   2283.846  -9.279   0.0348  0.0455   2716.246   2389.487   2716.211   2389.441   2717.078   2283.803 N000372
  1669.800   2315.770  -9.947   1676.469   2365.278  -9.947  -0.2457 -0.1388   1680.957   2390.719   1681.202   2390.857   1676.718   2365.399 N000373
     0.000      0.000   0.000      0.000      0.000   0.000   0.0000  0.0000      0.000      0.000   1199.167   2399.452   1184.929   2414.061 N000374
     0.000      0.000   0.000      0.000      0.000   0.000   0.0000  0.0000      0.000      0.000   2440.125   2400.872   2441.358   2316.058 N000375
  2105.241   2327.662  -9.178   2116.466   2342.764  -9.177   0.2410  0.1624   2116.420   2402.608   2116.179   2402.446   2116.224   2342.619 N000376
  1675.795   2333.898  -9.457   1682.419   2383.143  -9.456  -0.1050 -0.1023   1686.952   2408.846   1687.057   2408.949   1682.525   2383.238 N000377
  2144.118   2336.134 -11.609   2155.561   2348.275 -11.608   0.1175  0.1341   2155.299   2411.080   2155.181   2410.945   2155.443   2348.149 N000378
   560.105   2343.301 -10.184    535.962   2488.231 -10.183   0.1050 -0.1673    571.204   2418.258    571.099   2418.425    535.850   2488.411 N000379
  1097.390   2347.332  -9.791   1091.614   2445.020  -9.790  -0.1395 -0.1675   1108.516   2422.285   1108.656   2422.453   1091.756   2445.179 N000380
  1461.757   2349.567  -9.377   1464.575   2416.565  -9.376   0.0488  0.1090   1472.903   2424.518   1472.854   2424.409   1464.526   2416.459 N000381
  1657.276   2364.584 -10.954   1663.400   2415.725 -10.953  -0.1687  0.0843   1668.431   2439.534   1668.600   2439.449   1663.572   2415.626 N000382
     0.000      0.000   0.000      0.000      0.000   0.000   0.0000  0.0000      0.000      0.000   2456.197   2441.757   2457.387   2355.980 N000383
  2506.536   2367.120 -10.239   2518.951   2351.606 -10.238   0.0362  0.1197   2517.736   2442.063   2517.700   2441.944   2518.915   2351.488 N000384
  2015.937   2372.609 -11.759   2026.289   2395.134 -11.758  -0.0627  0.1090   2027.112   2447.556   2027.174   2447.447   2026.353   2395.019 N000385
  1267.591   2373.760  -9.604   1265.934   2457.397  -9.603   0.1412 -0.1902   1278.726   2448.712   1278.585   2448.902   1265.787   2457.602 N000386
  2680.483   2373.994  -9.591   2692.673   2345.400  -9.590  -0.0175 -0.0056   2691.691   2448.937   2691.709   2448.943   2692.690   2345.404 N000387
   346.793   2387.057 -10.072    312.629   2552.474 -10.071  -0.2070  0.0566    357.880   2462.015    358.087   2461.959    312.847   2552.397 N000388
  2072.218   2386.900  -9.187   2082.964   2405.134  -9.186  -0.0943 -0.1002   2083.395   2461.847   2083.490   2461.947   2083.058   2405.227 N000389
     0.000      0.000   0.000      0.000      0.000   0.000   0.0000  0.0000      0.000      0.000   1699.157   2467.450   1694.380   2441.513 N000390
  1180.197   2393.451  -9.694   1176.132   2484.864  -9.693   0.1680  0.0094   1191.328   2468.404   1191.160   2468.394   1175.960   2484.869 N000391
   671.411   2394.373  -9.009    650.908   2530.437  -9.008  -0.0892 -0.1270    682.515   2469.330    682.604   2469.457    650.999   2530.559 N000392
   386.788   2407.837 -10.585    354.105   2570.100 -10.584  -0.1498 -0.1631    397.877   2482.796    398.026   2482.959    354.259   2570.253 N000393
  1635.548   2418.482 -10.324   1640.905   2472.146 -10.323   0.0479 -0.0182   1646.702   2493.433   1646.654   2493.451   1640.856   2472.168 N000394
  2762.396   2426.396  -8.941   2774.355   2391.933  -8.940  -0.1037 -0.1039   2773.609   2501.340   2773.713   2501.444   2774.458   2392.029 N000395
  1724.486   2429.605 -11.321   1731.135   2476.154 -11.320  -0.0141  0.1052   1735.644   2504.556   1735.658   2504.450   1731.150   2476.046 N000396
  1602.317   2433.142 -10.214   1606.997   2489.757 -10.213  -0.1209  0.1419   1613.469   2508.093   1613.590   2507.951   1607.121   2489.603 N000397
     0.000      0.000   0.000      0.000      0.000   0.000   0.0000  0.0000      0.000      0.000   1683.185   2509.451   1677.847   2485.404 N000398
  1311.991   2435.062  -9.791   1310.748   2515.988  -9.790  -0.0089  0.0623   1323.128   2510.016   1323.137   2509.953   1310.758   2515.924 N000399
     0.000      0.000   0.000      0.000      0.000   0.000   0.0000  0.0000      0.000      0.000   2488.107   2515.355   2489.220   2427.681 N000400
     0.000      0.000   0.000      0.000      0.000   0.000   0.0000  0.0000      0.000      0.000   1989.171   2518.449   1987.655   2469.806 N000401
  2961.083   2447.523 -12.558   2972.078   2398.327 -12.557   0.0829  0.0234   2972.306   2522.466   2972.223   2522.443   2971.996   2398.310 N000402
     0.000      0.000   0.000      0.000      0.000   0.000   0.0000  0.0000      0.000      0.000   3893.771   2527.492   3881.343   2337.406 N000403
  2506.412   2455.297 -11.086   2518.724   2440.428 -11.085  -0.0881 -0.1756   2517.611   2530.242   2517.699   2530.418   2518.812   2440.598 N000404
   462.640   2457.293 -11.011    432.510   2613.844 -11.010   0.1402 -0.2070    473.732   2532.252    473.592   2532.459    432.360   2614.069 N000405
  1639.231   2459.246 -12.783   1644.317   2513.213 -12.782   0.2307  0.0871   1650.384   2534.198   1650.154   2534.111   1644.083   2513.144 N000406
     0.000      0.000   0.000      0.000      0.000   0.000   0.0000  0.0000      0.000      0.000   1404.141   2549.954   1393.188   2549.775 N000407
  2276.041   2477.793  -8.610   2287.686   2480.948  -8.609  -0.1588  0.1929   2287.228   2552.741   2287.387   2552.548   2287.846   2480.741 N000408
  1824.601   2490.548  -9.875   1832.203   2529.809  -9.874   0.1011  0.0478   1835.764   2565.499   1835.663   2565.451   1832.101   2529.769 N000409
     0.000      0.000   0.000      0.000      0.000   0.000   0.0000  0.0000      0.000      0.000   2509.498   2565.347   2510.552   2476.451 N000410
  2378.295   2491.858  -9.356   2390.294   2487.190  -9.355  -0.1775 -0.1419   2389.487   2566.806   2389.664   2566.948   2390.471   2487.320 N000411
     0.000      0.000   0.000      0.000      0.000   0.000   0.0000  0.0000      0.000      0.000   1755.159   2567.452   1750.459   2538.362 N000412
     0.000      0.000   0.000      0.000      0.000   0.000   0.0000  0.0000      0.000      0.000    716.105   2570.959    684.245   2631.404 N000413
  2264.116   2497.375  -9.110   2275.639   2501.667  -9.109   0.1164 -0.1252   2275.302   2572.323   2275.186   2572.448   2275.522   2501.803 N000414
     0.000      0.000   0.000      0.000      0.000   0.000   0.0000  0.0000      0.000      0.000   2132.140   2575.911   2131.565   2516.584 N000415
     0.000      0.000   0.000      0.000      0.000   0.000   0.0000  0.0000      0.000      0.000   3026.725   2577.444   3026.249   2449.528 N000416
  1317.284   2505.195 -10.517   1315.419   2586.947 -10.516  -0.1571  0.1950   1328.420   2580.150   1328.578   2579.955   1315.582   2586.735 N000417
     0.000      0.000   0.000      0.000      0.000   0.000   0.0000  0.0000      0.000      0.000   4093.781   2588.937   4077.758   2385.045 N000418
     0.000      0.000   0.000      0.000      0.000   0.000   0.0000  0.0000      0.000      0.000   2300.278   2589.040   2300.674   2516.606 N000419
     0.000      0.000   0.000      0.000      0.000   0.000   0.0000  0.0000      0.000      0.000   2667.206   2591.446   2668.225   2490.698 N000420
     0.000      0.000   0.000      0.000      0.000   0.000   0.0000  0.0000      0.000      0.000   2009.672   2591.984   2007.951   2542.619 N000421
     0.000      0.000   0.000      0.000      0.000   0.000   0.0000  0.0000      0.000      0.000   2278.686   2602.449   2278.936   2531.859 N000422
  2220.478   2527.949  -9.773   2231.642   2536.017  -9.772  -0.0219 -0.0506   2231.661   2602.899   2231.683   2602.949   2231.664   2536.066 N000423
     0.000      0.000   0.000      0.000      0.000   0.000   0.0000  0.0000      0.000      0.000   2192.125   2603.894   2191.854   2540.148 N000424
     0.000      0.000   0.000      0.000      0.000   0.000   0.0000  0.0000      0.000      0.000   2584.368   2608.947   2585.412   2514.689 N000425
  2793.442   2533.848 -11.077   2805.360   2497.729 -11.076  -0.0583 -0.1524   2804.655   2608.793   2804.713   2608.946   2805.418   2497.878 N000426
  3088.693   2537.323 -11.704   3098.998   2479.099 -11.703   0.1934 -0.1769   3099.922   2612.267   3099.728   2612.444   3098.807   2479.291 N000427
   473.213   2547.869  -9.567    441.982   2705.856  -9.566   0.1749 -0.1314    484.305   2622.830    484.130   2622.961    441.797   2706.008 N000428
     0.000      0.000   0.000      0.000      0.000   0.000   0.0000  0.0000      0.000      0.000    803.608   2643.060    773.932   2697.348 N000429
  1399.595   2568.796 -11.546   1398.955   2644.747 -11.545   0.0945 -0.2044   1410.734   2643.751   1410.640   2643.956   1398.856   2644.963 N000430
     0.000      0.000   0.000      0.000      0.000   0.000   0.0000  0.0000      0.000      0.000    813.109   2644.460    783.757   2697.925 N000431
     0.000      0.000   0.000      0.000      0.000   0.000   0.0000  0.0000      0.000      0.000   1497.594   2646.455   1487.655   2640.131 N000432
  2637.186   2573.969 -12.967   2649.382   2550.108 -12.966   0.1861 -0.0311   2648.391   2648.917   2648.204   2648.948   2649.196   2550.154 N000433
     0.000      0.000   0.000      0.000      0.000   0.000   0.0000  0.0000      0.000      0.000   1177.601   2651.458   1159.862   2672.713 N000434
  2097.172   2582.947 -10.572   2107.175   2601.516 -10.571   0.1717 -0.0532   2108.348   2657.898   2108.176   2657.952   2107.001   2601.584 N000435
  2321.054   2583.534  -9.318   2332.561   2584.338  -9.317   0.0538  0.0335   2332.242   2658.484   2332.188   2658.450   2332.507   2584.308 N000436
     0.000      0.000   0.000      0.000      0.000   0.000   0.0000  0.0000      0.000      0.000    955.616   2664.459    930.915   2705.614 N000437
  1718.737   2590.811 -11.040   1724.026   2640.337 -11.039   0.1321 -0.1889   1729.894   2665.765   1729.762   2665.954   1723.890   2640.540 N000438
     0.000      0.000   0.000      0.000      0.000   0.000   0.0000  0.0000      0.000      0.000   2515.697   2670.949   2516.573   2582.615 N000439
  1263.905   2597.928  -9.839   1259.661   2686.125  -9.838  -0.0947 -0.0719   1275.038   2672.885   1275.133   2672.957   1259.757   2686.190 N000440
     0.000      0.000   0.000      0.000      0.000   0.000   0.0000  0.0000      0.000      0.000   2170.779   2674.351   2170.032   2613.202 N000441
  1702.072   2606.160 -10.419   1706.956   2657.340 -10.418   0.0716  0.1602   1713.227   2681.115   1713.155   2680.955   1706.885   2657.183 N000442
  1108.367   2608.303 -10.218   1099.673   2710.322 -10.217  -0.1329 -0.1443   1119.491   2683.262   1119.624   2683.406   1099.808   2710.458 N000443
  2854.383   2619.977  -8.941   2866.133   2579.913  -8.941  -0.0617 -0.0227   2865.598   2694.925   2865.660   2694.947   2866.194   2579.931 N000444
     0.000      0.000   0.000      0.000      0.000   0.000   0.0000  0.0000      0.000      0.000    683.301   2696.462    648.145   2763.101 N000445
     0.000      0.000   0.000      0.000      0.000   0.000   0.0000  0.0000      0.000      0.000   2582.801   2696.349   2583.721   2603.081 N000446
  1420.004   2627.632 -12.294   1419.192   2703.011 -12.293   0.0040  0.1315   1431.144   2702.589   1431.140   2702.457   1419.189   2702.877 N000447
     0.000      0.000   0.000      0.000      0.000   0.000   0.0000  0.0000      0.000      0.000   2580.700   2703.450   2581.607   2610.421 N000448
   273.851   2638.523 -10.108    231.449   2817.946 -10.107  -0.1487  0.0229    284.932   2713.488    285.081   2713.465    231.606   2817.908 N000449
  1262.831   2645.552 -11.733   1257.986   2734.876 -11.732  -0.1694  0.0524   1273.963   2720.511   1274.132   2720.459   1258.161   2734.808 N000450
    92.153   2649.617 -10.053     39.884   2846.933 -10.052   0.1530  0.1171    103.224   2724.583    103.071   2724.466     39.725   2846.827 N000451
  3528.497   2658.232 -10.473   3534.585   2568.393 -10.472  -0.0035  0.0654   3539.747   2733.176   3539.750   2733.111   3534.588   2568.327 N000452
     0.000      0.000   0.000      0.000      0.000   0.000   0.0000  0.0000      0.000      0.000   2969.692   2735.920   2969.824   2613.360 N000453
  3749.250   2660.678  -9.737   3752.060   2555.060  -9.736  -0.2161  0.1117   3760.512   2735.621   3760.728   2735.509   3752.272   2554.933 N000454
  2453.821   2663.094 -11.111   2465.614   2654.454 -11.111  -0.1568  0.0936   2465.015   2738.045   2465.172   2737.951   2465.772   2654.347 N000455
     0.000      0.000   0.000      0.000      0.000   0.000   0.0000  0.0000      0.000      0.000   2250.783   2738.953   2250.318   2672.324 N000456
     0.000      0.000   0.000      0.000      0.000   0.000   0.0000  0.0000      0.000      0.000   1370.637   2739.458   1356.865   2745.855 N000457
     0.000      0.000   0.000      0.000      0.000   0.000   0.0000  0.0000      0.000      0.000   2770.210   2744.949   2771.008   2637.706 N000458
  3616.310   2669.716  -9.467   3621.236   2573.611  -9.466  -0.0963  0.1226   3627.564   2744.660   3627.661   2744.537   3621.330   2573.481 N000459
     0.000      0.000   0.000      0.000      0.000   0.000   0.0000  0.0000      0.000      0.000   1429.973   2759.375   1417.372   2761.088 N000460
  2685.556   2684.506 -13.424   2697.625   2658.042 -13.424   0.0559  0.0060   2696.762   2759.456   2696.706   2759.450   2697.569   2658.040 N000461
     0.000      0.000   0.000      0.000      0.000   0.000   0.0000  0.0000      0.000      0.000   3192.732   2761.347   3191.451   2622.220 N000462
     0.000      0.000   0.000      0.000      0.000   0.000   0.0000  0.0000      0.000      0.000   2949.719   2762.848   2949.971   2642.043 N000463
  1580.320   2693.638 -10.441   1582.201   2756.713 -10.440  -0.1470  0.1379   1591.468   2768.595   1591.615   2768.458   1582.352   2756.560 N000464
  1944.864   2699.831 -11.397   1952.543   2732.595 -11.396  -0.1360 -0.1692   1956.031   2774.786   1956.167   2774.955   1952.680   2732.756 N000465
     0.000      0.000   0.000      0.000      0.000   0.000   0.0000  0.0000      0.000      0.000   3020.222   2790.949   3020.168   2665.046 N000466
     0.000      0.000   0.000      0.000      0.000   0.000   0.0000  0.0000      0.000      0.000    313.581   2792.467    259.934   2896.720 N000467
  2035.986   2723.363 -11.465   2044.573   2749.066 -11.465  -0.0140 -0.1374   2047.157   2798.318   2047.172   2798.455   2044.586   2749.204 N000468
  2761.218   2729.913  -8.743   2773.186   2698.094  -8.742   0.0307 -0.0244   2772.427   2804.864   2772.397   2804.888   2773.155   2698.121 N000469
     0.000      0.000   0.000      0.000      0.000   0.000   0.0000  0.0000      0.000      0.000    494.744   2805.466    449.556   2892.860 N000470
  1773.075   2734.216  -9.790   1778.023   2781.872  -9.790   0.0746  0.1277   1784.232   2809.173   1784.158   2809.045   1777.948   2781.748 N000471
     0.000      0.000   0.000      0.000      0.000   0.000   0.0000  0.0000      0.000      0.000    950.014   2825.913    922.722   2871.697 N000472
     0.000      0.000   0.000      0.000      0.000   0.000   0.0000  0.0000      0.000      0.000   1744.655   2826.458   1737.642   2802.819 N000473
     0.000      0.000   0.000      0.000      0.000   0.000   0.0000  0.0000      0.000      0.000   1634.150   2826.959   1625.131   2812.666 N000474
  2483.946   2764.660  -9.402   2495.559   2755.001  -9.401  -0.0543  0.1597   2495.140   2839.613   2495.194   2839.453   2495.614   2754.835 N000475
     0.000      0.000   0.000      0.000      0.000   0.000   0.0000  0.0000      0.000      0.000   2049.671   2843.956   2046.819   2795.306 N000476
   807.428   2769.266  -8.966    786.193   2902.546  -8.965  -0.0723  0.0519    818.535   2844.231    818.607   2844.179    786.269   2902.486 N000477
     0.000      0.000   0.000      0.000      0.000   0.000   0.0000  0.0000      0.000      0.000   1174.483   2851.319   1154.024   2877.588 N000478
  3340.745   2779.741 -11.631   3349.540   2704.436 -11.630  -0.0444  0.0828   3351.984   2854.689   3352.029   2854.606   3349.584   2704.349 N000479
     0.000      0.000   0.000      0.000      0.000   0.000   0.0000  0.0000      0.000      0.000   2476.943   2859.454   2477.239   2776.571 N000480
  2231.637   2792.591  -9.923   2241.685   2803.569  -9.922   0.1367  0.0908   2242.818   2867.546   2242.681   2867.456   2241.548   2803.488 N000481
     0.000      0.000   0.000      0.000      0.000   0.000   0.0000  0.0000      0.000      0.000   1096.698   2867.963   1073.621   2901.632 N000482
  2761.286   2793.038  -8.850   2773.207   2761.966  -8.849  -0.2145  0.0378   2772.494   2867.990   2772.709   2867.952   2773.420   2761.911 N000483
     0.000      0.000   0.000      0.000      0.000   0.000   0.0000  0.0000      0.000      0.000   2012.169   2870.957   2008.696   2825.894 N000484
  1779.057   2796.835 -11.888   1783.557   2845.251 -11.887   0.0567 -0.1648   1790.214   2871.794   1790.157   2871.959   1783.498   2845.424 N000485
  1917.343   2801.173 -10.314   1923.901   2838.104 -10.313  -0.1573  0.1727   1928.507   2876.131   1928.664   2875.958   1924.062   2837.915 N000486
     0.000      0.000   0.000      0.000      0.000   0.000   0.0000  0.0000      0.000      0.000   3790.262   2877.946   3782.260   2695.964 N000487
     0.000      0.000   0.000      0.000      0.000   0.000   0.0000  0.0000      0.000      0.000   2467.493   2878.454   2467.689   2796.606 N000488
  2687.645   2812.903  -9.886   2699.555   2787.846  -9.885   0.1446 -0.0971   2698.849   2887.856   2698.705   2887.953   2699.410   2787.955 N000489
     0.000      0.000   0.000      0.000      0.000   0.000   0.0000  0.0000      0.000      0.000   2588.761   2891.954   2589.309   2800.670 N000490
  2312.140   2829.212  -9.399   2322.618   2834.298  -9.398   0.1043  0.1405   2323.325   2904.168   2323.220   2904.027   2322.514   2834.163 N000491
  1950.244   2833.287  -9.353   1957.001   2868.117  -9.352   0.2022 -0.1301   1961.410   2908.245   1961.208   2908.375   1956.795   2868.267 N000492
  2102.241   2841.171 -10.372   2110.792   2863.575 -10.371   0.0746  0.1706   2113.415   2916.128   2113.340   2915.958   2110.718   2863.407 N000493
     0.000      0.000   0.000      0.000      0.000   0.000   0.0000  0.0000      0.000      0.000   2475.693   2917.455   2475.798   2835.553 N000494
     0.000      0.000   0.000      0.000      0.000   0.000   0.0000  0.0000      0.000      0.000   1100.121   2919.374   1076.400   2954.139 N000495
     0.000      0.000   0.000      0.000      0.000   0.000   0.0000  0.0000      0.000      0.000    753.103   2923.681    716.838   2990.459 N000496
  2503.950   2851.237 -13.101   2515.378   2841.273 -13.100  -0.0498  0.1720   2515.145   2926.192   2515.195   2926.020   2515.428   2841.094 N000497
   756.193   2865.181  -9.130    731.303   3006.117  -9.129   0.1931  0.1814    767.296   2940.148    767.103   2939.967    731.105   3005.948 N000498
  1253.167   2872.165  -9.288   1245.138   2967.905  -9.287   0.1670  0.1654   1264.296   2947.129   1264.129   2946.964   1244.968   2967.750 N000499
  1217.223   2878.782 -11.266   1208.059   2977.918 -11.265   0.1978 -0.2175   1228.350   2953.747   1228.152   2953.964   1207.852   2978.159 N000500
  1954.560   2883.929  -8.892   1960.982   2919.438  -8.891   0.0598 -0.0714   1965.725   2958.888   1965.666   2958.960   1960.921   2919.516 N000501
     0.000      0.000   0.000      0.000      0.000   0.000   0.0000  0.0000      0.000      0.000   1930.164   2964.460   1924.874   2928.108 N000502
     0.000      0.000   0.000      0.000      0.000   0.000   0.0000  0.0000      0.000      0.000   1776.656   2968.461   1768.878   2945.159 N000503
     0.000      0.000   0.000      0.000      0.000   0.000   0.0000  0.0000      0.000      0.000    531.091   2968.969    484.391   3058.259 N000504
     0.000      0.000   0.000      0.000      0.000   0.000   0.0000  0.0000      0.000      0.000   1554.599   2972.463   1542.426   2968.326 N000505
  2487.491   2907.568  -8.716   2498.672   2899.836  -8.715   0.0464  0.1234   2498.684   2982.524   2498.637   2982.401   2498.626   2899.714 N000506
  1044.389   2910.920 -10.609   1029.317   3026.623 -10.608  -0.1109 -0.0795   1055.507   2985.887   1055.618   2985.966   1029.430   3026.695 N000507
     0.000      0.000   0.000      0.000      0.000   0.000   0.0000  0.0000      0.000      0.000   1153.623   2987.466   1130.593   3019.316 N000508
     0.000      0.000   0.000      0.000      0.000   0.000   0.0000  0.0000      0.000      0.000   2054.170   2999.460   2050.288   2953.473 N000509
  2538.765   2927.015  -9.455   2550.099   2915.490  -9.454   0.1109  0.0535   2549.960   3001.972   2549.849   3001.918   2549.988   2915.444 N000510
  2792.216   2931.281 -10.388   2803.994   2899.689 -10.387   0.2156  0.0705   2803.424   3006.236   2803.209   3006.166   2803.779   2899.635 N000511
   719.749   2933.911 -10.381    692.130   3080.498 -10.380   0.1738 -0.0888    730.849   3008.880    730.676   3008.969    691.947   3080.606 N000512
     0.000      0.000   0.000      0.000      0.000   0.000   0.0000  0.0000      0.000      0.000   1652.149   3015.463   1641.556   3003.941 N000513
  1407.324   2948.150 -10.356   1402.460   3032.218 -10.356  -0.1757  0.1498   1418.461   3023.115   1418.636   3022.965   1402.642   3032.049 N000514
     0.000      0.000   0.000      0.000      0.000   0.000   0.0000  0.0000      0.000      0.000   1838.491   3023.212   1831.258   2995.912 N000515
     0.000      0.000   0.000      0.000      0.000   0.000   0.0000  0.0000      0.000      0.000   2164.675   3023.460   2161.916   2968.788 N000516
  2315.733   2949.828 -11.517   2325.670   2956.785 -11.516   0.1850 -0.1721   2326.916   3024.787   2326.731   3024.959   2325.482   2956.975 N000517
  1658.325   2954.750  -9.966   1659.081   3017.048  -9.965  -0.1746  0.2221   1669.475   3029.713   1669.649   3029.491   1659.261   3016.805 N000518
  2884.617   2958.028 -10.793   2896.292   2919.582 -10.792   0.1171  0.0277   2895.830   3032.983   2895.713   3032.955   2896.175   2919.563 N000519
  1728.584   2988.509  -9.215   1730.358   3045.590  -9.214   0.0840  0.0091   1739.737   3063.473   1739.653   3063.464   1730.273   3045.588 N000520
     0.000      0.000   0.000      0.000      0.000   0.000   0.0000  0.0000      0.000      0.000   3806.760   3066.950   3799.662   2885.315 N000521
  2429.678   3029.775  -9.413   2440.073   3028.948  -9.412   0.1784 -0.0373   2440.867   3104.735   2440.689   3104.772   2439.893   3029.000 N000522
  1490.547   3030.946 -10.329   1486.712   3109.916 -10.328   0.0470 -0.0814   1501.687   3105.913   1501.640   3105.994   1486.663   3110.004 N000523
   771.000   3032.531 -12.330    743.649   3177.627 -12.329  -0.0001  0.0313    782.102   3107.502    782.102   3107.471    743.650   3177.595 N000524
   607.078   3036.069 -10.456    572.599   3196.984 -10.456   0.0784  0.0687    618.172   3111.041    618.094   3110.972    572.518   3196.920 N000525
  3828.484   3039.850 -11.799   3832.454   2931.269 -11.798  -0.0160 -0.1501   3839.746   3114.801   3839.762   3114.951   3832.471   2931.420 N000526
  2170.594   3050.434 -11.233   2178.535   3071.483 -11.232   0.0943 -0.0661   2181.769   3125.396   2181.675   3125.462   2178.439   3071.558 N000527
  3529.360   3055.726 -10.636   3537.189   2969.334 -10.635  -0.1404  0.1312   3540.605   3130.680   3540.746   3130.548   3537.328   2969.190 N000528
     0.000      0.000   0.000      0.000      0.000   0.000   0.0000  0.0000      0.000      0.000   3450.741   3147.454   3448.282   2993.054 N000529
   248.727   3078.241  -9.356    195.321   3276.152  -9.355  -0.0232  0.1335    259.801   3153.216    259.824   3153.083    195.349   3276.011 N000530
  1858.324   3083.854 -11.091   1861.511   3132.201 -11.090  -0.1763 -0.1129   1869.482   3158.819   1869.658   3158.931   1861.689   3132.301 N000531
     0.000      0.000   0.000      0.000      0.000   0.000   0.0000  0.0000      0.000      0.000   3344.535   3167.355   3343.031   3021.258 N000532
     0.000      0.000   0.000      0.000      0.000   0.000   0.0000  0.0000      0.000      0.000   1757.152   3184.966   1746.837   3168.756 N000533
  1922.555   3114.437 -11.266   1926.539   3158.061 -11.265   0.0831 -0.0629   1933.717   3189.402   1933.634   3189.465   1926.454   3158.133 N000534
     0.000      0.000   0.000      0.000      0.000   0.000   0.0000  0.0000      0.000      0.000   1975.164   3190.436   1968.634   3155.569 N000535
  1848.718   3116.409  -9.676   1851.418   3166.438  -9.676   0.1128 -0.0910   1859.875   3191.375   1859.763   3191.466   1851.302   3166.541 N000536
     0.000      0.000   0.000      0.000      0.000   0.000   0.0000  0.0000      0.000      0.000   1555.142   3194.968   1540.341   3196.778 N000537
  2342.695   3121.237  -9.069   2351.971   3129.503  -9.068   0.1952  0.1912   2353.878   3196.199   2353.683   3196.008   2351.775   3129.324 N000538
     0.000      0.000   0.000      0.000      0.000   0.000   0.0000  0.0000      0.000      0.000   2471.939   3207.462   2470.898   3131.238 N000539
  1853.937   3142.999 -11.068   1856.467   3193.293 -11.067  -0.0631 -0.0008   1865.094   3217.966   1865.157   3217.966   1856.531   3193.289 N000540
  2266.276   3148.893  -9.658   2274.638   3164.183  -9.657   0.0979 -0.1071   2277.455   3223.857   2277.357   3223.964   2274.538   3164.301 N000541
   443.476   3167.965 -10.999    398.291   3350.089 -10.998  -0.0243 -0.0353    454.559   3242.941    454.584   3242.976    398.316   3350.124 N000542
     0.000      0.000   0.000      0.000      0.000   0.000   0.0000  0.0000      0.000      0.000    929.608   3253.973    894.319   3315.323 N000543
  2339.119   3205.975 -10.585   2347.864   3216.511 -10.584   0.1192 -0.0247   2350.301   3280.940   2350.182   3280.965   2347.743   3216.546 N000544
     0.000      0.000   0.000      0.000      0.000   0.000   0.0000  0.0000      0.000      0.000   2144.671   3288.216   2139.800   3241.384 N000545
   538.979   3246.228 -11.119    496.784   3422.116 -11.119  -0.0215  0.2057    550.066   3321.206    550.088   3321.000    496.811   3421.899 N000546
   875.351   3253.110 -10.109    848.051   3396.356 -10.109  -0.1213  0.1103    886.456   3328.086    886.577   3327.975    848.179   3396.230 N000547
     0.000      0.000   0.000      0.000      0.000   0.000   0.0000  0.0000      0.000      0.000   1878.157   3344.969   1868.479   3322.763 N000548
   784.934   3276.241 -10.314    753.394   3429.151 -10.314  -0.0658  0.2412    796.034   3351.218    796.100   3350.977    753.468   3428.893 N000549
     0.000      0.000   0.000      0.000      0.000   0.000   0.0000  0.0000      0.000      0.000   2263.676   3420.468   2259.335   3367.018 N000550
  2506.942   3346.687 -14.276   2516.345   3346.663 -14.276  -0.0099 -0.1226   2518.132   3421.654   2518.142   3421.776   2516.354   3346.788 N000551
  2419.504   3354.655  -8.719   2428.111   3362.198  -8.718   0.0040  0.1550   2430.689   3429.623   2430.685   3429.468   2428.108   3362.039 N000552
     0.000      0.000   0.000      0.000      0.000   0.000   0.0000  0.0000      0.000      0.000   1384.630   3431.475   1361.910   3456.526 N000553
     0.000      0.000   0.000      0.000      0.000   0.000   0.0000  0.0000      0.000      0.000   2457.741   3484.969   2455.072   3416.766 N000554
     0.000      0.000   0.000      0.000      0.000   0.000   0.0000  0.0000      0.000      0.000   1478.634   3485.475   1457.816   3503.814 N000555
  2330.127   3426.561 -11.390   2337.304   3443.730 -11.389   0.1274  0.0609   2341.307   3501.531   2341.179   3501.470   2337.175   3443.678 N000556
  2849.855   3439.851  -9.193   2860.676   3413.816  -9.192  -0.1450 -0.1494   2861.061   3514.817   2861.206   3514.967   2860.821   3413.958 N000557
  2333.632   3448.572  -8.791   2340.690   3466.085  -8.790   0.2751  0.0721   2344.812   3523.542   2344.536   3523.470   2340.412   3466.035 N000558
  3227.521   3471.039  -9.633   3238.265   3415.317  -9.632   0.0210  0.0394   3238.747   3546.004   3238.726   3545.965   3238.244   3415.278 N000559
  1980.592   3481.439  -9.470   1981.995   3530.825  -9.470   0.0919 -0.0611   1991.752   3556.412   1991.660   3556.473   1981.901   3530.896 N000560
     0.000      0.000   0.000      0.000      0.000   0.000   0.0000  0.0000      0.000      0.000    618.589   3562.983    563.022   3667.855 N000561
  1739.049   3488.935  -9.615   1735.286   3560.262  -9.614   0.0489 -0.0651   1750.197   3563.910   1750.148   3563.975   1735.235   3560.334 N000562
  1844.460   3501.613 -10.132   1842.905   3563.861 -10.131  -0.0398  0.1131   1855.613   3576.588   1855.653   3576.475   1842.947   3563.740 N000563
  1836.745   3514.352  -9.100   1834.870   3577.743  -9.099  -0.0046 -0.1168   1847.898   3589.327   1847.903   3589.444   1834.874   3577.864 N000564
     0.000      0.000   0.000      0.000      0.000   0.000   0.0000  0.0000      0.000      0.000   1031.110   3598.381    993.133   3663.784 N000565
     0.000      0.000   0.000      0.000      0.000   0.000   0.0000  0.0000      0.000      0.000   3337.730   3621.466   3336.921   3484.751 N000566
  2186.214   3552.048  -8.964   2190.420   3585.611  -8.963   0.2139  0.1107   2197.384   3627.022   2197.170   3626.911   2190.204   3585.515 N000567
     0.000      0.000   0.000      0.000      0.000   0.000   0.0000  0.0000      0.000      0.000   2152.168   3631.974   2144.448   3594.706 N000568
     0.000      0.000   0.000      0.000      0.000   0.000   0.0000  0.0000      0.000      0.000   1611.239   3668.679   1591.382   3681.726 N000569
     0.000      0.000   0.000      0.000      0.000   0.000   0.0000  0.0000      0.000      0.000    847.036   3718.985    798.627   3808.249 N000570
     0.000      0.000   0.000      0.000      0.000   0.000   0.0000  0.0000      0.000      0.000    855.599   3718.985    807.578   3807.385 N000571
     0.000      0.000   0.000      0.000      0.000   0.000   0.0000  0.0000      0.000      0.000   2593.127   3731.849   2590.179   3659.548 N000572
     0.000      0.000   0.000      0.000      0.000   0.000   0.0000  0.0000      0.000      0.000   4055.210   3741.686   4048.905   3552.441 N000573
     0.000      0.000   0.000      0.000      0.000   0.000   0.0000  0.0000      0.000      0.000   2876.705   3748.972   2875.599   3653.245 N000574
   808.239   3687.185  -9.124    768.644   3856.388  -9.123   0.1025  0.0486    819.336   3762.171    819.233   3762.123    768.538   3856.347 N000575
     0.000      0.000   0.000      0.000      0.000   0.000   0.0000  0.0000      0.000      0.000   3557.396   3763.968   3555.736   3613.535 N000576
     0.000      0.000   0.000      0.000      0.000   0.000   0.0000  0.0000      0.000      0.000   1992.158   3769.550   1980.044   3751.526 N000577
  1457.663   3695.997 -10.132   1443.151   3801.663 -10.131   0.1627 -0.0029   1468.794   3770.979   1468.631   3770.982   1442.983   3801.682 N000578
     0.000      0.000   0.000      0.000      0.000   0.000   0.0000  0.0000      0.000      0.000   2619.691   3778.975   2616.695   3705.949 N000579
  3489.552   3720.242 -10.618   3499.473   3650.081 -10.617   0.0525  0.0421   3500.789   3795.211   3500.737   3795.169   3499.421   3650.042 N000580
     0.000      0.000   0.000      0.000      0.000   0.000   0.0000  0.0000      0.000      0.000    769.372   3796.932    715.465   3898.035 N000581
  3857.823   3732.603 -10.380   3865.187   3634.024 -10.379  -0.1502  0.1026   3869.079   3807.570   3869.229   3807.467   3865.335   3633.907 N000582
     0.000      0.000   0.000      0.000      0.000   0.000   0.0000  0.0000      0.000      0.000   1988.657   3822.480   1975.840   3806.831 N000583
  1944.972   3779.393 -10.094   1942.220   3842.979 -10.093  -0.0281 -0.1074   1956.127   3854.373   1956.155   3854.481   1942.247   3843.088 N000584
  1512.741   3799.998  -9.614   1498.190   3905.007  -9.613  -0.2592  1.4979   1523.873   3874.982   1524.133   3873.484   1498.483   3903.416 N000585
     0.000      0.000   0.000      0.000      0.000   0.000   0.0000  0.0000      0.000      0.000   1640.756   3876.483   1618.547   3895.433 N000586
  2627.181   3825.388  -9.214   2634.766   3829.946  -9.213   0.1809 -0.1118   2638.371   3900.365   2638.190   3900.477   2634.583   3830.077 N000587
     0.000      0.000   0.000      0.000      0.000   0.000   0.0000  0.0000      0.000      0.000    928.501   3916.489    879.146   4007.555 N000588
  2034.939   3867.727 -10.379   2033.013   3926.713 -10.378  -0.0612  0.1912   2046.098   3942.709   2046.159   3942.518   2033.078   3926.508 N000589
  3376.368   3871.531 -10.238   3386.721   3814.894 -10.237  -0.1316  0.0305   3387.597   3946.504   3387.729   3946.473   3386.852   3814.852 N000590
     0.000      0.000   0.000      0.000      0.000   0.000   0.0000  0.0000      0.000      0.000   3857.354   3947.270   3854.119   3778.391 N000591
  1310.834   3904.939 -11.522   1287.449   4034.628 -11.521  -0.1661 -0.0606   1321.955   3979.927   1322.121   3979.988   1287.620   4034.675 N000592
   961.424   3908.504  -9.868    923.551   4073.664  -9.867  -0.0479  0.0044    972.527   3983.495    972.575   3983.490    923.601   4073.654 N000593
  1786.505   3908.771 -10.880   1778.100   3992.672 -10.879   0.0326  0.1043   1797.651   3983.756   1797.618   3983.651   1778.068   3992.566 N000594
  1002.719   3915.073  -9.845    966.544   4076.355  -9.844   0.1662  0.0729   1013.824   3990.063   1013.657   3989.990    966.372   4076.295 N000595
     0.000      0.000   0.000      0.000      0.000   0.000   0.0000  0.0000      0.000      0.000   3276.723   3994.475   3275.881   3873.475 N000596
  1338.266   3948.555 -12.529   1315.015   4077.741 -12.528   0.0921  0.0548   1349.388   4023.543   1349.296   4023.489   1314.921   4077.693 N000597
     0.000      0.000   0.000      0.000      0.000   0.000   0.0000  0.0000      0.000      0.000   1301.619   4031.989   1265.282   4091.382 N000598
  1938.498   3984.645 -11.542   1932.833   4057.728 -11.541  -0.0024  0.1453   1949.650   4059.631   1949.653   4059.486   1932.838   4057.575 N000599
     0.000      0.000   0.000      0.000      0.000   0.000   0.0000  0.0000      0.000      0.000   3654.242   4065.008   3652.613   3915.748 N000600
     0.000      0.000   0.000      0.000      0.000   0.000   0.0000  0.0000      0.000      0.000   1789.144   4099.988     -1.000     -1.000 N000601
  2733.068   4037.069  -9.610   2740.249   4040.521  -9.609   0.0683  0.0692   2744.262   4112.051   2744.194   4111.982   2740.180   4040.455 N000602
     0.000      0.000   0.000      0.000      0.000   0.000   0.0000  0.0000      0.000      0.000   2380.574   4187.986     -1.000     -1.000 N000603
