     0.000      0.000   0.000      0.000      0.000   0.000   0.0000  0.0000      0.000      0.000    278.995   -138.226     -1.000     -1.000 N000001
   459.915   -127.816 -11.168    449.950      6.612 -11.171  -0.0854  0.1839    468.915   -114.373    469.001   -114.557    450.038      6.425 N000002
     0.000      0.000   0.000      0.000      0.000   0.000   0.0000  0.0000      0.000      0.000    874.013   -111.052     -1.000     -1.000 N000003
     0.000      0.000   0.000      0.000      0.000   0.000   0.0000  0.0000      0.000      0.000    341.468    -35.558    318.515     93.010 N000004
     0.000      0.000   0.000      0.000      0.000   0.000   0.0000  0.0000      0.000      0.000   2325.555    -12.883     -1.000     -1.000 N000005
   724.949     -9.054  -9.926    721.355    106.043  -9.929  -0.0513 -0.0542    733.956      4.393    734.007      4.447    721.407    106.093 N000006
     0.000      0.000   0.000      0.000      0.000   0.000   0.0000  0.0000      0.000      0.000   1281.524      7.454   1277.497     73.374 N000007
     0.000      0.000   0.000      0.000      0.000   0.000   0.0000  0.0000      0.000      0.000   2828.569     42.474   2817.542     12.571 N000008
     0.000      0.000   0.000      0.000      0.000   0.000   0.0000  0.0000      0.000      0.000    773.735     84.493    761.877    182.335 N000009
     0.000      0.000   0.000      0.000      0.000   0.000   0.0000  0.0000      0.000      0.000   2282.052    103.968   2278.517    105.277 N000010
  3387.654     96.232 -13.509   3374.181     44.455 -13.512   0.1540 -0.0593   3396.739    109.714   3396.585    109.774   3374.031     44.521 N000011
   132.928    102.795 -12.951    111.525    257.105 -12.954  -0.0720 -0.1181    141.917    116.235    141.989    116.353    111.599    257.217 N000012
   537.992    110.427  -9.580    529.568    236.551  -9.583  -0.0412 -0.0731    546.993    123.872    547.034    123.945    529.610    236.620 N000013
   441.534    138.806 -10.447    430.282    271.255 -10.450   0.0341 -0.1940    450.532    152.250    450.498    152.444    430.246    271.449 N000014
  2368.334    183.370 -12.059   2373.427    190.023 -12.062  -0.1656 -0.1295   2377.389    196.840   2377.554    196.969   2373.592    190.139 N000015
  1833.940    187.411 -10.779   1841.783    227.257 -10.783  -0.0600 -0.0889   1842.978    200.873   1843.038    200.962   1841.843    227.340 N000016
  1619.951    221.198  -9.707   1627.512    274.006  -9.710  -0.0490  0.1756   1628.983    234.658   1629.032    234.482   1627.561    273.831 N000017
     0.000      0.000   0.000      0.000      0.000   0.000   0.0000  0.0000      0.000      0.000   2891.040    234.976   2880.293    195.959 N000018
     0.000      0.000   0.000      0.000      0.000   0.000   0.0000  0.0000      0.000      0.000   1948.041    304.464   1946.977    322.067 N000019
     0.000      0.000   0.000      0.000      0.000   0.000   0.0000  0.0000      0.000      0.000    696.941    315.823    682.715    416.073 N000020
  1869.862    322.178  -8.853   1877.994    357.041  -8.857  -0.1379  0.1784   1878.900    335.642   1879.038    335.464   1878.132    356.857 N000021
  1466.447    322.375  -8.849   1473.250    383.365  -8.852  -0.0531 -0.1251   1475.473    335.833   1475.526    335.958   1473.303    383.484 N000022
  2178.132    350.854 -11.770   2185.371    365.550 -11.773   0.1317 -0.1462   2187.179    364.321   2187.047    364.468   2185.241    365.702 N000023
  1247.414    353.535 -10.421   1252.121    428.546 -10.424  -0.0861  0.0351   1256.433    366.991   1256.519    366.956   1252.208    428.506 N000024
     0.000      0.000   0.000      0.000      0.000   0.000   0.0000  0.0000      0.000      0.000   3709.092    397.702   3680.990    305.404 N000025
     0.000      0.000   0.000      0.000      0.000   0.000   0.0000  0.0000      0.000      0.000   1507.027    404.959   1505.028    449.301 N000026
     0.000      0.000   0.000      0.000      0.000   0.000   0.0000  0.0000      0.000      0.000   1006.512    412.453    998.437    490.329 N000027
  1082.454    408.711  -8.867   1084.785    494.121  -8.870  -0.0463  0.2106   1091.468    422.164   1091.514    421.954   1084.832    493.910 N000028
  1120.613    414.351  -8.835   1123.523    497.094  -8.839   0.1131 -0.1494   1129.628    427.805   1129.515    427.954   1123.408    497.249 N000029
  1094.683    420.308  -8.593   1097.182    504.742  -8.596   0.0830 -0.1923   1103.697    433.762   1103.614    433.954   1097.097    504.938 N000030
  3131.655    421.738 -10.403   3126.722    375.775 -10.406   0.1554  0.2051   3140.730    435.219   3140.575    435.014   3126.568    375.585 N000031
  3177.481    447.704 -13.295   3171.811    398.284 -13.298  -0.0190  0.1581   3186.557    461.185   3186.576    461.027   3171.828    398.129 N000032
     0.000      0.000   0.000      0.000      0.000   0.000   0.0000  0.0000      0.000      0.000   2477.055    472.472   2473.361    453.123 N000033
     0.000      0.000   0.000      0.000      0.000   0.000   0.0000  0.0000      0.000      0.000    204.654    491.859    174.270    626.024 N000034
     0.000      0.000   0.000      0.000      0.000   0.000   0.0000  0.0000      0.000      0.000   2072.542    497.967   2071.632    503.851 N000035
   166.814    499.585 -12.816    144.164    649.247 -12.819  -0.1862  0.0845    175.800    513.027    175.986    512.942    144.358    649.149 N000036
  2318.784    521.861  -9.370   2325.681    524.128  -9.373   0.9844 -0.6393   2327.834    535.331   2326.850    535.970   2324.706    524.817 N000037
     0.000      0.000   0.000      0.000      0.000   0.000   0.0000  0.0000      0.000      0.000   1590.528    543.961   1589.042    580.655 N000038
  1791.294    555.952 -13.041   1799.677    591.804 -13.044  -0.2062 -0.0483   1800.327    569.415   1800.534    569.464   1799.884    591.838 N000039
     0.000      0.000   0.000      0.000      0.000   0.000   0.0000  0.0000      0.000      0.000   1444.023    573.959   1441.423    620.071 N000040
     0.000      0.000   0.000      0.000      0.000   0.000   0.0000  0.0000      0.000      0.000   2801.563    582.477   2794.402    540.346 N000041
  2406.949    570.567  -8.959   2413.317    566.236  -8.962   0.3658  0.0665   2416.001    584.038   2415.635    583.972   2412.954    566.194 N000042
  3256.134    580.444  -9.410   3249.826    522.844  -9.413   0.8010  0.9442   3265.211    593.927   3264.410    592.983   3249.034    521.972 N000043
     0.000      0.000   0.000      0.000      0.000   0.000   0.0000  0.0000      0.000      0.000   1823.834    593.464   1823.239    613.921 N000044
  2732.645    599.387 -10.276   2735.544    573.822 -10.279   0.1450 -0.1127   2741.706    612.863   2741.561    612.976   2735.401    573.941 N000045
    69.436    608.682 -10.062     41.984    765.412 -10.066  -0.0636  0.1818     78.419    622.123     78.482    621.942     42.052    765.225 N000046
     0.000      0.000   0.000      0.000      0.000   0.000   0.0000  0.0000      0.000      0.000   2028.040    627.967   2027.486    634.427 N000047
     0.000      0.000   0.000      0.000      0.000   0.000   0.0000  0.0000      0.000      0.000   2909.173    629.478   2900.639    579.566 N000048
  1143.947    617.049  -9.283   1146.681    695.901  -9.286  -0.0532  0.0492   1152.961    630.505   1153.014    630.456   1146.735    695.849 N000049
  2361.138    627.459 -11.919   2368.061    624.957 -11.922   0.1377 -0.0410   2370.188    640.930   2370.050    640.972   2367.925    625.006 N000050
     0.000      0.000   0.000      0.000      0.000   0.000   0.0000  0.0000      0.000      0.000   2151.043    664.469   2150.223    662.266 N000051
  1650.049    666.825 -11.267   1657.917    710.471 -11.271   0.0490 -0.1749   1659.077    680.288   1659.028    680.462   1657.868    710.647 N000052
     0.000      0.000   0.000      0.000      0.000   0.000   0.0000  0.0000      0.000      0.000   1468.023    681.660   1465.486    724.794 N000053
     0.000      0.000   0.000      0.000      0.000   0.000   0.0000  0.0000      0.000      0.000    406.054    683.384    381.411    802.040 N000054
  2584.535    677.270 -11.004   2589.590    659.488 -11.007   0.0354 -0.2301   2593.591    690.745   2593.556    690.975   2589.556    659.716 N000055
  3247.559    678.565 -12.389   3242.154    619.104 -12.392   0.0590  0.0650   3256.635    692.048   3256.576    691.983   3242.096    619.044 N000056
  1468.073    695.651 -10.140   1474.597    751.302 -10.143   0.0731  0.1508   1477.096    709.111   1477.023    708.960   1474.524    751.158 N000057
     0.000      0.000   0.000      0.000      0.000   0.000   0.0000  0.0000      0.000      0.000   4079.100    726.994   4043.451    603.491 N000058
   585.656    729.168  -9.416    575.477    847.144  -9.419   0.1562  0.1685    594.652    742.617    594.496    742.449    575.317    846.988 N000059
     0.000      0.000   0.000      0.000      0.000   0.000   0.0000  0.0000      0.000      0.000   1781.431    744.364   1780.767    765.449 N000060
  2832.689    735.909 -10.458   2834.885    701.151 -10.461   0.1893 -0.0912   2841.752    749.387   2841.563    749.478   2834.699    701.252 N000061
     0.000      0.000   0.000      0.000      0.000   0.000   0.0000  0.0000      0.000      0.000   1313.617    756.258   1309.238    809.241 N000062
     0.000      0.000   0.000      0.000      0.000   0.000   0.0000  0.0000      0.000      0.000   3800.091    756.991   3772.977    649.328 N000063
  2520.236    744.406  -9.245   2526.200    729.468  -9.249  -0.0768 -0.0311   2529.289    757.881   2529.366    757.912   2526.276    729.494 N000064
  3816.801    751.905  -9.398   3798.135    655.965  -9.401  -0.1989 -0.0953   3825.893    765.396   3826.092    765.491   3798.329    656.046 N000065
  1728.703    757.647  -9.204   1736.894    794.792  -9.207   0.2029  0.1471   1737.733    771.111   1737.530    770.964   1736.690    794.661 N000066
     0.000      0.000   0.000      0.000      0.000   0.000   0.0000  0.0000      0.000      0.000   3291.076    793.484   3276.607    716.071 N000067
     0.000      0.000   0.000      0.000      0.000   0.000   0.0000  0.0000      0.000      0.000   1336.018    795.959   1331.800    847.003 N000068
   498.385    784.015 -10.763    485.168    908.291 -10.767  -0.1147  0.0155    507.378    797.464    507.493    797.448    485.286    908.267 N000069
     0.000      0.000   0.000      0.000      0.000   0.000   0.0000  0.0000      0.000      0.000   1522.523    801.961   1520.254    839.992 N000070
  1617.338    788.866  -8.583   1624.882    833.212  -8.586  -0.1624 -0.1338   1626.364    802.329   1626.526    802.463   1625.045    833.333 N000071
   937.610    793.549 -10.374    935.856    885.578 -10.377   0.1099  0.0488    946.616    807.003    946.506    806.954    935.744    885.537 N000072
     0.000      0.000   0.000      0.000      0.000   0.000   0.0000  0.0000      0.000      0.000   2854.479    813.645   2847.750    763.308 N000073
  1204.566    806.601 -12.022   1207.592    879.496 -12.026   0.0657  0.1014   1213.579    820.059   1213.514    819.957   1207.526    879.400 N000074
  2075.592    813.643  -8.543   2084.239    826.702  -8.546   0.0923  0.1429   2084.632    827.112   2084.540    826.969   2084.147    826.567 N000075
     0.000      0.000   0.000      0.000      0.000   0.000   0.0000  0.0000      0.000      0.000   2213.043    830.470   2212.293    821.480 N000076
     0.000      0.000   0.000      0.000      0.000   0.000   0.0000  0.0000      0.000      0.000   3018.042    832.406   3008.896    771.297 N000077
  2107.404    841.013 -10.287   2116.017    851.555 -10.290  -0.0956  0.0130   2116.445    854.482   2116.540    854.469   2116.112    851.536 N000078
     0.000      0.000   0.000      0.000      0.000   0.000   0.0000  0.0000      0.000      0.000    152.982    856.444    117.412    994.173 N000079
  1604.625    846.798 -10.957   1611.993    891.381 -10.960   0.1250 -0.2020   1613.650    860.261   1613.525    860.463   1611.867    891.589 N000080
  1555.807    847.363 -10.402   1562.795    895.314 -10.405  -0.1682 -0.1374   1564.831    860.825   1564.999    860.962   1562.965    895.438 N000081
  2182.699    867.796 -10.359   2191.140    872.933 -10.363   0.1990 -0.1723   2191.741    881.267   2191.542    881.439   2190.942    873.116 N000082
     0.000      0.000   0.000      0.000      0.000   0.000   0.0000  0.0000      0.000      0.000   2873.562    885.622   2866.913    832.677 N000083
  2768.811    873.199 -10.158   2772.513    839.866 -10.161  -0.1889  0.1986   2777.871    886.677   2778.059    886.478   2772.698    839.659 N000084
     0.000      0.000   0.000      0.000      0.000   0.000   0.0000  0.0000      0.000      0.000   2562.303    907.059   2559.397    873.881 N000085
     0.000      0.000   0.000      0.000      0.000   0.000   0.0000  0.0000      0.000      0.000   2340.546    916.473   2339.333    897.738 N000086
     0.000      0.000   0.000      0.000      0.000   0.000   0.0000  0.0000      0.000      0.000    400.489    930.822    373.620   1049.606 N000087
     0.000      0.000   0.000      0.000      0.000   0.000   0.0000  0.0000      0.000      0.000   1299.949    932.959   1294.794    985.415 N000088
     0.000      0.000   0.000      0.000      0.000   0.000   0.0000  0.0000      0.000      0.000   2821.060    947.979   2815.410    897.277 N000089
  2391.527    936.932 -13.215   2399.068    927.185 -13.218   0.0273 -0.0681   2400.575    950.405   2400.548    950.474   2399.040    927.254 N000090
     0.000      0.000   0.000      0.000      0.000   0.000   0.0000  0.0000      0.000      0.000    547.493    950.949    525.314   1058.547 N000091
  2149.672    944.012  -8.944   2158.284    950.308  -8.947   0.0474  0.0124   2158.713    957.483   2158.665    957.470   2158.237    950.299 N000092
     0.000      0.000   0.000      0.000      0.000   0.000   0.0000  0.0000      0.000      0.000   2889.562    960.980   2883.040    905.620 N000093
  1552.115    950.352  -8.761   1558.840    997.584  -8.764   0.1150 -0.1485   1561.138    963.814   1561.023    963.963   1558.723    997.739 N000094
  1807.645    952.858  -9.420   1815.994    982.319  -9.423   0.1091 -0.1424   1816.675    966.324   1816.566    966.466   1815.884    982.467 N000095
  2325.094    956.548 -11.520   2333.057    950.927 -11.523   0.0939  0.0481   2334.139    970.021   2334.046    969.973   2332.964    950.886 N000096
     0.000      0.000   0.000      0.000      0.000   0.000   0.0000  0.0000      0.000      0.000   2178.541    971.971   2178.073    963.271 N000097
  1059.277    965.046 -10.728   1059.081   1047.363 -10.731  -0.1939  0.0458   1068.285    978.502   1068.479    978.456   1059.279   1047.303 N000098
  2401.113    969.230  -8.893   2408.662    958.369  -8.896   0.1127  0.1047   2410.160    982.703   2410.048    982.599   2408.550    958.273 N000099
  1086.847    974.204  -9.766   1087.125   1054.472  -9.769  -0.1530  0.2042   1095.856    987.661   1096.009    987.457   1087.282   1054.258 N000100
     0.000      0.000   0.000      0.000      0.000   0.000   0.0000  0.0000      0.000      0.000   2050.037    987.269   2049.761    987.069 N000101
     0.000      0.000   0.000      0.000      0.000   0.000   0.0000  0.0000      0.000      0.000   1963.534   1003.018   1963.206   1008.531 N000102
  1409.998   1007.895  -9.973   1415.074   1064.714  -9.976  -0.0018 -0.0782   1419.016   1021.357   1419.018   1021.435   1415.076   1064.792 N000103
  2129.891   1017.197 -10.660   2138.587   1023.908 -10.663  -0.1090  0.1974   2138.930   1030.668   2139.039   1030.471   2138.696   1023.706 N000104
  1972.580   1023.088 -10.512   1981.298   1040.459 -10.515   0.0802  0.0876   1981.615   1036.556   1981.534   1036.469   1981.218   1040.378 N000105
   533.158   1023.630 -10.641    519.067   1145.100 -10.645   0.1576  0.1299    542.149   1037.080    541.992   1036.950    518.906   1144.982 N000106
     0.000      0.000   0.000      0.000      0.000   0.000   0.0000  0.0000      0.000      0.000   1808.529   1041.911   1807.719   1057.704 N000107
     0.000      0.000   0.000      0.000      0.000   0.000   0.0000  0.0000      0.000      0.000   3760.087   1043.039   3736.640    931.041 N000108
  2360.171   1044.830 -10.939   2368.093   1035.651 -10.942   0.1706 -0.1697   2369.216   1058.304   2369.046   1058.474   2367.923   1035.830 N000109
     0.000      0.000   0.000      0.000      0.000   0.000   0.0000  0.0000      0.000      0.000   1743.527   1065.466   1742.340   1085.579 N000110
     0.000      0.000   0.000      0.000      0.000   0.000   0.0000  0.0000      0.000      0.000   1835.030   1070.467   1834.290   1084.146 N000111
  3740.216   1057.590 -10.841   3726.380    959.152 -10.844   0.6914  0.0902   3749.303   1071.082   3748.611   1070.992   3725.705    959.106 N000112
  3082.881   1059.375 -10.289   3082.893   1002.455 -10.292  -0.1185 -0.1252   3091.948   1072.858   3092.067   1072.983   3083.010   1002.571 N000113
  1396.358   1068.061 -11.436   1401.042   1125.471 -11.439  -0.1419  0.0609   1405.375   1081.522   1405.517   1081.461   1401.186   1125.400 N000114
  2833.795   1072.017 -10.723   2837.493   1031.061 -10.727  -0.2055  0.0171   2842.854   1085.497   2843.059   1085.480   2837.696   1031.031 N000115
     0.000      0.000   0.000      0.000      0.000   0.000   0.0000  0.0000      0.000      0.000   1849.530   1090.467   1848.823   1102.952 N000116
   950.144   1091.289 -11.869    946.893   1181.240 -11.872   0.1444 -0.2110    959.148   1104.745    959.004   1104.956    946.744   1181.461 N000117
     0.000      0.000   0.000      0.000      0.000   0.000   0.0000  0.0000      0.000      0.000   2744.556   1104.979   2740.436   1056.700 N000118
     0.000      0.000   0.000      0.000      0.000   0.000   0.0000  0.0000      0.000      0.000   1520.520   1108.463   1517.415   1144.007 N000119
  1721.812   1099.427 -10.691   1729.475   1133.503 -10.694  -0.1884 -0.0729   1730.838   1112.893   1731.026   1112.966   1729.664   1133.562 N000120
     0.000      0.000   0.000      0.000      0.000   0.000   0.0000  0.0000      0.000      0.000   1222.511   1126.397   1215.291   1183.377 N000121
  2263.822   1113.157 -12.398   2272.247   1109.630 -12.401  -0.1782  0.1571   2272.864   1126.630   2273.042   1126.473   2272.424   1109.463 N000122
  1165.641   1119.752 -10.366   1166.567   1193.679 -10.370   0.1412  0.1773   1174.651   1133.211   1174.510   1133.034   1166.424   1193.513 N000123
     0.000      0.000   0.000      0.000      0.000   0.000   0.0000  0.0000      0.000      0.000   2223.141   1135.872   2222.675   1122.151 N000124
   455.375   1130.226 -10.925    437.675   1257.921 -10.928  -0.1249  0.2257    464.364   1143.675    464.489   1143.449    437.807   1257.685 N000125
  1378.387   1148.713  -9.769   1382.500   1207.000  -9.772  -0.1132  0.2131   1387.402   1162.175   1387.516   1161.961   1382.616   1206.780 N000126
  2630.422   1168.130 -12.872   2636.638   1139.220 -12.875  -0.0784  0.1302   2639.474   1181.608   2639.553   1181.478   2636.715   1139.086 N000127
   189.425   1182.073  -9.633    160.962   1331.105  -9.636  -0.0752  0.0733    198.405   1195.520    198.480   1195.446    161.041   1331.025 N000128
  1485.492   1197.711 -10.273   1490.736   1248.018 -10.276  -0.0084  0.1848   1494.510   1211.174   1494.518   1210.989   1490.745   1247.833 N000129
     0.000      0.000   0.000      0.000      0.000   0.000   0.0000  0.0000      0.000      0.000   1023.482   1225.434   1011.811   1296.976 N000130
     0.000      0.000   0.000      0.000      0.000   0.000   0.0000  0.0000      0.000      0.000    781.426   1225.525    763.808   1315.457 N000131
  2029.232   1212.463  -9.868   2037.883   1224.068  -9.871   0.2323 -0.0372   2038.267   1225.933   2038.034   1225.970   2037.651   1224.121 N000132
  3113.054   1219.755 -14.124   3113.395   1158.220 -14.128   0.0538 -0.0580   3122.120   1233.239   3122.066   1233.297   3113.342   1158.281 N000133
  1083.714   1226.670 -11.205   1082.408   1306.461 -11.208   0.1917  0.1696   1092.721   1240.128   1092.529   1239.958   1082.213   1306.306 N000134
     0.000      0.000   0.000      0.000      0.000   0.000   0.0000  0.0000      0.000      0.000   1370.348   1241.962   1364.831   1287.720 N000135
  1437.123   1226.757 -11.061   1441.659   1280.450 -11.064   0.1235 -2.2432   1446.140   1240.219   1446.017   1242.463   1441.524   1282.693 N000136
     0.000      0.000   0.000      0.000      0.000   0.000   0.0000  0.0000      0.000      0.000   2263.112   1247.402   2262.580   1229.765 N000137
  2133.124   1238.152 -12.782   2141.808   1242.303 -12.785   0.1245  0.1517   2142.162   1251.623   2142.037   1251.472   2141.683   1242.161 N000138
     0.000      0.000   0.000      0.000      0.000   0.000   0.0000  0.0000      0.000      0.000   1481.518   1257.963   1477.393   1295.550 N000139
  1563.638   1253.025 -10.232   1569.519   1297.427 -10.235   0.1378  0.0253   1572.658   1266.490   1572.520   1266.464   1569.380   1297.412 N000140
     0.000      0.000   0.000      0.000      0.000   0.000   0.0000  0.0000      0.000      0.000   1890.130   1266.969   1889.278   1275.187 N000141
     0.000      0.000   0.000      0.000      0.000   0.000   0.0000  0.0000      0.000      0.000   1792.227   1267.967   1790.876   1283.131 N000142
  2117.427   1260.432  -9.163   2126.099   1265.481  -9.166  -0.0731 -0.0345   2126.463   1273.904   2126.536   1273.938   2126.172   1265.510 N000143
  1503.968   1268.080  -8.970   1509.136   1316.750  -8.974  -0.1683  0.1712   1512.986   1281.544   1513.155   1281.373   1509.307   1316.567 N000144
  2436.550   1270.007 -10.347   2444.349   1252.977 -10.350   0.0501  0.0073   2445.596   1283.483   2445.546   1283.476   2444.299   1252.973 N000145
  1932.048   1271.597  -9.474   1940.392   1289.558  -9.477   0.0480  0.0966   1941.079   1285.066   1941.031   1284.969   1940.344   1289.466 N000146
     0.000      0.000   0.000      0.000      0.000   0.000   0.0000  0.0000      0.000      0.000   1292.067   1289.961   1285.097   1341.370 N000147
  3627.261   1281.756 -10.958   3617.944   1186.074 -10.961  -0.2394  0.0982   3636.342   1295.247   3636.581   1295.149   3618.177   1185.962 N000148
  1348.556   1288.352  -8.942   1351.558   1348.351  -8.945   0.0561 -0.1476   1357.570   1301.814   1357.513   1301.962   1351.500   1348.502 N000149
  1994.849   1295.462  -8.489   2003.332   1308.827  -8.493  -0.0799  0.0330   2003.881   1308.932   2003.961   1308.899   2003.412   1308.789 N000150
  2789.712   1307.639 -10.974   2794.723   1266.284 -10.977   0.1067  0.1387   2798.768   1321.119   2798.661   1320.981   2794.617   1266.154 N000151
  1347.582   1308.897  -9.763   1350.459   1368.927  -9.766   0.0820 -0.1025   1356.595   1322.359   1356.513   1322.462   1350.375   1369.035 N000152
     0.000      0.000   0.000      0.000      0.000   0.000   0.0000  0.0000      0.000      0.000   1268.011   1327.461   1260.425   1380.606 N000153
  1455.861   1344.595 -12.725   1460.081   1396.557 -12.728  -0.1395  0.0954   1464.877   1358.059   1465.016   1357.964   1460.223   1396.452 N000154
  3638.697   1344.248 -14.312   3629.573   1246.783 -14.315  -0.0201 -0.2741   3647.778   1357.740   3647.798   1358.014   3629.595   1247.051 N000155
  1954.386   1350.012 -10.987   1962.648   1365.890 -10.990  -0.1135  0.0117   1963.417   1363.482   1963.531   1363.470   1962.762   1365.870 N000156
     0.000      0.000   0.000      0.000      0.000   0.000   0.0000  0.0000      0.000      0.000   2597.550   1365.228   2595.445   1323.502 N000157
  1462.629   1355.253  -8.808   1466.883   1406.693  -8.811   0.0294 -0.0467   1471.646   1368.717   1471.616   1368.764   1466.853   1406.742 N000158
  1728.958   1356.889  -9.291   1735.955   1388.884  -9.294  -0.0419 -0.1112   1737.982   1370.356   1738.024   1370.467   1735.997   1388.991 N000159
  1370.729   1357.862 -11.854   1373.689   1416.098 -11.857   0.1045 -0.1378   1379.743   1371.325   1379.638   1371.462   1373.582   1416.243 N000160
  3972.456   1361.144  -9.296   3955.169   1242.317  -9.299  -0.0438  0.1439   3981.547   1374.640   3981.590   1374.496   3955.210   1242.173 N000161
  1747.037   1368.007 -11.097   1754.128   1398.650 -11.100   0.0371  0.0071   1756.062   1381.474   1756.024   1381.467   1754.091   1398.646 N000162
     0.000      0.000   0.000      0.000      0.000   0.000   0.0000  0.0000      0.000      0.000   2209.538   1381.473   2209.064   1366.403 N000163
     0.000      0.000   0.000      0.000      0.000   0.000   0.0000  0.0000      0.000      0.000   2518.047   1382.852   2516.497   1346.389 N000164
  2192.657   1374.663 -10.939   2201.224   1373.568 -10.942   0.1572  0.1634   2201.695   1388.137   2201.538   1387.973   2201.067   1373.417 N000165
     0.000      0.000   0.000      0.000      0.000   0.000   0.0000  0.0000      0.000      0.000   2952.060   1392.372   2946.446   1326.396 N000166
     0.000      0.000   0.000      0.000      0.000   0.000   0.0000  0.0000      0.000      0.000   1413.014   1400.963   1407.283   1443.226 N000167
     0.000      0.000   0.000      0.000      0.000   0.000   0.0000  0.0000      0.000      0.000   1010.971   1401.458    997.675   1474.111 N000168
  3367.545   1391.429  -9.483   3364.362   1310.727  -9.486  -0.3830 -0.0712   3376.618   1404.917   3377.001   1404.989   3364.738   1310.772 N000169
     0.000      0.000   0.000      0.000      0.000   0.000   0.0000  0.0000      0.000      0.000   2187.537   1415.873   2187.047   1402.109 N000170
  1666.294   1403.103 -11.307   1672.587   1439.483 -11.311  -0.2056  0.1030   1675.316   1416.570   1675.522   1416.467   1672.795   1439.365 N000171
     0.000      0.000   0.000      0.000      0.000   0.000   0.0000  0.0000      0.000      0.000   3375.572   1416.989   3363.406   1322.694 N000172
     0.000      0.000   0.000      0.000      0.000   0.000   0.0000  0.0000      0.000      0.000   1642.937   1425.966   1639.861   1451.221 N000173
     0.000      0.000   0.000      0.000      0.000   0.000   0.0000  0.0000      0.000      0.000   1159.506   1435.460   1149.174   1496.812 N000174
  2172.548   1425.231 -10.974   2181.073   1425.214 -10.977   0.0480  0.1062   2181.584   1438.704   2181.537   1438.598   2181.025   1425.112 N000175
     0.000      0.000   0.000      0.000      0.000   0.000   0.0000  0.0000      0.000      0.000   3250.068   1441.987   3240.270   1355.584 N000176
  1902.989   1429.175  -9.552   1910.858   1448.332  -9.556  -0.0375  0.2017   1912.017   1442.645   1912.055   1442.443   1910.896   1448.128 N000177
  1397.973   1432.437  -9.356   1400.911   1488.580  -9.359  -0.0272 -0.0332   1406.986   1445.901   1407.014   1445.934   1400.938   1488.611 N000178
     0.000      0.000   0.000      0.000      0.000   0.000   0.0000  0.0000      0.000      0.000    618.990   1448.953    594.259   1552.525 N000179
  2587.941   1456.087  -9.838   2595.037   1426.885  -9.841  -0.0588  0.0868   2596.990   1469.566   2597.049   1469.479   2595.095   1426.795 N000180
     0.000      0.000   0.000      0.000      0.000   0.000   0.0000  0.0000      0.000      0.000   2427.043   1472.977   2426.009   1442.043 N000181
  2121.055   1466.477  -9.230   2129.501   1469.872  -9.233   0.0548 -0.0228   2130.089   1479.950   2130.035   1479.973   2129.446   1469.899 N000182
     0.000      0.000   0.000      0.000      0.000   0.000   0.0000  0.0000      0.000      0.000    929.277   1483.068    913.276   1562.329 N000183
  2899.645   1480.378 -10.127   2903.936   1429.666 -10.131   0.1183 -0.1221   2908.702   1493.861   2908.584   1493.983   2903.819   1429.795 N000184
  1210.370   1484.548  -9.167   1209.766   1554.909  -9.170   0.1702 -0.1521   1219.378   1498.009   1219.207   1498.161   1209.591   1555.074 N000185
  1836.340   1487.312 -12.723   1843.665   1511.082 -12.726  -0.1599 -0.1878   1845.366   1500.781   1845.526   1500.969   1843.825   1511.258 N000186
     0.000      0.000   0.000      0.000      0.000   0.000   0.0000  0.0000      0.000      0.000   1472.548   1503.964   1467.076   1541.735 N000187
  1754.195   1492.435 -10.694   1760.902   1522.178 -10.697   0.1945 -0.0652   1763.218   1505.903   1763.023   1505.968   1760.706   1522.257 N000188
     0.000      0.000   0.000      0.000      0.000   0.000   0.0000  0.0000      0.000      0.000   1539.517   1509.965   1534.889   1542.740 N000189
     0.000      0.000   0.000      0.000      0.000   0.000   0.0000  0.0000      0.000      0.000   1573.018   1515.466   1568.767   1545.746 N000190
  2124.781   1503.695 -10.552   2133.176   1506.640 -10.556  -0.1911  0.1949   2133.815   1517.168   2134.007   1516.973   2133.368   1506.432 N000191
     0.000      0.000   0.000      0.000      0.000   0.000   0.0000  0.0000      0.000      0.000   1170.142   1520.961   1159.382   1581.689 N000192
     0.000      0.000   0.000      0.000      0.000   0.000   0.0000  0.0000      0.000      0.000   2272.122   1525.558   2271.476   1505.165 N000193
  1399.501   1535.285 -11.688   1401.833   1591.360 -11.692   0.0006 -0.2155   1408.513   1548.748   1408.513   1548.964   1401.831   1591.576 N000194
  2175.705   1535.528 -10.333   2184.093   1534.695 -10.336   0.1219  0.0283   2184.741   1549.002   2184.619   1548.974   2183.971   1534.675 N000195
  2231.920   1536.771 -10.427   2240.307   1531.933 -10.430  -0.0538 -0.1495   2240.957   1550.246   2241.011   1550.396   2240.361   1532.078 N000196
  4004.571   1538.864 -12.294   3988.030   1415.044 -12.297   0.0705 -0.1363   4013.660   1552.361   4013.590   1552.498   3987.962   1415.183 N000197
     0.000      0.000   0.000      0.000      0.000   0.000   0.0000  0.0000      0.000      0.000    930.332   1553.874    913.687   1633.404 N000198
  2332.749   1544.853 -10.934   2341.002   1532.830 -10.937  -0.1043 -0.1473   2341.789   1558.329   2341.893   1558.476   2341.106   1532.969 N000199
     0.000      0.000   0.000      0.000      0.000   0.000   0.0000  0.0000      0.000      0.000    495.485   1560.452    465.100   1674.940 N000200
     0.000      0.000   0.000      0.000      0.000   0.000   0.0000  0.0000      0.000      0.000   1857.526   1574.541   1855.659   1583.784 N000201
  1673.848   1563.565 -10.415   1679.529   1599.136 -10.419  -0.1525  0.0652   1682.868   1577.033   1683.020   1576.967   1679.683   1599.059 N000202
  1885.492   1564.610  -8.640   1892.866   1584.613  -8.644  -0.0084  0.1098   1894.518   1578.080   1894.527   1577.970   1892.875   1584.503 N000203
  3054.136   1577.834  -9.590   3056.834   1515.691  -9.593   0.1356 -0.1659   3063.197   1591.320   3063.061   1591.485   3056.701   1515.865 N000204
  1830.462   1585.671 -10.429   1837.403   1609.667 -10.433  -0.0384  0.1706   1839.486   1599.140   1839.525   1598.970   1837.442   1609.494 N000205
  2022.158   1585.879 -11.537   2030.124   1595.894 -11.541   0.1585 -0.1214   2031.189   1599.351   2031.031   1599.472   2029.965   1596.027 N000206
     0.000      0.000   0.000      0.000      0.000   0.000   0.0000  0.0000      0.000      0.000    604.488   1611.338    577.347   1717.425 N000207
  1251.671   1598.561  -9.461   1251.002   1666.077  -9.464   0.1715  0.0612   1260.679   1612.023   1260.508   1611.962   1250.828   1666.029 N000208
  1845.620   1606.426  -9.805   1852.594   1629.281  -9.809   0.1196 -0.0741   1854.645   1619.896   1854.525   1619.970   1852.473   1629.364 N000209
  1677.085   1606.872 -10.582   1682.593   1642.197 -10.585   0.0851 -0.1278   1686.105   1620.340   1686.020   1620.468   1682.506   1642.331 N000210
     0.000      0.000   0.000      0.000      0.000   0.000   0.0000  0.0000      0.000      0.000   1404.012   1621.931   1396.783   1665.022 N000211
     0.000      0.000   0.000      0.000      0.000   0.000   0.0000  0.0000      0.000      0.000   1723.048   1625.468   1719.884   1644.579 N000212
  2032.897   1627.444 -11.106   2040.793   1636.572 -11.110  -0.1032 -0.0560   2041.927   1640.917   2042.030   1640.972   2040.896   1636.620 N000213
  2210.624   1639.001  -9.558   2218.867   1635.252  -9.562   0.1236  0.0006   2219.659   1652.475   2219.536   1652.475   2218.743   1635.260 N000214
  2771.158   1651.453 -10.862   2777.120   1608.075 -10.865   0.1225 -0.0469   2780.210   1664.935   2780.088   1664.982   2776.999   1608.130 N000215
     0.000      0.000   0.000      0.000      0.000   0.000   0.0000  0.0000      0.000      0.000   1069.501   1666.460   1055.263   1735.689 N000216
  1932.709   1653.027 -11.504   1940.064   1669.428 -11.507   0.2090  0.0273   1941.736   1666.499   1941.527   1666.471   1939.854   1669.416 N000217
     0.000      0.000   0.000      0.000      0.000   0.000   0.0000  0.0000      0.000      0.000   2419.514   1666.950   2418.471   1635.405 N000218
  1198.466   1668.471  -8.966   1196.165   1740.423  -8.970  -0.0338 -0.0285   1207.472   1681.933   1207.505   1681.962   1196.199   1740.449 N000219
  1273.844   1668.522  -9.397   1273.043   1734.607  -9.400  -0.1560  0.0221   1282.852   1681.985   1283.008   1681.963   1273.202   1734.573 N000220
  1215.604   1672.512 -12.459   1213.619   1743.147 -12.462   0.1042  0.0118   1224.610   1685.974   1224.506   1685.962   1213.513   1743.143 N000221
  2390.037   1673.810 -10.162   2398.073   1657.111 -10.165   0.0998  0.0917   2399.078   1687.288   2398.978   1687.196   2397.973   1657.027 N000222
     0.000      0.000   0.000      0.000      0.000   0.000   0.0000  0.0000      0.000      0.000   2119.832   1706.774   2118.776   1696.616 N000223
  2508.455   1695.190  -9.029   2516.094   1669.987  -9.032  -0.0448  0.1487   2517.499   1708.669   2517.544   1708.521   2516.139   1669.836 N000224
   165.623   1695.516 -10.697    128.685   1852.280 -10.700   0.1229 -0.0168    174.597   1708.965    174.474   1708.982    128.556   1852.308 N000225
  3356.279   1697.660 -10.586   3354.915   1614.015 -10.589  -0.2450  0.1362   3365.348   1711.150   3365.593   1711.014   3355.155   1613.864 N000226
  1263.659   1704.814  -9.168   1262.369   1771.869  -9.171   0.0760 -0.1859   1272.666   1718.277   1272.590   1718.463   1262.290   1772.062 N000227
  2072.747   1707.144 -10.051   2080.571   1713.210 -10.055  -0.0282  0.1441   2081.778   1720.618   2081.806   1720.473   2080.600   1713.064 N000228
     0.000      0.000   0.000      0.000      0.000   0.000   0.0000  0.0000      0.000      0.000   1687.519   1729.368   1683.477   1751.231 N000229
  1516.184   1728.474  -9.237   1519.025   1776.149  -9.240   0.1836 -0.0260   1525.198   1741.940   1525.014   1741.966   1518.839   1776.189 N000230
  2963.080   1729.038  -9.973   2967.328   1671.856  -9.976   0.0800  0.0378   2972.137   1742.523   2972.057   1742.485   2967.249   1671.824 N000231
     0.000      0.000   0.000      0.000      0.000   0.000   0.0000  0.0000      0.000      0.000   2329.538   1743.977   2328.592   1718.577 N000232
  3703.633   1745.222  -8.936   3695.861   1638.084  -8.939   0.1327  0.1218   3712.711   1758.717   3712.579   1758.595   3695.730   1637.972 N000233
     0.000      0.000   0.000      0.000      0.000   0.000   0.0000  0.0000      0.000      0.000   2128.032   1778.674   2126.819   1767.809 N000234
  1931.130   1767.354 -10.544   1938.051   1783.826 -10.547   0.1297 -0.1462   1940.156   1780.826   1940.026   1780.972   1937.920   1783.982 N000235
     0.000      0.000   0.000      0.000      0.000   0.000   0.0000  0.0000      0.000      0.000   2257.535   1784.476   2256.540   1764.175 N000236
  1415.728   1773.262 -10.300   1416.671   1828.858 -10.303  -0.0371  0.0852   1424.738   1786.727   1424.775   1786.642   1416.709   1828.770 N000237
  1996.179   1773.844 -10.954   2003.457   1785.491 -10.958   0.1542 -0.1555   2005.207   1787.317   2005.053   1787.473   2003.301   1785.658 N000238
     0.000      0.000   0.000      0.000      0.000   0.000   0.0000  0.0000      0.000      0.000   1553.924   1791.512   1547.835   1823.713 N000239
  1533.015   1785.199 -10.458   1535.727   1831.809 -10.461   0.0154  0.1994   1542.030   1798.666   1542.014   1798.467   1535.713   1831.610 N000240
     0.000      0.000   0.000      0.000      0.000   0.000   0.0000  0.0000      0.000      0.000   1653.517   1799.735   1648.694   1824.357 N000241
     0.000      0.000   0.000      0.000      0.000   0.000   0.0000  0.0000      0.000      0.000   1967.027   1805.472   1964.987   1806.488 N000242
  1453.206   1795.019  -9.617   1454.616   1847.827  -9.620  -0.1873  0.0185   1462.217   1808.484   1462.404   1808.466   1454.806   1847.794 N000243
  1405.490   1799.290  -9.441   1406.065   1855.823  -9.445  -0.0104 -0.2098   1414.500   1812.755   1414.510   1812.965   1406.074   1856.033 N000244
     0.000      0.000   0.000      0.000      0.000   0.000   0.0000  0.0000      0.000      0.000   1187.503   1818.924   1174.535   1879.877 N000245
     0.000      0.000   0.000      0.000      0.000   0.000   0.0000  0.0000      0.000      0.000   2954.056   1819.985   2949.614   1750.096 N000246
     0.000      0.000   0.000      0.000      0.000   0.000   0.0000  0.0000      0.000      0.000   2048.529   1821.974   2046.873   1816.948 N000247
     0.000      0.000   0.000      0.000      0.000   0.000   0.0000  0.0000      0.000      0.000   1273.339   1822.463   1262.162   1876.647 N000248
     0.000      0.000   0.000      0.000      0.000   0.000   0.0000  0.0000      0.000      0.000    770.991   1825.010    746.688   1919.746 N000249
     0.000      0.000   0.000      0.000      0.000   0.000   0.0000  0.0000      0.000      0.000   2458.541   1826.479   2457.277   1791.611 N000250
     0.000      0.000   0.000      0.000      0.000   0.000   0.0000  0.0000      0.000      0.000   2098.030   1829.831   2096.563   1821.151 N000251
     0.000      0.000   0.000      0.000      0.000   0.000   0.0000  0.0000      0.000      0.000   1868.523   1830.471   1865.684   1838.896 N000252
  1274.952   1822.388  -9.728   1272.874   1889.294  -9.732  -0.0479 -0.1120   1283.958   1835.852   1284.006   1835.964   1272.922   1889.403 N000253
  1978.090   1822.228  -8.982   1985.083   1835.246  -8.986   0.0064  0.0609   1987.117   1835.700   1987.110   1835.640   1985.077   1835.186 N000254
  1193.003   1823.642 -11.784   1189.187   1897.049 -11.788   0.0026  0.1416   1202.006   1837.104   1202.004   1836.963   1189.186   1896.907 N000255
     0.000      0.000   0.000      0.000      0.000   0.000   0.0000  0.0000      0.000      0.000   2362.538   1836.887   2361.440   1808.908 N000256
  2768.583   1823.672  -9.066   2774.780   1779.536  -9.069   0.0830  0.1722   2777.633   1837.155   2777.550   1836.983   2774.698   1779.370 N000257
  2273.080   1825.366  -9.355   2281.037   1816.686  -9.358   0.0798 -0.1345   2282.115   1838.842   2282.036   1838.977   2280.957   1816.826 N000258
     0.000      0.000   0.000      0.000      0.000   0.000   0.0000  0.0000      0.000      0.000   1879.952   1839.471   1877.160   1847.054 N000259
     0.000      0.000   0.000      0.000      0.000   0.000   0.0000  0.0000      0.000      0.000   2817.551   1845.984   2814.406   1785.517 N000260
  2151.680   1833.799 -11.378   2159.408   1833.981 -11.381   0.1802 -0.2012   2160.712   1847.274   2160.532   1847.475   2159.227   1834.195 N000261
     0.000      0.000   0.000      0.000      0.000   0.000   0.0000  0.0000      0.000      0.000   1161.086   1850.545   1147.210   1913.866 N000262
     0.000      0.000   0.000      0.000      0.000   0.000   0.0000  0.0000      0.000      0.000   1475.012   1851.529   1467.301   1890.117 N000263
  3810.211   1846.879 -11.070   3800.820   1731.708 -11.073   0.0206 -0.1211   3819.292   1860.376   3819.271   1860.497   3800.801   1731.829 N000264
     0.000      0.000   0.000      0.000      0.000   0.000   0.0000  0.0000      0.000      0.000   1503.512   1861.467   1496.187   1897.898 N000265
  2993.089   1848.721 -11.033   2997.288   1788.751 -11.036   0.0893  0.1021   3002.146   1862.207   3002.057   1862.105   2997.200   1788.656 N000266
  1041.114   1852.369 -10.515   1033.383   1938.212 -10.518   0.1143 -0.1312   1050.113   1865.830   1049.999   1865.961   1033.264   1938.354 N000267
  1016.382   1855.396 -10.998   1007.969   1943.272 -11.001  -0.1178 -0.1036   1025.380   1868.857   1025.498   1868.960   1008.089   1943.367 N000268
  2242.429   1862.635 -11.336   2250.281   1856.169 -11.339  -0.0707  0.1349   2251.464   1876.111   2251.534   1875.976   2250.352   1856.029 N000269
  1761.477   1864.298 -10.828   1766.519   1893.745 -10.832  -0.0230 -0.1636   1770.497   1877.768   1770.520   1877.932   1766.541   1893.907 N000270
     0.000      0.000   0.000      0.000      0.000   0.000   0.0000  0.0000      0.000      0.000    281.476   1886.951    237.470   2024.032 N000271
  2148.667   1873.073 -14.203   2156.280   1873.495 -14.207   0.1672  0.0516   2157.699   1886.549   2157.531   1886.497   2156.112   1873.456 N000272
  1208.756   1876.767  -9.742   1204.771   1949.367  -9.745  -0.2081 -0.0904   1217.760   1890.230   1217.968   1890.320   1204.983   1949.442 N000273
  2280.437   1879.053  -9.241   2288.290   1869.811  -9.244  -0.0634  0.0531   2289.472   1892.530   2289.535   1892.477   2288.354   1869.753 N000274
  2585.663   1882.602 -13.213   2592.930   1851.294 -13.217   0.1627  0.1018   2594.707   1896.083   2594.544   1895.981   2592.768   1851.204 N000275
     0.000      0.000   0.000      0.000      0.000   0.000   0.0000  0.0000      0.000      0.000   1640.466   1900.519   1634.853   1926.560 N000276
     0.000      0.000   0.000      0.000      0.000   0.000   0.0000  0.0000      0.000      0.000   1379.544   1901.465   1369.760   1947.856 N000277
     0.000      0.000   0.000      0.000      0.000   0.000   0.0000  0.0000      0.000      0.000   2729.517   1903.983   2727.038   1849.546 N000278
     0.000      0.000   0.000      0.000      0.000   0.000   0.0000  0.0000      0.000      0.000   1080.499   1909.961   1064.067   1980.336 N000279
   953.255   1899.408  -9.647    942.617   1992.908  -9.650  -0.1731 -0.0922    962.251   1912.868    962.424   1912.960    942.794   1992.987 N000280
  1788.169   1903.189 -10.170   1793.265   1930.751 -10.173   0.1692  0.1894   1797.190   1916.660   1797.021   1916.471   1793.095   1930.574 N000281
     0.000      0.000   0.000      0.000      0.000   0.000   0.0000  0.0000      0.000      0.000   2485.541   1917.480   2484.118   1880.519 N000282
     0.000      0.000   0.000      0.000      0.000   0.000   0.0000  0.0000      0.000      0.000   1742.519   1920.970   1737.998   1939.262 N000283
     0.000      0.000   0.000      0.000      0.000   0.000   0.0000  0.0000      0.000      0.000   1290.405   1929.964   1278.595   1983.654 N000284
     0.000      0.000   0.000      0.000      0.000   0.000   0.0000  0.0000      0.000      0.000    974.496   1939.023    954.897   2018.366 N000285
     0.000      0.000   0.000      0.000      0.000   0.000   0.0000  0.0000      0.000      0.000    497.482   1941.954     -1.000     -1.000 N000286
     0.000      0.000   0.000      0.000      0.000   0.000   0.0000  0.0000      0.000      0.000   2671.046   1947.911   2668.899   1897.557 N000287
     0.000      0.000   0.000      0.000      0.000   0.000   0.0000  0.0000      0.000      0.000   2634.128   1950.482   2632.155   1902.775 N000288
  2719.913   1937.508 -10.197   2726.494   1896.488 -10.200  -0.0873  0.0083   2728.960   1950.991   2729.048   1950.983   2726.581   1896.473 N000289
  2285.217   1944.170  -9.084   2292.930   1934.612  -9.087  -0.0334  0.1070   2294.251   1957.647   2294.285   1957.540   2292.964   1934.502 N000290
     0.000      0.000   0.000      0.000      0.000   0.000   0.0000  0.0000      0.000      0.000   2461.040   1967.980   2459.605   1932.770 N000291
  2648.094   1954.950 -10.442   2655.050   1919.050 -10.446   0.0942 -0.0497   2657.140   1968.432   2657.045   1968.482   2654.956   1919.106 N000292
  3182.558   1956.470 -12.046   3184.785   1882.847 -12.049   0.0581 -0.0303   3191.619   1969.959   3191.561   1969.989   3184.728   1882.881 N000293
  1401.782   1961.678 -11.864   1400.955   2019.660 -11.868  -0.2185  0.1778   1410.790   1975.144   1411.009   1974.966   1401.179   2019.464 N000294
     0.000      0.000   0.000      0.000      0.000   0.000   0.0000  0.0000      0.000      0.000   3871.282   1974.998   3852.485   1841.888 N000295
     0.000      0.000   0.000      0.000      0.000   0.000   0.0000  0.0000      0.000      0.000    531.982   1976.955     -1.000     -1.000 N000296
     0.000      0.000   0.000      0.000      0.000   0.000   0.0000  0.0000      0.000      0.000   2113.029   1976.975   2111.125   1967.409 N000297
     0.000      0.000   0.000      0.000      0.000   0.000   0.0000  0.0000      0.000      0.000   1129.500   1979.462   1113.537   2046.612 N000298
  2446.967   1973.357 -10.298   2454.553   1951.999 -10.301  -0.0325 -0.1431   2456.007   1986.837   2456.039   1986.980   2454.585   1952.140 N000299
   583.390   1980.698 -10.118    563.777   2054.569 -10.122  -0.1096  0.1983    592.375   1994.154    592.484   1993.956    563.893   2054.358 N000300
     0.000      0.000   0.000      0.000      0.000   0.000   0.0000  0.0000      0.000      0.000   2883.852   1993.285   2880.316   1927.680 N000301
     0.000      0.000   0.000      0.000      0.000   0.000   0.0000  0.0000      0.000      0.000   2559.642   2012.481   2557.904   1970.120 N000302
     0.000      0.000   0.000      0.000      0.000   0.000   0.0000  0.0000      0.000      0.000   2829.550   2018.485   2826.453   1956.697 N000303
   167.945   2007.889 -13.362    130.322   2118.540 -13.365  -0.0553 -0.1112    176.916   2021.339    176.972   2021.450    130.378   2118.648 N000304
     0.000      0.000   0.000      0.000      0.000   0.000   0.0000  0.0000      0.000      0.000   1401.958   2024.966     -1.000     -1.000 N000305
  2010.356   2014.389 -10.974   2016.724   2025.532 -10.977  -0.1436 -0.1114   2019.382   2027.863   2019.526   2027.974   2016.868   2025.633 N000306
     0.000      0.000   0.000      0.000      0.000   0.000   0.0000  0.0000      0.000      0.000   3162.760   2034.889   3156.467   1949.545 N000307
  2461.886   2030.045  -9.072   2469.355   2007.652  -9.076  -0.1142  0.0449   2470.925   2043.525   2471.039   2043.480   2469.469   2007.599 N000308
     0.000      0.000   0.000      0.000      0.000   0.000   0.0000  0.0000      0.000      0.000   2384.037   2044.429   2382.545   2014.931 N000309
     0.000      0.000   0.000      0.000      0.000   0.000   0.0000  0.0000      0.000      0.000   3064.557   2059.488   3059.427   1980.969 N000310
     0.000      0.000   0.000      0.000      0.000   0.000   0.0000  0.0000      0.000      0.000   2166.530   2061.476     -1.000     -1.000 N000311
  2354.042   2056.208 -12.355   2361.530   2041.792 -12.358   0.0423  0.1451   2363.078   2069.687   2363.036   2069.541   2361.488   2041.650 N000312
  2557.668   2060.224  -9.287   2564.879   2030.879  -9.291   0.0961 -0.1332   2566.709   2073.706   2566.613   2073.839   2564.783   2031.019 N000313
  3119.584   2072.299 -11.559   3122.864   2002.707 -11.563   0.0838 -0.2011   3128.642   2085.788   3128.558   2085.989   3122.781   2002.913 N000314
     0.000      0.000   0.000      0.000      0.000   0.000   0.0000  0.0000      0.000      0.000   2536.541   2106.481     -1.000     -1.000 N000315
     0.000      0.000   0.000      0.000      0.000   0.000   0.0000  0.0000      0.000      0.000   1742.017   2108.471   1740.003   2075.585 N000316
  1604.711   2100.772  -9.415   1610.071   2091.459  -9.418   0.1001 -0.2282   1613.724   2114.241   1613.624   2114.469   1609.968   2091.697 N000317
  1967.766   2121.543 -11.299   1976.829   2084.135 -11.302  -0.2343  0.0429   1976.789   2135.017   1977.024   2134.974   1977.065   2084.074 N000318
  1368.377   2125.844 -10.528   1369.564   2135.689 -10.531  -0.1230 -0.1564   1377.383   2139.310   1377.506   2139.466   1369.688   2135.837 N000319
   811.419   2130.314 -11.922    798.051   2186.708 -11.925  -0.0808 -0.1861    820.409   2143.773    820.489   2143.959    798.132   2186.890 N000320
  1447.260   2139.012  -9.844   1449.839   2142.597  -9.847   0.1442  0.0122   1456.268   2152.480   1456.124   2152.468   1449.692   2142.596 N000321
     0.000      0.000   0.000      0.000      0.000   0.000   0.0000  0.0000      0.000      0.000   1951.023   2152.911   1950.809   2104.102 N000322
  2323.920   2141.160  -9.465   2334.431   2076.854  -9.469  -0.0805  0.1184   2332.954   2154.639   2333.034   2154.521   2334.512   2076.729 N000323
     0.000      0.000   0.000      0.000      0.000   0.000   0.0000  0.0000      0.000      0.000   1978.523   2167.474   1978.464   2116.633 N000324
  2225.320   2155.900 -11.229   2235.626   2099.047 -11.232  -0.1533 -0.1001   2234.351   2169.378   2234.505   2169.478   2235.779   2099.136 N000325
   509.019   2157.413 -11.728    484.222   2240.594 -11.732   0.0192 -0.0873    517.999   2170.868    517.980   2170.955    484.201   2240.685 N000326
  2086.291   2159.354 -10.324   2096.000   2113.071 -10.328  -0.2093 -0.1464   2095.318   2172.830   2095.527   2172.976   2096.210   2113.202 N000327
  2050.800   2164.474 -12.467   2060.290   2120.930 -12.471  -0.1759 -0.0258   2059.826   2177.950   2060.002   2177.976   2060.467   2120.943 N000328
  2163.614   2166.191 -11.969   2173.683   2114.052 -11.972   0.1140  0.1910   2172.643   2179.668   2172.529   2179.477   2173.569   2113.869 N000329
  1638.292   2175.077 -11.233   1643.670   2163.703 -11.236  -0.2076  0.0766   1647.306   2188.547   1647.513   2188.470   1643.881   2163.609 N000330
  1728.524   2174.990 -10.615   1735.064   2156.493 -10.618   0.0240 -0.0097   1737.540   2188.462   1737.516   2188.471   1735.040   2156.505 N000331
     0.000      0.000   0.000      0.000      0.000   0.000   0.0000  0.0000      0.000      0.000   2458.037   2192.481   2459.458   2105.456 N000332
  2248.174   2181.988  -9.579   2258.497   2123.507  -9.582   0.1744 -0.0116   2257.206   2195.467   2257.031   2195.478   2258.323   2123.532 N000333
  1763.272   2185.177 -11.293   1770.158   2164.030 -11.297  -0.2015  0.1504   1772.289   2198.649   1772.491   2198.498   1770.363   2163.863 N000334
  2502.617   2190.831  -9.855   2512.990   2113.329  -9.858   0.1171 -0.1693   2511.656   2204.312   2511.539   2204.482   2512.873   2113.507 N000335
     0.000      0.000   0.000      0.000      0.000   0.000   0.0000  0.0000      0.000      0.000   1458.008   2205.468   1451.214   2195.975 N000336
  1330.126   2198.737  -9.787   1329.935   2212.496  -9.790   0.1259  0.1706   1339.130   2212.204   1339.004   2212.033   1329.808   2212.334 N000337
     0.000      0.000   0.000      0.000      0.000   0.000   0.0000  0.0000      0.000      0.000   1187.000   2213.964   1174.337   2226.865 N000338
     0.000      0.000   0.000      0.000      0.000   0.000   0.0000  0.0000      0.000      0.000   3162.058   2213.990   3159.068   2075.804 N000339
     0.000      0.000   0.000      0.000      0.000   0.000   0.0000  0.0000      0.000      0.000   3580.070   2213.995     -1.000     -1.000 N000340
  1108.111   2206.038 -11.763   1102.634   2238.323 -11.766   0.1109  0.0382   1117.108   2219.502   1116.997   2219.464   1102.521   2238.294 N000341
  1236.242   2216.755 -11.126   1233.807   2238.487 -11.129   0.0038 -0.0780   1245.243   2230.220   1245.239   2230.298   1233.802   2238.566 N000342
  2552.373   2220.837 -11.183   2562.647   2139.708 -11.186  -0.1270 -0.1633   2561.413   2234.319   2561.540   2234.482   2562.774   2139.862 N000343
     0.000      0.000   0.000      0.000      0.000   0.000   0.0000  0.0000      0.000      0.000   1508.097   2250.469   1501.852   2237.397 N000344
     0.000      0.000   0.000      0.000      0.000   0.000   0.0000  0.0000      0.000      0.000   3043.054   2254.527   3041.493   2124.764 N000345
     0.000      0.000   0.000      0.000      0.000   0.000   0.0000  0.0000      0.000      0.000   2159.028   2261.977   2159.792   2197.823 N000346
     0.000      0.000   0.000      0.000      0.000   0.000   0.0000  0.0000      0.000      0.000    446.477   2264.955    408.370   2342.842 N000347
     0.000      0.000   0.000      0.000      0.000   0.000   0.0000  0.0000      0.000      0.000   3190.308   2271.491   3187.256   2131.170 N000348
  1379.188   2258.421 -10.445   1379.503   2268.866 -10.448   0.1879 -0.0786   1388.193   2271.889   1388.005   2271.967   1379.311   2268.961 N000349
  1305.784   2261.586 -12.376   1304.511   2278.133 -12.379  -0.2162  0.0864   1314.787   2275.053   1315.003   2274.966   1304.733   2278.028 N000350
  2148.690   2272.377 -10.276   2158.407   2221.947 -10.279   0.1901 -0.1231   2157.718   2285.854   2157.528   2285.977   2158.217   2222.086 N000351
  2591.360   2274.407 -11.146   2601.559   2190.521 -11.149  -0.1398 -0.0932   2600.401   2287.890   2600.541   2287.983   2601.699   2190.604 N000352
  1352.295   2277.181 -11.192   1351.883   2290.083 -11.195  -0.2046  0.1567   1361.299   2290.648   1361.504   2290.491   1352.093   2289.907 N000353
     0.000      0.000   0.000      0.000      0.000   0.000   0.0000  0.0000      0.000      0.000   3239.060   2290.991   3235.526   2147.166 N000354
  2303.242   2278.368  -9.569   2313.510   2216.151  -9.573  -0.2160 -0.1318   2312.274   2291.848   2312.490   2291.979   2313.726   2216.267 N000355
     0.000      0.000   0.000      0.000      0.000   0.000   0.0000  0.0000      0.000      0.000   2752.545   2292.985   2753.165   2184.379 N000356
     0.000      0.000   0.000      0.000      0.000   0.000   0.0000  0.0000      0.000      0.000    994.493   2295.962    975.792   2326.329 N000357
   389.745   2287.757 -10.510    357.989   2384.153 -10.514  -0.0329 -0.0486    398.720   2301.212    398.753   2301.260    358.023   2384.199 N000358
  1739.318   2287.887  -9.427   1745.352   2269.539  -9.430  -0.1819 -0.1628   1748.333   2301.359   1748.515   2301.522   1745.535   2269.689 N000359
  1240.065   2292.700  -9.196   1237.000   2315.142  -9.200   0.0651  0.1281   1249.066   2306.165   1249.001   2306.037   1236.935   2315.017 N000360
  2658.183   2295.481 -11.017   2668.202   2206.698 -11.020   0.1548 -0.0193   2667.225   2308.965   2667.070   2308.984   2668.047   2206.728 N000361
  1725.974   2301.017  -9.480   1731.757   2283.862  -9.483  -0.0258  0.0167   1734.989   2314.489   1735.015   2314.472   1731.783   2283.843 N000362
     0.000      0.000   0.000      0.000      0.000   0.000   0.0000  0.0000      0.000      0.000   1260.385   2317.466   1248.478   2325.657 N000363
     0.000      0.000   0.000      0.000      0.000   0.000   0.0000  0.0000      0.000      0.000   1725.015   2317.305   1721.634   2287.503 N000364
     0.000      0.000   0.000      0.000      0.000   0.000   0.0000  0.0000      0.000      0.000   1995.773   2319.975   1995.257   2268.855 N000365
     0.000      0.000   0.000      0.000      0.000   0.000   0.0000  0.0000      0.000      0.000   3446.565   2321.994   3440.377   2163.454 N000366
     0.000      0.000   0.000      0.000      0.000   0.000   0.0000  0.0000      0.000      0.000   1406.005   2322.468   1397.240   2318.628 N000367
     0.000      0.000   0.000      0.000      0.000   0.000   0.0000  0.0000      0.000      0.000    573.480   2323.057    539.768   2390.781 N000368
     0.000      0.000   0.000      0.000      0.000   0.000   0.0000  0.0000      0.000      0.000    608.981   2323.100    576.682   2387.660 N000369
   925.657   2309.745  -8.572    913.806   2359.183  -8.576   0.1569  0.0454    934.648   2323.207    934.491   2323.162    913.645   2359.150 N000370
  2253.293   2312.543 -10.949   2263.347   2254.332 -10.953  -0.2066  0.0428   2262.324   2326.022   2262.530   2325.979   2263.554   2254.273 N000371
  2705.025   2314.505  -9.254   2714.890   2222.306  -9.257   0.0251  0.0054   2714.069   2327.990   2714.044   2327.985   2714.865   2222.302 N000372
     0.000      0.000   0.000      0.000      0.000   0.000   0.0000  0.0000      0.000      0.000   1679.058   2329.381   1674.964   2303.387 N000373
     0.000      0.000   0.000      0.000      0.000   0.000   0.0000  0.0000      0.000      0.000   1197.034   2337.965   1183.387   2351.781 N000374
     0.000      0.000   0.000      0.000      0.000   0.000   0.0000  0.0000      0.000      0.000   2437.964   2339.410   2439.278   2254.418 N000375
     0.000      0.000   0.000      0.000      0.000   0.000   0.0000  0.0000      0.000      0.000   2114.026   2340.977   2114.282   2280.827 N000376
  1675.714   2333.874  -9.456   1680.592   2321.095  -9.459  -0.1858 -0.1263   1684.727   2347.345   1684.913   2347.472   1680.778   2321.208 N000377
  2144.100   2336.118 -11.534   2153.589   2286.478 -11.537   0.1001  0.1176   2153.127   2349.595   2153.027   2349.478   2153.488   2286.367 N000378
     0.000      0.000   0.000      0.000      0.000   0.000   0.0000  0.0000      0.000      0.000    568.980   2356.926    534.582   2425.760 N000379
     0.000      0.000   0.000      0.000      0.000   0.000   0.0000  0.0000      0.000      0.000   1106.525   2360.964   1090.263   2382.821 N000380
  1461.710   2349.551  -9.383   1462.883   2354.385  -9.386   0.0014  0.0924   1470.716   2363.020   1470.715   2362.927   1462.882   2354.291 N000381
  1657.238   2364.592 -10.957   1661.633   2353.660 -10.961  -0.2069  0.0925   1666.250   2378.064   1666.457   2377.971   1661.844   2353.550 N000382
     0.000      0.000   0.000      0.000      0.000   0.000   0.0000  0.0000      0.000      0.000   2454.035   2380.294   2455.308   2294.303 N000383
     0.000      0.000   0.000      0.000      0.000   0.000   0.0000  0.0000      0.000      0.000   2515.537   2380.483   2516.804   2289.838 N000384
  2015.923   2372.598 -11.782   2024.382   2333.238 -11.786  -0.0768  0.0976   2024.946   2386.074   2025.023   2385.976   2024.460   2333.134 N000385
     0.000      0.000   0.000      0.000      0.000   0.000   0.0000  0.0000      0.000      0.000   1276.451   2387.416   1264.228   2395.307 N000386
  2680.495   2373.984  -9.604   2690.496   2283.810  -9.607  -0.0048 -0.0156   2689.538   2387.469   2689.542   2387.485   2690.501   2283.826 N000387
   346.766   2387.075 -10.045    311.447   2489.657 -10.048  -0.2345  0.0755    355.739   2400.530    355.973   2400.455    311.694   2489.558 N000388
     0.000      0.000   0.000      0.000      0.000   0.000   0.0000  0.0000      0.000      0.000   2081.337   2400.477   2081.149   2343.355 N000389
  1688.182   2392.496 -10.430   1692.833   2379.401 -10.433   0.1816 -0.0038   1697.194   2405.968   1697.013   2405.972   1692.649   2379.419 N000390
  1180.134   2393.394  -9.635   1174.558   2422.444  -9.639   0.1049 -0.0472   1189.132   2406.859   1189.027   2406.907   1174.450   2422.501 N000391
     0.000      0.000   0.000      0.000      0.000   0.000   0.0000  0.0000      0.000      0.000    680.483   2407.959    649.703   2467.907 N000392
   386.758   2407.858 -10.586    352.911   2507.285 -10.589  -0.1792 -0.1425    395.732   2421.313    395.912   2421.455    353.096   2507.415 N000393
     0.000      0.000   0.000      0.000      0.000   0.000   0.0000  0.0000      0.000      0.000   1644.511   2431.971   1639.160   2410.013 N000394
  2762.382   2426.371  -8.943   2772.135   2330.312  -8.946  -0.1183 -0.1295   2771.426   2439.857   2771.544   2439.986   2772.252   2330.433 N000395
     0.000      0.000   0.000      0.000      0.000   0.000   0.0000  0.0000      0.000      0.000   1733.514   2442.973   1729.417   2413.928 N000396
  1602.260   2433.142 -10.202   1605.265   2427.569 -10.205  -0.1773  0.1424   1611.270   2446.614   1611.447   2446.471   1605.446   2427.411 N000397
     0.000      0.000   0.000      0.000      0.000   0.000   0.0000  0.0000      0.000      0.000   1681.041   2447.972   1676.140   2423.249 N000398
     0.000      0.000   0.000      0.000      0.000   0.000   0.0000  0.0000      0.000      0.000   1321.001   2448.467   1309.205   2453.580 N000399
  2477.039   2440.506  -9.184   2487.274   2366.017  -9.187   0.1303  0.0971   2486.075   2453.989   2485.945   2453.892   2487.144   2365.929 N000400
     0.000      0.000   0.000      0.000      0.000   0.000   0.0000  0.0000      0.000      0.000   1987.021   2456.976   1985.801   2407.818 N000401
  2961.051   2447.462 -12.628   2969.755   2336.735 -12.631   0.0506 -0.0382   2970.101   2460.951   2970.050   2460.989   2969.705   2336.777 N000402
     0.000      0.000   0.000      0.000      0.000   0.000   0.0000  0.0000      0.000      0.000   3891.577   2466.057   3878.674   2276.238 N000403
  2506.396   2455.275 -11.095   2516.620   2378.651 -11.098  -0.1036 -0.1976   2515.433   2468.758   2515.536   2468.955   2516.723   2378.842 N000404
   462.622   2457.270 -11.008    431.317   2550.969 -11.012   0.1219 -0.2301    471.598   2470.726    471.476   2470.956    431.186   2551.216 N000405
  1639.203   2459.237 -12.781   1642.607   2451.003 -12.784   0.2030  0.0781   1648.214   2472.709   1648.011   2472.631   1642.401   2450.940 N000406
  1392.967   2475.155  -9.892   1391.581   2487.583  -9.895  -0.0326  0.1549   1401.971   2488.624   1402.003   2488.469   1391.616   2487.423 N000407
     0.000      0.000   0.000      0.000      0.000   0.000   0.0000  0.0000      0.000      0.000   2285.229   2491.080   2285.877   2418.856 N000408
  1824.578   2490.522  -9.850   1830.417   2467.647  -9.853   0.0776  0.0215   1833.594   2503.996   1833.516   2503.974   1830.338   2467.632 N000409
     0.000      0.000   0.000      0.000      0.000   0.000   0.0000  0.0000      0.000      0.000   2507.336   2503.883   2508.477   2414.648 N000410
  2378.319   2491.887  -9.424   2388.301   2425.359  -9.427  -0.1529 -0.1131   2387.352   2505.368   2387.504   2505.482   2388.454   2425.461 N000411
  1743.799   2492.312 -11.143   1748.541   2476.004 -11.146  -0.2010 -0.1876   1752.812   2505.786   1753.014   2505.973   1748.743   2476.178 N000412
     0.000      0.000   0.000      0.000      0.000   0.000   0.0000  0.0000      0.000      0.000    713.983   2509.460    682.976   2568.652 N000413
  2264.148   2497.425  -9.081   2273.711   2439.800  -9.084   0.1484 -0.0753   2273.177   2510.905   2273.029   2510.980   2273.562   2439.888 N000414
     0.000      0.000   0.000      0.000      0.000   0.000   0.0000  0.0000      0.000      0.000   2129.986   2514.440   2129.669   2454.595 N000415
  3015.489   2502.643  -9.985   3023.938   2388.100  -9.988  -0.0110  0.1427   3024.540   2516.133   3024.551   2515.990   3023.949   2387.956 N000416
     0.000      0.000   0.000      0.000      0.000   0.000   0.0000  0.0000      0.000      0.000   1326.442   2518.468   1314.052   2524.308 N000417
  4082.451   2514.129  -9.014   4074.981   2323.997  -9.017  -0.0494  0.1293   4091.533   2527.633   4091.583   2527.504   4075.028   2323.865 N000418
  2289.257   2514.259  -9.103   2298.870   2454.838  -9.106   0.1658  0.1685   2298.286   2527.740   2298.120   2527.571   2298.704   2454.681 N000419
  2656.178   2516.515  -9.058   2666.262   2428.946  -9.061   0.1784  0.0152   2665.219   2530.000   2665.040   2529.985   2666.084   2428.944 N000420
     0.000      0.000   0.000      0.000      0.000   0.000   0.0000  0.0000      0.000      0.000   2007.521   2530.510   2006.116   2480.547 N000421
     0.000      0.000   0.000      0.000      0.000   0.000   0.0000  0.0000      0.000      0.000   2276.529   2540.980   2276.978   2469.905 N000422
  2220.457   2527.947  -9.779   2229.686   2474.040  -9.782  -0.0432 -0.0534   2229.484   2541.426   2229.527   2541.480   2229.729   2474.090 N000423
     0.000      0.000   0.000      0.000      0.000   0.000   0.0000  0.0000      0.000      0.000   2189.970   2542.423   2189.938   2478.152 N000424
  2573.190   2533.843  -8.680   2583.336   2452.710  -8.683   0.0229 -0.1574   2582.227   2547.327   2582.204   2547.484   2583.313   2452.871 N000425
     0.000      0.000   0.000      0.000      0.000   0.000   0.0000  0.0000      0.000      0.000   2802.544   2547.487   2803.221   2436.172 N000426
     0.000      0.000   0.000      0.000      0.000   0.000   0.0000  0.0000      0.000      0.000   3097.553   2550.991   3096.475   2417.714 N000427
   473.226   2547.874  -9.542    440.855   2642.899  -9.546   0.1872 -0.1263    482.201   2561.331    482.014   2561.457    440.658   2643.046 N000428
     0.000      0.000   0.000      0.000      0.000   0.000   0.0000  0.0000      0.000      0.000    801.485   2581.561    772.653   2634.561 N000429
  1399.561   2568.793 -11.570   1397.378   2582.287 -11.574   0.0612 -0.2075   1408.564   2582.262   1408.503   2582.469   1397.313   2582.503 N000430
   802.129   2569.531  -9.837    782.610   2635.160  -9.840   0.1293  0.0307    811.114   2582.992    810.985   2582.961    782.477   2635.140 N000431
     0.000      0.000   0.000      0.000      0.000   0.000   0.0000  0.0000      0.000      0.000   1495.455   2584.970   1486.076   2577.713 N000432
  2637.148   2573.942 -12.982   2647.228   2488.250 -12.985   0.1483 -0.0581   2646.188   2587.427   2646.039   2587.485   2647.079   2488.320 N000433
  1166.313   2576.538 -10.156   1158.261   2610.170 -10.159  -0.1608  0.0384   1175.308   2590.005   1175.469   2589.966   1158.427   2610.117 N000434
     0.000      0.000   0.000      0.000      0.000   0.000   0.0000  0.0000      0.000      0.000   2106.023   2596.478   2105.142   2539.476 N000435
  2321.003   2583.449  -9.292   2330.541   2522.254  -9.295   0.0027 -0.0511   2330.032   2596.930   2330.030   2596.981   2330.538   2522.306 N000436
   944.257   2589.318 -10.693    929.344   2642.715 -10.696  -0.2426 -0.1824    953.246   2602.781    953.489   2602.963    929.591   2642.880 N000437
  1718.717   2590.814 -11.045   1722.330   2578.018 -11.048   0.1116 -0.1861   1727.729   2604.287   1727.617   2604.473   1722.215   2578.216 N000438
     0.000      0.000   0.000      0.000      0.000   0.000   0.0000  0.0000      0.000      0.000   2513.535   2609.484   2514.521   2520.685 N000439
  1263.896   2597.866  -9.841   1258.180   2623.494  -9.845  -0.1041 -0.1336   1272.894   2611.334   1272.998   2611.468   1258.285   2623.621 N000440
     0.000      0.000   0.000      0.000      0.000   0.000   0.0000  0.0000      0.000      0.000   2168.625   2612.879   2168.146   2551.104 N000441
     0.000      0.000   0.000      0.000      0.000   0.000   0.0000  0.0000      0.000      0.000   1711.011   2619.473   1705.222   2594.830 N000442
  1108.349   2608.278 -10.200   1098.261   2647.628 -10.203  -0.1506 -0.1690   1117.343   2621.744   1117.494   2621.913   1098.414   2647.787 N000443
     0.000      0.000   0.000      0.000      0.000   0.000   0.0000  0.0000      0.000      0.000   2863.490   2633.488   2863.993   2518.152 N000444
     0.000      0.000   0.000      0.000      0.000   0.000   0.0000  0.0000      0.000      0.000    681.181   2634.960    646.948   2700.176 N000445
  2571.427   2621.389  -8.546   2581.473   2541.159  -8.549  -0.1728 -0.0106   2580.464   2634.874   2580.637   2634.885   2581.646   2541.156 N000446
  1419.965   2627.620 -12.297   1417.619   2640.482 -12.300  -0.0349  0.1196   1428.968   2641.089   1429.003   2640.970   1417.656   2640.357 N000447
     0.000      0.000   0.000      0.000      0.000   0.000   0.0000  0.0000      0.000      0.000   2578.537   2641.985   2579.535   2548.488 N000448
   273.850   2638.539 -10.107    230.443   2754.761 -10.110  -0.1500  0.0387    282.819   2651.994    282.969   2651.955    230.601   2754.707 N000449
  1262.799   2645.516 -11.725   1256.500   2672.212 -11.728  -0.2014  0.0161   1271.796   2658.984   1271.998   2658.968   1256.707   2672.178 N000450
    92.129   2649.610 -10.052     38.956   2783.588 -10.055   0.1291  0.1103    101.092   2663.063    100.963   2662.953     38.822   2783.486 N000451
  3528.472   2658.203 -10.480   3532.079   2506.827 -10.483  -0.0281  0.0361   3537.537   2671.700   3537.565   2671.664   3532.107   2506.789 N000452
     0.000      0.000   0.000      0.000      0.000   0.000   0.0000  0.0000      0.000      0.000   2967.520   2674.462   2967.584   2551.578 N000453
     0.000      0.000   0.000      0.000      0.000   0.000   0.0000  0.0000      0.000      0.000   3758.538   2674.067   3749.696   2493.472 N000454
  2453.808   2663.059 -11.123   2463.589   2592.385 -11.127  -0.1701  0.0591   2462.841   2676.542   2463.011   2676.483   2463.760   2592.312 N000455
     0.000      0.000   0.000      0.000      0.000   0.000   0.0000  0.0000      0.000      0.000   2248.627   2677.481   2248.412   2610.178 N000456
  1359.581   2664.496  -9.545   1355.456   2683.245  -9.548   0.0808 -0.0039   1368.581   2677.965   1368.500   2677.969   1355.373   2683.256 N000457
     0.000      0.000   0.000      0.000      0.000   0.000   0.0000  0.0000      0.000      0.000   2768.042   2683.487   2768.861   2575.819 N000458
  3616.240   2669.676  -9.413   3618.650   2512.056  -9.416  -0.1661  0.0820   3625.307   2683.174   3625.474   2683.092   3618.813   2511.962 N000459
  1419.125   2684.468  -8.909   1416.157   2698.523  -8.912   0.2921  0.0509   1428.128   2697.938   1427.835   2697.887   1415.859   2698.496 N000460
  2685.548   2684.482 -13.438   2695.508   2596.078 -13.441   0.0481 -0.0183   2694.588   2697.968   2694.540   2697.987   2695.460   2596.100 N000461
     0.000      0.000   0.000      0.000      0.000   0.000   0.0000  0.0000      0.000      0.000   3190.554   2699.893   3189.125   2560.502 N000462
     0.000      0.000   0.000      0.000      0.000   0.000   0.0000  0.0000      0.000      0.000   2947.547   2701.390   2947.745   2580.220 N000463
     0.000      0.000   0.000      0.000      0.000   0.000   0.0000  0.0000      0.000      0.000   1589.473   2706.972   1580.770   2694.038 N000464
  1944.829   2699.797 -11.398   1950.757   2670.218 -11.401  -0.1713 -0.2030   1953.846   2713.274   1954.017   2713.477   1950.929   2670.411 N000465
  3009.154   2715.859  -8.578   3018.073   2603.070  -8.581   0.1536 -0.1405   3018.202   2729.350   3018.049   2729.491   3017.920   2603.223 N000466
     0.000      0.000   0.000      0.000      0.000   0.000   0.0000  0.0000      0.000      0.000    311.469   2730.956    258.959   2833.432 N000467
  2035.954   2723.329 -11.310   2042.751   2686.709 -11.313  -0.0456 -0.1712   2044.974   2736.807   2045.020   2736.978   2042.796   2686.879 N000468
     0.000      0.000   0.000      0.000      0.000   0.000   0.0000  0.0000      0.000      0.000   2770.229   2743.425   2771.027   2636.165 N000469
     0.000      0.000   0.000      0.000      0.000   0.000   0.0000  0.0000      0.000      0.000    492.628   2743.958    448.494   2829.675 N000470
     0.000      0.000   0.000      0.000      0.000   0.000   0.0000  0.0000      0.000      0.000   1782.012   2747.563   1776.287   2719.274 N000471
   940.066   2751.315  -9.559    922.659   2809.023  -9.563   1.1659  0.3649    949.053   2764.779    947.887   2764.414    921.459   2808.754 N000472
     0.000      0.000   0.000      0.000      0.000   0.000   0.0000  0.0000      0.000      0.000   1742.511   2764.975   1736.004   2740.308 N000473
     0.000      0.000   0.000      0.000      0.000   0.000   0.0000  0.0000      0.000      0.000   1632.007   2765.473   1623.542   2750.098 N000474
  2483.852   2764.614  -9.415   2493.461   2692.830  -9.419  -0.1478  0.1138   2492.885   2778.098   2493.033   2777.984   2493.610   2692.703 N000475
     0.000      0.000   0.000      0.000      0.000   0.000   0.0000  0.0000      0.000      0.000   2047.520   2782.479   2045.040   2732.926 N000476
   807.387   2769.294  -9.022    784.961   2839.534  -9.026  -0.1131  0.0794    816.370   2782.756    816.483   2782.677    785.080   2839.442 N000477
     0.000      0.000   0.000      0.000      0.000   0.000   0.0000  0.0000      0.000      0.000   1172.351   2789.824   1152.662   2814.737 N000478
  3340.724   2779.718 -11.264   3347.144   2642.653 -11.268  -0.0651  0.0599   3349.782   2793.213   3349.848   2793.153   3347.208   2642.588 N000479
  2465.692   2784.462  -8.804   2475.192   2714.373  -8.808  -0.0582 -0.0379   2474.724   2797.946   2474.782   2797.984   2475.250   2714.407 N000480
     0.000      0.000   0.000      0.000      0.000   0.000   0.0000  0.0000      0.000      0.000   2240.525   2805.981   2239.676   2741.183 N000481
  1085.697   2793.187  -9.270   1072.424   2838.898  -9.274   0.1199  0.1868   1094.688   2806.653   1094.568   2806.466   1072.303   2838.717 N000482
  2761.259   2793.089  -8.964   2771.064   2699.991  -8.968  -0.2412  0.0886   2770.300   2806.577   2770.541   2806.488   2771.305   2699.883 N000483
  2000.910   2795.826  -9.357   2006.854   2763.295  -9.360  -0.0895 -0.1735   2009.929   2809.305   2010.018   2809.478   2006.944   2763.464 N000484
  1779.043   2796.832 -11.886   1781.898   2782.709 -11.889   0.0427 -0.1680   1788.054   2810.307   1788.012   2810.475   1781.853   2782.884 N000485
     0.000      0.000   0.000      0.000      0.000   0.000   0.0000  0.0000      0.000      0.000   1926.516   2814.477   1922.355   2775.437 N000486
  3779.162   2803.127 -12.464   3779.868   2634.445 -12.467   0.1616  0.1273   3788.232   2816.629   3788.071   2816.501   3779.708   2634.328 N000487
     0.000      0.000   0.000      0.000      0.000   0.000   0.0000  0.0000      0.000      0.000   2465.332   2816.984   2465.709   2734.415 N000488
  2687.613   2812.847  -9.874   2697.438   2725.708  -9.877   0.1127 -0.1530   2696.651   2826.334   2696.538   2826.487   2697.325   2725.872 N000489
     0.000      0.000   0.000      0.000      0.000   0.000   0.0000  0.0000      0.000      0.000   2586.598   2830.486   2587.275   2738.527 N000490
     0.000      0.000   0.000      0.000      0.000   0.000   0.0000  0.0000      0.000      0.000   2321.063   2842.554   2320.612   2771.861 N000491
     0.000      0.000   0.000      0.000      0.000   0.000   0.0000  0.0000      0.000      0.000   1959.058   2846.894   1955.081   2805.768 N000492
  2102.217   2841.149 -10.370   2108.976   2801.127 -10.374   0.0500  0.1489   2111.238   2854.629   2111.188   2854.480   2108.926   2800.980 N000493
     0.000      0.000   0.000      0.000      0.000   0.000   0.0000  0.0000      0.000      0.000   2473.531   2855.984   2473.824   2773.322 N000494
  1089.185   2844.307  -9.238   1075.292   2891.038  -9.241   0.1850 -0.1026   1098.176   2857.773   1097.991   2857.876   1075.100   2891.160 N000495
   742.196   2848.757  -8.978    715.918   2927.293  -8.981   0.1959  0.0423    751.176   2862.219    750.980   2862.176    715.715   2927.268 N000496
  2503.924   2851.213 -13.094   2513.361   2779.030 -13.097  -0.0760  0.1483   2512.957   2864.698   2513.033   2864.550   2513.438   2778.874 N000497
     0.000      0.000   0.000      0.000      0.000   0.000   0.0000  0.0000      0.000      0.000    764.981   2878.462    729.982   2942.742 N000498
     0.000      0.000   0.000      0.000      0.000   0.000   0.0000  0.0000      0.000      0.000   1261.995   2885.469   1243.596   2904.833 N000499
     0.000      0.000   0.000      0.000      0.000   0.000   0.0000  0.0000      0.000      0.000   1226.019   2892.468   1206.502   2915.212 N000500
  1954.556   2883.897  -8.920   1959.275   2856.850  -8.923   0.0555 -0.1031   1963.572   2897.375   1963.516   2897.478   1959.218   2856.959 N000501
  1918.783   2889.714 -11.490   1922.968   2865.764 -11.493  -0.2172  0.2138   1927.798   2903.191   1928.015   2902.978   1923.190   2865.528 N000502
  1765.524   2893.350  -9.163   1767.296   2882.343  -9.166   0.0245 -0.1500   1774.535   2906.826   1774.510   2906.976   1767.270   2882.498 N000503
   519.846   2893.869 -11.094    483.229   2994.759 -11.097  -0.1543 -0.1309    528.819   2907.329    528.973   2907.459    483.388   2994.880 N000504
     0.000      0.000   0.000      0.000      0.000   0.000   0.0000  0.0000      0.000      0.000   1552.458   2910.973   1540.919   2905.542 N000505
     0.000      0.000   0.000      0.000      0.000   0.000   0.0000  0.0000      0.000      0.000   2496.476   2920.929   2496.657   2837.419 N000506
  1044.488   2911.027 -10.776   1028.165   2963.629 -10.779  -0.0125  0.0265   1053.476   2924.493   1053.489   2924.466   1028.178   2963.600 N000507
  1142.281   2912.305 -11.519   1129.068   2956.100 -11.522  -0.2186 -0.1954   1151.273   2925.772   1151.492   2925.968   1129.291   2956.281 N000508
     0.000      0.000   0.000      0.000      0.000   0.000   0.0000  0.0000      0.000      0.000   2052.018   2937.979   2048.551   2890.917 N000509
  2538.741   2927.002  -9.435   2548.085   2853.187  -9.438   0.0870  0.0407   2547.774   2940.488   2547.687   2940.447   2547.998   2853.152 N000510
  2792.187   2931.203 -10.360   2801.858   2837.434 -10.364   0.1872 -0.0077   2801.228   2944.692   2801.040   2944.700   2801.671   2837.456 N000511
   719.739   2933.916 -10.368    691.039   3017.190 -10.372   0.1637 -0.0841    728.718   2947.378    728.554   2947.462    690.867   3017.292 N000512
     0.000      0.000   0.000      0.000      0.000   0.000   0.0000  0.0000      0.000      0.000   1650.006   2953.974   1640.018   2941.157 N000513
  1407.300   2948.134 -10.349   1401.010   2969.283 -10.353  -0.2001  0.1337   1416.299   2961.605   1416.499   2961.471   1401.217   2969.128 N000514
     0.000      0.000   0.000      0.000      0.000   0.000   0.0000  0.0000      0.000      0.000   1836.345   2961.727   1829.633   2933.217 N000515
     0.000      0.000   0.000      0.000      0.000   0.000   0.0000  0.0000      0.000      0.000   2162.521   2961.981   2160.126   2906.264 N000516
  2315.710   2949.816 -11.209   2323.766   2894.342 -11.212   0.1619 -0.1838   2324.736   2963.299   2324.574   2963.483   2323.602   2894.542 N000517
     0.000      0.000   0.000      0.000      0.000   0.000   0.0000  0.0000      0.000      0.000   1667.507   2968.002   1657.721   2954.013 N000518
  2884.585   2957.977 -10.803   2894.119   2857.364 -10.806   0.0849 -0.0232   2893.628   2971.467   2893.543   2971.491   2894.034   2857.394 N000519
     0.000      0.000   0.000      0.000      0.000   0.000   0.0000  0.0000      0.000      0.000   1737.508   3001.976   1728.708   2982.790 N000520
     0.000      0.000   0.000      0.000      0.000   0.000   0.0000  0.0000      0.000      0.000   3804.569   3005.503   3797.133   2823.449 N000521
  2429.673   3029.728  -9.462   2438.146   2966.437  -9.465   0.1725 -0.0844   2438.701   3043.213   2438.529   3043.297   2437.972   2966.537 N000522
  1490.584   3031.065 -10.209   1485.312   3047.055 -10.213   0.0844  0.0372   1499.585   3044.538   1499.501   3044.501   1485.226   3047.024 N000523
   770.983   3032.514 -12.340    742.564   3114.200 -12.343  -0.0171  0.0138    779.962   3045.977    779.980   3045.963    742.582   3114.184 N000524
   607.061   3036.024 -10.467    571.600   3133.425 -10.470   0.0608  0.0242    616.035   3049.486    615.975   3049.461    571.537   3133.406 N000525
  3828.459   3039.813 -11.807   3829.891   2869.322 -11.810  -0.0412 -0.1873   3837.529   3053.316   3837.570   3053.503   3829.932   2869.508 N000526
  2170.585   3050.417 -11.643   2176.748   3008.829 -11.647   0.0847 -0.0831   2179.605   3063.899   2179.521   3063.982   2176.662   3008.921 N000527
  3529.328   3055.683 -10.627   3534.756   2907.250 -10.630  -0.1720  0.0880   3538.389   3069.183   3538.561   3069.095   3534.926   2907.148 N000528
     0.000      0.000   0.000      0.000      0.000   0.000   0.0000  0.0000      0.000      0.000   3448.558   3085.998   3445.920   2930.962 N000529
     0.000      0.000   0.000      0.000      0.000   0.000   0.0000  0.0000      0.000      0.000    257.714   3091.564    194.585   3212.197 N000530
  1858.299   3083.834 -11.004   1859.881   3069.329 -11.007  -0.2007 -0.1324   1867.311   3097.312   1867.511   3097.444   1860.084   3069.447 N000531
     0.000      0.000   0.000      0.000      0.000   0.000   0.0000  0.0000      0.000      0.000   3342.355   3105.897   3340.719   2959.104 N000532
     0.000      0.000   0.000      0.000      0.000   0.000   0.0000  0.0000      0.000      0.000   1755.008   3123.477   1745.301   3105.808 N000533
     0.000      0.000   0.000      0.000      0.000   0.000   0.0000  0.0000      0.000      0.000   1931.485   3127.979   1924.824   3095.274 N000534
  1963.754   3115.275 -10.642   1966.737   3092.551 -10.645  -0.2460 -0.1962   1972.768   3128.754   1973.014   3128.950   1966.985   3092.731 N000535
  1848.713   3116.396  -9.706   1849.823   3103.525  -9.709   0.1073 -0.1036   1857.723   3129.874   1857.616   3129.978   1849.713   3103.641 N000536
     0.000      0.000   0.000      0.000      0.000   0.000   0.0000  0.0000      0.000      0.000   1553.002   3133.474   1538.910   3133.712 N000537
  2342.658   3121.197  -9.026   2350.088   3066.835  -9.029   0.1579  0.1514   2351.683   3134.681   2351.525   3134.530   2349.929   3066.693 N000538
     0.000      0.000   0.000      0.000      0.000   0.000   0.0000  0.0000      0.000      0.000   2469.779   3145.986   2468.999   3068.654 N000539
  1853.920   3142.986 -11.599   1854.867   3130.349 -11.602  -0.0796 -0.0138   1862.931   3156.464   1863.011   3156.478   1854.948   3130.356 N000540
     0.000      0.000   0.000      0.000      0.000   0.000   0.0000  0.0000      0.000      0.000   2275.201   3162.484   2272.742   3101.592 N000541
   443.443   3167.960 -11.003    397.427   3286.276 -11.006  -0.0570 -0.0405    452.412   3181.419    452.469   3181.460    397.486   3286.313 N000542
     0.000      0.000   0.000      0.000      0.000   0.000   0.0000  0.0000      0.000      0.000    927.482   3192.466    893.231   3251.806 N000543
  2339.098   3205.984 -10.586   2346.029   3153.778 -10.589   0.0980 -0.0160   2348.122   3219.469   2348.024   3219.485   2345.930   3153.803 N000544
  2133.599   3213.198  -9.603   2138.191   3178.457  -9.606   0.0991 -0.0519   2142.617   3226.680   2142.518   3226.732   2138.090   3178.518 N000545
   538.943   3246.203 -11.115    495.907   3358.229 -11.118  -0.0573  0.1808    547.913   3259.665    547.971   3259.484    495.971   3358.036 N000546
     0.000      0.000   0.000      0.000      0.000   0.000   0.0000  0.0000      0.000      0.000    884.453   3266.466    847.152   3332.584 N000547
     0.000      0.000   0.000      0.000      0.000   0.000   0.0000  0.0000      0.000      0.000   1876.010   3283.479   1866.923   3259.676 N000548
     0.000      0.000   0.000      0.000      0.000   0.000   0.0000  0.0000      0.000      0.000    793.978   3289.465    752.499   3365.154 N000549
     0.000      0.000   0.000      0.000      0.000   0.000   0.0000  0.0000      0.000      0.000   2261.520   3358.984   2257.606   3304.043 N000550
  2506.868   3346.593 -14.245   2514.414   3283.726 -14.248  -0.0845 -0.2167   2515.896   3360.081   2515.980   3360.297   2514.498   3283.941 N000551
  2419.458   3354.653  -8.742   2426.251   3299.299  -8.745  -0.0421  0.1531   2428.483   3368.140   2428.525   3367.987   2426.294   3299.138 N000552
  1373.447   3356.548 -10.541   1360.610   3393.081 -10.544  -0.0532  0.0482   1382.441   3370.021   1382.494   3369.973   1360.666   3393.026 N000553
  2446.449   3410.116  -8.963   2453.155   3353.927  -8.967  -0.1070  0.1156   2455.474   3423.603   2455.581   3423.487   2453.264   3353.800 N000554
     0.000      0.000   0.000      0.000      0.000   0.000   0.0000  0.0000      0.000      0.000   1476.497   3423.975   1456.535   3440.292 N000555
  2330.109   3426.555 -11.390   2335.539   3380.681 -11.393   0.1087  0.0552   2339.131   3440.041   2339.022   3439.986   2335.429   3380.633 N000556
  2849.787   3439.809  -9.196   2858.606   3350.956  -9.200  -0.2127 -0.1909   2858.824   3453.302   2859.037   3453.493   2858.819   3351.134 N000557
     0.000      0.000   0.000      0.000      0.000   0.000   0.0000  0.0000      0.000      0.000   2342.379   3461.986   2338.671   3402.962 N000558
  3227.497   3470.979  -9.605   3236.056   3352.559  -9.608  -0.0033 -0.0209   3236.545   3484.477   3236.548   3484.498   3236.059   3352.580 N000559
     0.000      0.000   0.000      0.000      0.000   0.000   0.0000  0.0000      0.000      0.000   1989.511   3494.982   1980.343   3467.597 N000560
     0.000      0.000   0.000      0.000      0.000   0.000   0.0000  0.0000      0.000      0.000    616.470   3501.464    562.270   3603.670 N000561
     0.000      0.000   0.000      0.000      0.000   0.000   0.0000  0.0000      0.000      0.000   1748.004   3502.478   1733.817   3496.876 N000562
     0.000      0.000   0.000      0.000      0.000   0.000   0.0000  0.0000      0.000      0.000   1853.507   3514.980   1841.472   3500.331 N000563
  1836.710   3514.297  -9.074   1833.368   3514.258  -9.077  -0.0405 -0.1717   1845.716   3527.777   1845.756   3527.949   1833.407   3514.432 N000564
     0.000      0.000   0.000      0.000      0.000   0.000   0.0000  0.0000      0.000      0.000   1028.982   3536.869    992.149   3599.827 N000565
     0.000      0.000   0.000      0.000      0.000   0.000   0.0000  0.0000      0.000      0.000   3335.550   3559.999   3334.709   3421.994 N000566
  2186.168   3552.031  -9.043   2188.736   3522.306  -9.046   0.1684  0.0931   2195.185   3565.515   2195.016   3565.422   2188.566   3522.225 N000567
     0.000      0.000   0.000      0.000      0.000   0.000   0.0000  0.0000      0.000      0.000   2150.015   3570.484   2142.834   3531.386 N000568
     0.000      0.000   0.000      0.000      0.000   0.000   0.0000  0.0000      0.000      0.000   1609.099   3607.177   1590.077   3618.039 N000569
     0.000      0.000   0.000      0.000      0.000   0.000   0.0000  0.0000      0.000      0.000    844.913   3657.468    797.814   3743.981 N000570
     0.000      0.000   0.000      0.000      0.000   0.000   0.0000  0.0000      0.000      0.000    853.476   3657.468    806.760   3743.124 N000571
     0.000      0.000   0.000      0.000      0.000   0.000   0.0000  0.0000      0.000      0.000   2590.965   3670.365   2588.369   3596.300 N000572
  4043.827   3666.677  -8.982   4046.245   3489.771  -8.985  -0.1172 -0.0454   4052.897   3680.186   4053.015   3680.231   4046.361   3489.809 N000573
     0.000      0.000   0.000      0.000      0.000   0.000   0.0000  0.0000      0.000      0.000   2874.535   3687.494   2873.644   3590.107 N000574
   808.244   3687.223  -9.092    767.877   3792.069  -9.096   0.1074  0.0861    817.218   3700.690    817.111   3700.604    767.767   3791.990 N000575
  3546.190   3688.941 -10.250   3553.466   3550.615 -10.253   0.0333 -0.0589   3555.245   3702.444   3555.212   3702.503   3553.433   3550.678 N000576
  1981.052   3694.700 -10.476   1978.612   3688.049 -10.479   0.0521  0.1289   1990.061   3708.183   1990.009   3708.054   1978.560   3687.920 N000577
  1457.648   3695.978 -10.092   1441.952   3737.721 -10.096   0.1480 -0.0223   1466.641   3709.454   1466.493   3709.476   1441.799   3737.758 N000578
     0.000      0.000   0.000      0.000      0.000   0.000   0.0000  0.0000      0.000      0.000   2617.527   3717.491   2614.887   3642.644 N000579
  3489.505   3720.195 -10.644   3497.159   3587.111 -10.647   0.0052 -0.0046   3498.559   3733.698   3498.553   3733.702   3497.154   3587.116 N000580
     0.000      0.000   0.000      0.000      0.000   0.000   0.0000  0.0000      0.000      0.000    767.250   3735.411    714.747   3833.584 N000581
     0.000      0.000   0.000      0.000      0.000   0.000   0.0000  0.0000      0.000      0.000   3867.038   3746.007   3862.898   3571.111 N000582
  1977.656   3747.448  -9.893   1974.538   3743.076  -9.896   0.1563 -0.0517   1986.665   3760.931   1986.508   3760.983   1974.378   3743.144 N000583
  1944.971   3779.372 -10.133   1940.789   3779.203 -10.136  -0.0287 -0.1284   1953.978   3792.854   1954.007   3792.983   1940.817   3779.334 N000584
     0.000      0.000   0.000      0.000      0.000   0.000   0.0000  0.0000      0.000      0.000   1521.994   3811.977   1497.312   3839.379 N000585
  1629.730   3801.640  -9.471   1617.422   3831.599  -9.474   0.1123  0.1395   1638.728   3815.118   1638.615   3814.979   1617.309   3831.464 N000586
     0.000      0.000   0.000      0.000      0.000   0.000   0.0000  0.0000      0.000      0.000   2636.027   3838.992   2632.803   3766.604 N000587
     0.000      0.000   0.000      0.000      0.000   0.000   0.0000  0.0000      0.000      0.000    926.376   3854.970    878.391   3943.026 N000588
  2034.898   3867.700 -10.372   2031.529   3862.847 -10.375  -0.1015  0.1642   2043.907   3881.184   2044.009   3881.020   2031.635   3862.667 N000589
     0.000      0.000   0.000      0.000      0.000   0.000   0.0000  0.0000      0.000      0.000   3385.549   3885.002   3384.682   3751.657 N000590
  3846.529   3872.269 -10.570   3852.145   3715.316 -10.574   0.4285 -0.0310   3855.591   3885.777   3855.163   3885.808   3851.721   3715.381 N000591
  1310.821   3904.935 -11.532   1286.450   3970.276 -11.535  -0.1795 -0.0652   1319.808   3918.410   1319.987   3918.475   1286.635   3970.327 N000592
     0.000      0.000   0.000      0.000      0.000   0.000   0.0000  0.0000      0.000      0.000    970.449   3921.971    922.858   4009.040 N000593
  1786.432   3908.743 -10.933   1776.747   3928.600 -10.936  -0.0397  0.0768   1795.434   3922.225   1795.473   3922.148   1776.789   3928.516 N000594
     0.000      0.000   0.000      0.000      0.000   0.000   0.0000  0.0000      0.000      0.000   1011.530   3928.471    965.604   4011.700 N000595
     0.000      0.000   0.000      0.000      0.000   0.000   0.0000  0.0000      0.000      0.000   3274.545   3933.001   3273.785   3810.154 N000596
  1338.235   3948.533 -12.547   1314.004   4013.317 -12.550   0.0612  0.0331   1347.223   3962.009   1347.161   3961.976   1313.941   4013.288 N000597
  1290.608   3957.108 -11.253   1264.448   4027.031 -11.257   0.1075  0.1079   1299.594   3970.583   1299.486   3970.475   1264.339   4026.929 N000598
  1938.462   3984.596 -11.568   1931.465   3993.595 -11.571  -0.0376  0.0964   1947.467   3998.080   1947.505   3997.984   1931.505   3993.491 N000599
     0.000      0.000   0.000      0.000      0.000   0.000   0.0000  0.0000      0.000      0.000   3652.055   4003.539   3650.341   3852.483 N000600
  1778.006   4024.909 -10.554   1766.319   4050.846 -10.557   0.0060 -0.0911   1787.006   4038.391   1787.000   4038.482   1766.311   4050.942 N000601
  2733.026   4037.028  -9.668   2738.441   3976.737  -9.671   0.0263  0.0275   2742.054   4050.522   2742.028   4050.494   2738.415   3976.711 N000602
  2369.583   4113.132  -8.842   2369.629   4088.240  -8.846   0.1835  0.1317   2378.600   4126.622   2378.416   4126.490   2369.444   4088.119 N000603
