     0.000      0.000   0.000      0.000      0.000   0.000   0.0000  0.0000      0.000      0.000    270.008   -151.680     -1.000     -1.000 N000001
     0.000      0.000   0.000      0.000      0.000   0.000   0.0000  0.0000      0.000      0.000    460.011   -128.013     -1.000     -1.000 N000002
     0.000      0.000   0.000      0.000      0.000   0.000   0.0000  0.0000      0.000      0.000    865.018   -124.512     -1.000     -1.000 N000003
   332.280    -48.856 -11.517    309.094     80.480 -11.516  -0.1922  0.1444    332.288    -48.868    332.480    -49.012    309.293     80.324 N000004
     0.000      0.000   0.000      0.000      0.000   0.000   0.0000  0.0000      0.000      0.000   2316.540    -26.359     -1.000     -1.000 N000005
   724.925     -9.073  -9.914    712.160     93.364  -9.913  -0.0752 -0.0727    724.939     -9.084    725.014     -9.012    712.237     93.431 N000006
  1272.411     -5.922 -10.361   1268.314     60.820 -10.360  -0.0889  0.0780   1272.434     -5.933   1272.523     -6.011   1268.404     60.738 N000007
     0.000      0.000   0.000      0.000      0.000   0.000   0.0000  0.0000      0.000      0.000   2819.548     28.992     -1.000     -1.000 N000008
   764.740     70.896  -8.788    752.723    169.520  -8.787   0.0128 -0.1498    764.753     70.885    764.741     71.034    752.710    169.668 N000009
  2272.970     90.637 -11.110   2269.488     92.823 -11.109  -0.0304  0.1374   2273.008     90.629   2273.038     90.491   2269.517     92.687 N000010
  3387.670     96.271 -13.488   3365.264     31.952 -13.487   0.1704 -0.0203   3387.727     96.265   3387.556     96.285   3365.098     31.982 N000011
   132.898    102.788 -12.940    102.244    244.389 -12.939  -0.1021 -0.1251    132.900    102.776    133.002    102.901    102.349    244.506 N000012
   537.989    110.452  -9.592    520.373    223.892  -9.591  -0.0448 -0.0475    537.998    110.441    538.042    110.489    520.419    223.936 N000013
   441.557    138.840 -10.327    421.098    258.593 -10.326   0.0574 -0.1596    441.565    138.829    441.507    138.989    421.038    258.755 N000014
  2368.344    183.387 -12.050   2364.441    177.444 -12.049  -0.1560 -0.1127   2368.382    183.379   2368.538    183.492   2364.596    177.544 N000015
  1833.920    187.404 -10.784   1832.724    214.630 -10.782  -0.0801 -0.0961   1833.949    187.395   1834.029    187.491   1832.804    214.719 N000016
  1619.940    221.215  -9.680   1618.442    261.386  -9.679  -0.0603  0.1919   1619.965    221.206   1620.025    221.014   1618.502    261.194 N000017
  2881.778    221.481 -10.936   2871.143    183.378 -10.935  -0.1928 -0.0188   2881.824    221.474   2882.017    221.493   2871.333    183.385 N000018
  1939.170    290.902 -10.893   1938.122    309.333 -10.891   0.1704 -0.0978   1939.200    290.894   1939.030    290.992   1937.952    309.440 N000019
     0.000      0.000   0.000      0.000      0.000   0.000   0.0000  0.0000      0.000      0.000    687.946    302.365    673.547    403.378 N000020
  1869.844    322.161  -8.791   1868.945    344.390  -8.789  -0.1556  0.1608   1869.873    322.153   1870.028    321.992   1869.100    344.222 N000021
  1466.435    322.361  -8.768   1464.166    370.698  -8.767  -0.0651 -0.1393   1466.456    322.352   1466.522    322.491   1464.232    370.831 N000022
  2178.137    350.884 -11.742   2176.367    352.957 -11.741   0.1370 -0.1162   2178.170    350.876   2178.033    350.993   2176.231    353.079 N000023
  1247.400    353.544 -10.406   1243.011    415.888 -10.404  -0.1001  0.0443   1247.417    353.535   1247.517    353.491   1243.112    415.838 N000024
     0.000      0.000   0.000      0.000      0.000   0.000   0.0000  0.0000      0.000      0.000   3700.058    384.210   3672.073    292.843 N000025
  1498.048    391.470  -8.776   1496.007    436.608  -8.775   0.0480 -0.0302   1498.069    391.462   1498.021    391.492   1495.959    436.641 N000026
   997.344    398.989 -10.766    989.158    477.642 -10.765  -0.1563 -0.0111    997.356    398.980    997.513    398.991    989.317    477.642 N000027
  1082.440    408.717  -8.828   1075.658    481.445  -8.826  -0.0603  0.2165   1082.454    408.708   1082.514    408.491   1075.720    481.227 N000028
  1120.624    414.312  -8.787   1114.427    484.374  -8.785   0.1245 -0.1877   1120.639    414.304   1120.515    414.491   1114.300    484.568 N000029
  1094.693    420.358  -8.497   1088.080    492.108  -8.496   0.0929 -0.1417   1094.707    420.350   1094.614    420.491   1087.985    492.254 N000030
  3131.673    421.716 -10.377   3117.793    363.168 -10.375   0.1730  0.1826   3131.721    421.711   3131.548    421.528   3117.622    363.001 N000031
  3177.509    447.721 -13.315   3162.894    385.714 -13.314   0.0085  0.1759   3177.557    447.716   3177.548    447.540   3162.884    385.543 N000032
  2468.014    458.812  -8.924   2464.387    440.320  -8.923   0.0138 -0.1880   2468.050    458.806   2468.036    458.994   2464.374    440.505 N000033
     0.000      0.000   0.000      0.000      0.000   0.000   0.0000  0.0000      0.000      0.000    195.665    478.407    165.042    613.283 N000034
  2063.284    484.571  -9.303   2062.400    491.294  -9.301  -0.2157  0.0712   2063.313    484.564   2063.529    484.493   2062.615    491.210 N000035
   166.807    499.564 -12.822    134.921    636.482 -12.820  -0.1930  0.0636    166.805    499.554    166.998    499.490    135.122    636.404 N000036
  2317.727    522.321  -9.032   2315.635    512.015  -9.030  -0.0727 -0.1789   2317.760    522.315   2317.833    522.494   2315.708    512.186 N000037
  1581.301    530.632  -8.875   1579.784    568.128  -8.874  -0.1988  0.1318   1581.322    530.624   1581.521    530.493   1579.984    567.985 N000038
  1791.306    555.970 -13.036   1790.652    579.159 -13.034  -0.1938 -0.0303   1791.330    555.963   1791.524    555.993   1790.846    579.176 N000039
  1434.800    560.701  -8.582   1432.148    607.602  -8.581  -0.1996  0.2014   1434.818    560.694   1435.018    560.493   1432.350    607.390 N000040
  2792.463    569.140  -8.658   2785.399    527.869  -8.657  -0.0372  0.1400   2792.503    569.135   2792.540    568.995   2785.435    527.730 N000041
  2406.445    570.615  -8.539   2403.828    553.683  -8.538  -0.1379  0.1146   2406.479    570.609   2406.617    570.494   2403.964    553.562 N000042
  3255.271    579.661  -8.726   3240.035    509.535  -8.725  -0.0620  0.1610   3255.319    579.657   3255.381    579.496   3240.094    509.374 N000043
  1814.742    579.893  -8.364   1814.152    601.156  -8.363  -0.0576 -0.1069   1814.766    579.886   1814.824    579.993   1814.210    601.257 N000044
  2732.664    599.400 -10.257   2726.592    561.212 -10.255   0.1639 -0.0998   2732.703    599.395   2732.539    599.495   2726.431    561.320 N000045
     0.000      0.000   0.000      0.000      0.000   0.000   0.0000  0.0000      0.000      0.000     69.495    608.491     32.809    752.463 N000046
  2019.143    614.597  -8.805   2018.615    621.857  -8.803   0.1429  0.0967   2019.170    614.590   2019.027    614.494   2018.472    621.771 N000047
  2900.221    616.037  -8.832   2891.793    566.979  -8.831   0.1135  0.0373   2900.262    616.033   2900.148    615.995   2891.681    566.950 N000048
  1143.941    617.071  -9.254   1137.573    683.221  -9.252  -0.0586  0.0713   1143.954    617.064   1144.012    616.992   1137.633    683.146 N000049
  2361.158    627.472 -11.902   2359.094    612.327 -11.900   0.1583 -0.0282   2361.190    627.466   2361.032    627.494   2358.937    612.365 N000050
  2141.793    650.878  -8.746   2141.009    649.506  -8.745  -0.2074 -0.1220   2141.821    650.872   2142.028    650.994   2141.216    649.612 N000051
  1650.045    666.828 -11.152   1648.862    697.794 -11.151   0.0448 -0.1717   1650.065    666.822   1650.020    666.993   1648.817    697.966 N000052
  1458.786    668.255  -8.523   1456.203    712.172  -8.522  -0.2143  0.0551   1458.802    668.248   1459.017    668.193   1456.419    712.103 N000053
   396.816    670.084  -8.848    371.961    789.456  -8.847  -0.2467  0.1467    396.815    670.076    397.062    669.929    372.217    789.292 N000054
     0.000      0.000   0.000      0.000      0.000   0.000   0.0000  0.0000      0.000      0.000   2584.535    677.495   2580.577    647.079 N000055
  3247.577    678.585 -12.394   3233.233    606.512 -12.393   0.0774  0.0850   3247.624    678.581   3247.546    678.496   3233.157    606.434 N000056
     0.000      0.000   0.000      0.000      0.000   0.000   0.0000  0.0000      0.000      0.000   1468.016    695.493   1465.457    738.465 N000057
  4070.237    713.567 -11.483   4034.775    590.950 -11.482   0.2366  0.0666   4070.296    713.564   4070.059    713.498   4034.545    590.899 N000058
   587.966    728.882  -8.814    568.689    833.946  -8.813   2.4664 -0.1181    587.968    728.874    585.501    728.992    566.151    834.245 N000059
     0.000      0.000   0.000      0.000      0.000   0.000   0.0000  0.0000      0.000      0.000   1772.421    730.894   1771.728    752.766 N000060
  2832.694    735.939 -10.448   2825.929    688.547 -10.447   0.1939 -0.0612   2832.732    735.935   2832.538    735.996   2825.738    688.619 N000061
  1304.305    742.789  -8.479   1299.858    796.543  -8.478  -0.2945 -0.0113   1304.319    742.782   1304.613    742.793   1300.156    796.534 N000062
  3791.096    743.638  -9.397   3764.154    636.855  -9.396   0.0957  0.1381   3791.150    743.635   3791.054    743.497   3764.060    636.726 N000063
     0.000      0.000   0.000      0.000      0.000   0.000   0.0000  0.0000      0.000      0.000   2520.346    744.433   2517.292    716.846 N000064
  3816.903    751.926  -9.470   3789.323    643.377  -9.469  -0.0965 -0.0743   3816.958    751.923   3817.055    751.997   3789.418    643.444 N000065
  1728.666    757.635  -9.193   1727.816    782.095  -9.192   0.1662  0.1351   1728.686    757.629   1728.520    757.494   1727.649    781.973 N000066
  3282.144    779.943  -9.635   3267.807    703.383  -9.634   0.1439 -0.0572   3282.189    779.940   3282.045    779.997   3267.666    703.448 N000067
  1326.799    782.483  -9.348   1322.522    834.290  -9.347  -0.2007 -0.0167   1326.812    782.477   1327.013    782.493   1322.725    834.293 N000068
     0.000      0.000   0.000      0.000      0.000   0.000   0.0000  0.0000      0.000      0.000    498.499    783.992    476.109    895.513 N000069
  1513.493    788.643  -9.454   1511.186    827.433  -9.453  -0.0074  0.1430   1513.509    788.637   1513.516    788.494   1511.194    827.291 N000070
  1617.266    788.846  -8.616   1615.759    820.501  -8.615  -0.2341 -0.1537   1617.284    788.840   1617.518    788.994   1615.995    820.637 N000071
   937.590    793.567 -10.398    926.720    872.865 -10.397   0.0905  0.0673    937.597    793.560    937.506    793.493    926.628    872.805 N000072
     0.000      0.000   0.000      0.000      0.000   0.000   0.0000  0.0000      0.000      0.000   2845.455    800.163   2838.792    750.668 N000073
  1204.553    806.598 -12.022   1198.494    866.774 -12.021   0.0531  0.0979   1204.564    806.591   1204.511    806.493   1198.440    866.681 N000074
     0.000      0.000   0.000      0.000      0.000   0.000   0.0000  0.0000      0.000      0.000   2075.525    813.495   2075.136    813.892 N000075
  2203.395    815.343  -9.544   2202.684    807.218  -9.542  -0.6051 -1.6569   2203.422    815.338   2204.027    816.995   2203.289    808.809 N000076
  3008.465    819.058 -10.835   2999.439    758.822 -10.834  -0.5105  0.1327   3008.505    819.054   3009.015    818.922   2999.940    758.660 N000077
  2107.406    841.019 -10.288   2107.008    838.882 -10.287  -0.0937  0.0192   2107.431    841.014   2107.525    840.995   2107.101    838.857 N000078
   144.176    843.064 -11.293    108.376    981.440 -11.292   0.1760  0.0638    144.169    843.056    143.993    842.992    108.193    981.390 N000079
  1604.616    846.787 -10.994   1602.933    878.666 -10.993   0.1160 -0.2134   1604.633    846.781   1604.517    846.994   1602.816    878.885 N000080
  1555.812    847.342 -10.389   1553.745    882.587 -10.387  -0.1627 -0.1580   1555.828    847.336   1555.991    847.494   1553.909    882.732 N000081
  2182.680    867.807 -10.362   2182.115    860.266 -10.361   0.1799 -0.1613   2182.706    867.803   2182.526    867.964   2181.936    860.437 N000082
  2862.664    873.320 -10.133   2856.144    821.300 -10.132  -1.8364  1.1768   2862.701    873.316   2864.537    872.139   2857.950    820.028 N000083
  2768.829    873.213 -10.621   2763.564    827.226 -10.620  -0.1706  0.2128   2768.865    873.209   2769.036    872.996   2763.732    827.006 N000084
     0.000      0.000   0.000      0.000      0.000   0.000   0.0000  0.0000      0.000      0.000   2553.282    893.579   2550.420    861.217 N000085
  2331.460    902.898  -8.498   2330.298    884.964  -8.497  -0.0397 -0.1020   2331.488    902.894   2331.528    902.996   2330.337    885.062 N000086
   391.554    917.241  -8.927    364.491   1036.693  -8.926   0.0538 -0.1342    391.549    917.233    391.496    917.368    364.434   1036.832 N000087
     0.000      0.000   0.000      0.000      0.000   0.000   0.0000  0.0000      0.000      0.000   1290.944    919.494   1285.712    972.688 N000088
  2812.106    934.384 -10.084   2806.548    884.496 -10.083   0.1064 -0.1165   2812.142    934.380   2812.035    934.497   2806.444    884.617 N000089
  2391.533    936.931 -13.232   2390.081    914.506 -13.231   0.0333 -0.0694   2391.562    936.927   2391.528    936.996   2390.048    914.577 N000090
     0.000      0.000   0.000      0.000      0.000   0.000   0.0000  0.0000      0.000      0.000    538.498    937.493    516.153   1045.778 N000091
  2151.137    945.341  -8.783   2150.739    938.830  -8.782   1.5118  1.3406   2151.161    945.336   2149.649    943.996   2149.231    937.609 N000092
     0.000      0.000   0.000      0.000      0.000   0.000   0.0000  0.0000      0.000      0.000   2880.536    947.497   2874.078    892.962 N000093
  1552.121    950.326  -8.761   1549.791    984.839  -8.760   0.1211 -0.1741   1552.135    950.321   1552.014    950.495   1549.668    985.020 N000094
  1807.693    952.782  -9.439   1807.008    969.535  -9.437   0.1575 -0.2183   1807.712    952.777   1807.554    952.995   1806.850    969.762 N000095
  2325.113    956.555 -10.889   2324.080    938.250 -10.888   0.1133  0.0555   2325.140    956.552   2325.027    956.496   2323.967    938.203 N000096
     0.000      0.000   0.000      0.000      0.000   0.000   0.0000  0.0000      0.000      0.000   2169.525    958.496   2169.067    950.580 N000097
  1059.283    965.057 -10.723   1049.986   1034.630 -10.721  -0.1875  0.0572   1059.289    965.051   1059.477    964.994   1050.178   1034.559 N000098
     0.000      0.000   0.000      0.000      0.000   0.000   0.0000  0.0000      0.000      0.000   2401.028    969.121   2399.558    945.592 N000099
  1086.863    974.207  -9.787   1078.040   1041.730  -9.786  -0.1365  0.2067   1086.870    974.201   1087.006    973.994   1078.180   1041.514 N000100
  2041.104    973.747  -8.587   2040.849    974.311  -8.586   0.1040 -0.0532   2041.126    973.743   2041.022    973.796   2040.745    974.371 N000101
  1954.275    989.579  -8.881   1953.960    995.871  -8.880  -0.2252  0.0286   1954.295    989.574   1954.521    989.546   1954.185    995.827 N000102
  1409.973   1007.805  -9.868   1405.988   1051.894  -9.867  -0.0270 -0.1688   1409.984   1007.800   1410.011   1007.968   1406.015   1052.060 N000103
  2129.912   1017.192 -10.660   2129.600   1011.202 -10.659  -0.0877  0.1924   2129.935   1017.188   2130.023   1016.996   2129.687   1011.006 N000104
  1972.585   1023.112 -10.487   1972.281   1027.776 -10.485   0.0846  0.1120   1972.605   1023.108   1972.520   1022.996   1972.196   1027.671 N000105
   533.155   1023.619 -10.645    509.898   1132.310 -10.644   0.1547  0.1192    533.151   1023.613    532.997   1023.493    509.739   1132.203 N000106
  1799.704   1027.925  -9.221   1798.892   1044.460  -9.220   0.2040 -0.5196   1799.721   1027.920   1799.517   1028.440   1798.686   1044.989 N000107
  3751.066   1029.714 -10.511   3727.791    918.557 -10.510   0.0656  0.1665   3751.115   1029.713   3751.050   1029.546   3727.726    918.398 N000108
  2360.183   1044.834 -10.961   2359.117   1022.961 -10.960   0.1825 -0.1660   2360.209   1044.831   2360.026   1044.997   2358.935   1023.137 N000109
  1735.153   1053.791  -9.799   1733.957   1074.587  -9.798   0.6527  1.7906   1735.169   1053.786   1734.516   1051.996   1733.304   1072.858 N000110
     0.000      0.000   0.000      0.000      0.000   0.000   0.0000  0.0000      0.000      0.000   1826.017   1056.996   1825.258   1071.429 N000111
  3739.610   1057.353 -10.457   3716.867    946.310 -10.455   0.0852 -0.1468   3739.659   1057.352   3739.574   1057.499   3716.785    946.459 N000112
  3082.891   1059.376 -10.231   3073.949    989.791 -10.230  -0.1090 -0.1238   3082.929   1059.374   3083.038   1059.498   3074.057    989.906 N000113
  1396.366   1068.045 -11.536   1391.986   1112.714 -11.535  -0.1336  0.0447   1396.377   1068.040   1396.510   1067.995   1392.122   1112.660 N000114
  2833.817   1072.075 -10.659   2828.552   1018.440 -10.658  -0.1834  0.0745   2833.851   1072.072   2834.034   1071.997   2828.732   1018.355 N000115
  1840.242   1076.986  -8.595   1839.533   1090.237  -8.594  -0.2578 -0.0136   1840.260   1076.982   1840.517   1076.996   1839.792   1090.233 N000116
   950.144   1091.259 -11.887    937.779   1168.445 -11.886   0.1437 -0.2408    950.146   1091.254    950.003   1091.494    937.630   1168.696 N000117
     0.000      0.000   0.000      0.000      0.000   0.000   0.0000  0.0000      0.000      0.000   2735.532   1091.497   2731.465   1044.018 N000118
  1511.462   1095.082 -10.555   1508.318   1131.353 -10.553  -0.0378  0.0817   1511.474   1095.077   1511.512   1094.995   1508.357   1131.269 N000119
  1721.796   1099.417 -10.723   1720.420   1120.766 -10.722  -0.2042 -0.0832   1721.811   1099.413   1722.015   1099.496   1720.625   1120.834 N000120
  1213.712   1112.744  -8.917   1206.422   1170.414  -8.915   0.2120 -0.1934   1213.719   1112.739   1213.507   1112.933   1206.205   1170.622 N000121
  2263.824   1113.178 -12.380   2263.250   1096.945 -12.378  -0.1756  0.1777   2263.848   1113.174   2264.024   1112.997   2263.425   1096.757 N000122
  1165.642   1119.739 -10.361   1157.477   1180.908 -10.360   0.1424  0.1641   1165.648   1119.734   1165.506   1119.570   1157.333   1180.755 N000123
  2214.260   1121.827 -10.037   2213.834   1108.866 -10.035   0.1601 -0.5733   2214.283   1121.823   2214.123   1122.397   2213.674   1109.444 N000124
   455.378   1130.206 -10.914    428.507   1245.105 -10.912  -0.1221  0.2062    455.372   1130.200    455.494   1129.994    428.635   1244.889 N000125
  1378.408   1148.690  -9.769   1373.452   1194.224  -9.767  -0.0921  0.1897   1378.417   1148.685   1378.509   1148.495   1373.546   1194.028 N000126
  2630.442   1168.142 -12.871   2627.685   1126.534 -12.869  -0.0578  0.1425   2630.471   1168.140   2630.529   1167.998   2627.742   1126.390 N000127
   189.446   1182.100  -9.642    151.777   1318.312  -9.641  -0.0539  0.0996    189.435   1182.093    189.489   1181.994    151.834   1318.207 N000128
  1485.469   1197.661 -10.295   1481.654   1235.217 -10.293  -0.0307  0.1347   1485.479   1197.657   1485.510   1197.522   1481.686   1235.081 N000129
  1014.390   1211.771 -10.867   1002.620   1283.999 -10.865  -0.0868 -0.2067   1014.392   1211.766   1014.479   1211.972   1002.707   1284.199 N000130
   772.326   1211.886  -8.546    754.572   1302.489  -8.545  -0.1023 -0.1857    772.324   1211.880    772.427   1212.066    754.676   1302.667 N000131
  2029.199   1212.474  -9.844   2028.835   1211.353  -9.843   0.1994 -0.0264   2029.218   1212.470   2029.019   1212.497   2028.635   1211.393 N000132
  3113.062   1219.759 -14.144   3104.450   1145.538 -14.142   0.0616 -0.0534   3113.098   1219.758   3113.037   1219.811   3104.390   1145.595 N000133
  1083.721   1226.661 -11.195   1073.318   1293.676 -11.193   0.1985  0.1606   1083.724   1226.656   1083.526   1226.495   1073.116   1293.530 N000134
  1361.222   1228.649  -8.911   1355.646   1275.114  -8.910  -0.1116  0.1485   1361.229   1228.644   1361.341   1228.496   1355.760   1274.958 N000135
  1437.078   1229.075  -8.841   1432.537   1270.004  -8.839   0.0780  0.0752   1437.087   1229.071   1437.009   1228.996   1432.458   1269.935 N000136
  2254.149   1233.925  -8.690   2253.658   1217.033  -8.688   0.0777 -0.0041   2254.171   1233.922   2254.094   1233.926   2253.580   1217.042 N000137
  2133.132   1238.165 -12.779   2132.809   1229.589 -12.778   0.1322  0.1654   2133.152   1238.163   2133.020   1237.997   2132.677   1229.434 N000138
  1472.509   1244.411  -8.897   1468.347   1282.702  -8.895   0.0095 -0.0889   1472.519   1244.407   1472.509   1244.496   1468.337   1282.791 N000139
  1563.648   1253.045 -10.213   1560.477   1284.691 -10.212   0.1481  0.0446   1563.659   1253.041   1563.510   1252.996   1560.327   1284.657 N000140
  1881.029   1253.421  -8.795   1880.185   1262.373  -8.794  -0.0710 -0.0794   1881.045   1253.417   1881.116   1253.497   1880.256   1262.447 N000141
  1783.281   1254.675  -8.786   1781.923   1270.554  -8.785   0.0809  0.1747   1783.295   1254.671   1783.214   1254.497   1781.842   1270.386 N000142
  2117.444   1260.398  -9.188   2117.106   1252.715  -9.187  -0.0557 -0.0688   2117.464   1260.395   2117.520   1260.464   2117.162   1252.779 N000143
     0.000      0.000   0.000      0.000      0.000   0.000   0.0000  0.0000      0.000      0.000   1504.146   1267.905   1500.249   1303.807 N000144
  2436.580   1270.017 -10.359   2435.391   1240.265 -10.357   0.0803  0.0165   2436.605   1270.014   2436.525   1269.998   2435.311   1240.254 N000145
  1932.014   1271.629  -9.453   1931.336   1276.851  -9.451   0.0137  0.1287   1932.030   1271.626   1932.016   1271.497   1931.323   1276.724 N000146
  1283.675   1276.647 -11.144   1276.648   1328.698 -11.142   0.6190  0.1466   1283.680   1276.643   1283.061   1276.496   1276.020   1328.598 N000147
  3627.337   1281.778 -11.044   3609.089   1173.408 -11.043  -0.1631  0.1206   3627.381   1281.778   3627.544   1281.658   3609.247   1173.279 N000148
  1348.599   1288.339  -9.063   1342.530   1335.564  -9.062   0.0985 -0.1608   1348.605   1288.335   1348.506   1288.496   1342.429   1335.732 N000149
  1994.818   1295.571  -8.518   1994.285   1296.195  -8.517  -0.1105  0.1423   1994.835   1295.568   1994.946   1295.426   1994.396   1296.046 N000150
  2789.743   1307.659 -10.972   2785.786   1253.590 -10.971   0.1382  0.1591   2789.773   1307.658   2789.635   1307.499   2785.649   1253.442 N000151
  1347.566   1308.875  -9.745   1341.372   1356.132  -9.744   0.0665 -0.1252   1347.573   1308.871   1347.506   1308.996   1341.304   1356.262 N000152
  1259.028   1313.880 -11.076   1251.375   1367.705 -11.074   0.0282 -0.1202   1259.033   1313.876   1259.005   1313.996   1251.346   1367.827 N000153
  1455.859   1344.604 -12.719   1451.020   1383.793 -12.718  -0.1411  0.1037   1455.866   1344.600   1456.007   1344.497   1451.163   1383.679 N000154
  3638.653   1344.538 -14.337   3620.601   1234.380 -14.335  -0.0648  0.0167   3638.696   1344.539   3638.761   1344.522   3620.664   1234.359 N000155
  1954.407   1350.021 -10.981   1953.652   1353.145 -10.980  -0.0930  0.0213   1954.423   1350.019   1954.516   1349.997   1953.745   1353.117 N000156
  2588.607   1351.652  -8.441   2586.571   1310.673  -8.440   0.1075 -0.0977   2588.634   1351.651   2588.526   1351.749   2586.465   1310.777 N000157
  1464.758   1354.501  -8.991   1459.986   1393.012  -8.990   2.1578 -0.7992   1464.765   1354.498   1462.607   1355.297   1457.795   1393.968 N000158
  1728.921   1356.947  -9.247   1726.879   1376.183  -9.245  -0.0793 -0.0526   1728.932   1356.945   1729.012   1356.997   1726.959   1376.230 N000159
  1370.760   1357.921 -11.945   1364.650   1403.376 -11.944   0.1350 -0.0792   1370.766   1357.917   1370.631   1357.997   1364.513   1403.465 N000160
  3972.488   1361.088  -9.306   3946.278   1229.573  -9.304  -0.0122  0.0883   3972.537   1361.089   3972.549   1361.001   3946.289   1229.486 N000161
  1747.040   1367.986 -11.118   1745.101   1385.866 -11.117   0.0403 -0.0139   1747.052   1367.983   1747.012   1367.997   1745.060   1385.883 N000162
  2200.735   1367.868  -8.704   2200.298   1353.510  -8.703   0.2352 -0.1321   2200.755   1367.866   2200.519   1367.998   2200.063   1353.658 N000163
  2509.020   1369.534  -8.936   2507.533   1333.815  -8.934   0.0204  0.1590   2509.045   1369.532   2509.025   1369.373   2507.513   1333.659 N000164
  2192.679   1374.705 -10.934   2192.242   1360.861 -10.933   0.1788  0.2050   2192.698   1374.703   2192.519   1374.498   2192.063   1360.670 N000165
  2940.858   1380.141  -9.684   2935.373   1315.060  -9.683  -2.1416  1.2518   2940.890   1380.140   2943.032   1378.888   2937.484   1313.680 N000166
  1403.787   1387.457  -9.121   1398.003   1430.419  -9.120  -0.2130 -0.0427   1403.793   1387.454   1404.006   1387.497   1398.219   1430.446 N000167
  1002.092   1388.070 -10.434    988.698   1461.370 -10.433   0.1231  0.0696   1002.091   1388.066   1001.968   1387.996    988.573   1461.309 N000168
  3367.982   1391.510  -8.747   3355.847   1298.074  -8.745   0.0534  0.0103   3368.020   1391.510   3367.967   1391.500   3355.795   1298.067 N000169
  2178.314   1402.435  -8.739   2177.856   1389.405  -8.738  -0.1861  0.0346   2178.333   1402.433   2178.519   1402.398   2178.042   1389.358 N000170
  1666.426   1403.176 -11.192   1663.680   1426.774 -11.191  -0.0736  0.1761   1666.437   1403.173   1666.510   1402.997   1663.755   1426.593 N000171
     0.000      0.000   0.000      0.000      0.000   0.000   0.0000  0.0000      0.000      0.000   3366.538   1403.500   3354.463   1309.987 N000172
  1633.785   1412.378  -9.643   1630.683   1438.334  -9.642  -0.1312 -0.1220   1633.795   1412.375   1633.926   1412.497   1630.815   1438.446 N000173
     0.000      0.000   0.000      0.000      0.000   0.000   0.0000  0.0000      0.000      0.000   1150.501   1421.997   1140.085   1484.014 N000174
  2172.556   1425.212 -10.999   2172.075   1412.439 -10.998   0.0558  0.0866   2172.574   1425.210   2172.518   1425.123   2172.019   1412.357 N000175
     0.000      0.000   0.000      0.000      0.000   0.000   0.0000  0.0000      0.000      0.000   3241.036   1428.500   3231.323   1342.871 N000176
  1903.048   1429.097  -9.540   1901.892   1435.482  -9.539   0.0212  0.1232   1903.061   1429.095   1903.040   1428.971   1901.871   1435.361 N000177
  1397.963   1432.456  -9.400   1391.840   1475.812  -9.399  -0.0370 -0.0146   1397.968   1432.453   1398.005   1432.468   1391.878   1475.824 N000178
   610.065   1435.494  -9.027    585.188   1539.683  -9.026   0.0646 -0.0063    610.057   1435.489    609.992   1435.496    585.121   1539.695 N000179
  2587.951   1456.148  -9.800   2586.066   1414.205  -9.799  -0.0491  0.1483   2587.976   1456.147   2588.025   1455.999   2586.115   1414.055 N000180
  2417.988   1459.600  -8.830   2417.011   1429.395  -8.829  -0.0120  0.0999   2418.010   1459.599   2418.022   1459.499   2417.023   1429.295 N000181
  2121.090   1466.513  -9.239   2120.527   1457.142  -9.238   0.0899  0.0128   2121.107   1466.511   2121.017   1466.498   2120.437   1457.136 N000182
   920.284   1469.673  -8.816    904.172   1549.575  -8.815   0.0062  0.0622    920.281   1469.670    920.275   1469.607    904.166   1549.513 N000183
  2899.693   1480.399 -10.136   2895.022   1416.952 -10.135   0.1668 -0.1009   2899.723   1480.399   2899.556   1480.500   2894.857   1417.063 N000184
  1210.019   1484.531  -8.454   1200.332   1542.115  -8.453  -0.1814 -0.1692   1210.020   1484.528   1210.201   1484.697   1200.516   1542.271 N000185
  1836.347   1487.305 -12.739   1834.641   1498.297 -12.738  -0.1529 -0.1945   1836.359   1487.303   1836.512   1487.498   1834.794   1498.480 N000186
  1463.739   1490.408  -9.864   1458.228   1528.834  -9.862   0.2052 -0.0922   1463.744   1490.405   1463.539   1490.497   1458.019   1528.942 N000187
  1754.163   1492.445 -10.054   1751.834   1509.408 -10.053   0.1632 -0.0549   1754.174   1492.443   1754.010   1492.498   1751.669   1509.475 N000188
  1530.621   1496.452  -8.826   1525.961   1529.891  -8.825   0.1211 -0.0483   1530.628   1496.449   1530.507   1496.498   1525.838   1529.948 N000189
  1563.880   1501.944  -9.312   1559.595   1532.908  -9.310  -0.1195 -0.0562   1563.888   1501.941   1564.007   1501.998   1559.716   1532.955 N000190
  2124.771   1503.706 -10.562   2124.156   1493.884 -10.561  -0.2017  0.2057   2124.787   1503.704   2124.989   1503.499   2124.358   1493.665 N000191
  1161.225   1507.466  -9.096   1150.385   1568.839  -9.095   0.0886 -0.0340   1161.225   1507.463   1161.137   1507.497   1150.294   1568.880 N000192
  2263.055   1512.143  -8.843   2262.449   1492.463  -8.842  -0.0278  0.0593   2263.074   1512.141   2263.102   1512.082   2262.476   1492.402 N000193
  1399.501   1535.293 -11.704   1392.773   1578.567 -11.703   0.0008 -0.2066   1399.505   1535.291   1399.504   1535.498   1392.771   1578.774 N000194
  2175.741   1535.569 -10.303   2175.123   1521.963 -10.302   0.1576  0.0688   2175.758   1535.568   2175.600   1535.499   2174.965   1521.906 N000195
  2231.928   1536.783 -10.451   2231.314   1519.176 -10.449  -0.0458 -0.1379   2231.946   1536.782   2231.991   1536.920   2231.360   1519.310 N000196
  4004.623   1538.863 -12.312   3979.155   1402.327 -12.311   0.1227 -0.1372   4004.670   1538.865   4004.547   1539.002   3979.036   1402.470 N000197
   921.447   1540.452  -8.711    904.696   1620.604  -8.710   0.1136  0.0352    921.443   1540.449    921.329   1540.413    904.580   1620.577 N000198
  2332.764   1544.831 -10.991   2332.022   1520.043 -10.989  -0.0888 -0.1687   2332.783   1544.830   2332.872   1544.999   2332.111   1520.204 N000199
   486.645   1546.998  -9.564    456.095   1662.073  -9.563   0.1446 -0.0024    486.633   1546.994    486.489   1546.996    455.945   1662.087 N000200
  1848.427   1561.480  -8.723   1846.555   1571.411  -8.722  -0.0725  0.4090   1848.438   1561.479   1848.511   1561.070   1846.630   1570.998 N000201
  1676.126   1562.553  -9.931   1672.791   1585.159  -9.930   2.1261 -0.9471   1676.134   1562.551   1674.008   1563.498   1670.641   1586.263 N000202
  1885.496   1564.590  -8.682   1883.852   1571.807  -8.681  -0.0036  0.0895   1885.508   1564.588   1885.512   1564.498   1883.856   1571.717 N000203
  3054.176   1577.841  -9.587   3047.916   1502.953  -9.585   0.1761 -0.1587   3054.207   1577.842   3054.031   1578.000   3047.743   1503.122 N000204
  1830.471   1585.671 -10.418   1828.382   1596.877 -10.416  -0.0294  0.1709   1830.481   1585.669   1830.510   1585.498   1828.412   1596.704 N000205
  2022.172   1585.888 -11.531   2021.128   1583.120 -11.530   0.1721 -0.1118   2022.186   1585.887   2022.014   1585.999   2020.956   1583.244 N000206
   595.656   1597.753  -9.570    568.369   1704.425  -9.568   0.1563 -0.1311    595.646   1597.750    595.490   1597.881    568.206   1704.570 N000207
  1251.627   1598.583  -9.468   1241.881   1653.285  -9.467   0.1271  0.0832   1251.628   1598.581   1251.501   1598.498   1241.752   1653.211 N000208
  1845.618   1606.422  -9.805   1843.563   1616.486  -9.804   0.1184 -0.0780   1845.629   1606.421   1845.510   1606.499   1843.443   1616.572 N000209
  1677.117   1606.851 -10.585   1673.586   1629.373 -10.584   0.1168 -0.1490   1677.124   1606.849   1677.008   1606.998   1673.467   1629.531 N000210
  1394.961   1608.444  -9.436   1387.680   1652.190  -9.434  -0.0392 -0.0224   1394.964   1608.442   1395.003   1608.465   1387.720   1652.209 N000211
  1714.139   1611.839 -11.210   1710.958   1631.610 -11.209   0.1124 -0.1613   1714.147   1611.837   1714.034   1611.998   1710.844   1631.780 N000212
  2032.917   1627.482 -11.097   2031.798   1623.823 -11.096  -0.0829 -0.0178   2032.930   1627.481   2033.013   1627.499   2031.881   1623.835 N000213
  2210.610   1639.065  -9.585   2209.853   1622.537  -9.583   0.1103  0.0651   2210.626   1639.064   2210.516   1638.999   2209.743   1622.480 N000214
  2771.170   1651.492 -10.855   2768.165   1595.350 -10.853   0.1341 -0.0080   2771.195   1651.492   2771.061   1651.500   2768.031   1595.367 N000215
  1060.535   1653.136  -9.893   1046.203   1722.988  -9.891   0.0345  0.1359   1060.531   1653.133   1060.497   1652.998   1046.169   1722.854 N000216
  1932.720   1653.006 -11.555   1931.053   1656.612 -11.554   0.2196  0.0055   1932.731   1653.005   1932.511   1652.999   1930.832   1656.623 N000217
  2410.286   1653.362 -10.234   2409.295   1622.532 -10.233  -0.1865 -0.1099   2410.305   1653.362   2410.491   1653.472   2409.481   1622.628 N000218
  1198.508   1668.425  -9.002   1187.131   1727.543  -9.001   0.0075 -0.0747   1198.506   1668.423   1198.499   1668.498   1187.123   1727.619 N000219
  1273.876   1668.480  -9.453   1264.007   1721.736  -9.452  -0.1236 -0.0198   1273.876   1668.478   1274.000   1668.498   1264.133   1721.747 N000220
  1215.614   1672.508 -12.465   1204.551   1730.312 -12.464   0.1141  0.0077   1215.613   1672.506   1215.499   1672.498   1204.434   1730.313 N000221
  2390.015   1673.750 -10.160   2389.058   1644.271 -10.158   0.0775  0.0309   2390.033   1673.750   2389.956   1673.719   2388.980   1644.246 N000222
  2110.774   1693.609  -8.868   2109.737   1684.136  -8.867  -0.0265  0.3092   2110.787   1693.609   2110.814   1693.300   2109.764   1683.826 N000223
  2508.472   1695.224  -9.095   2507.125   1657.241  -9.093  -0.0284  0.1826   2508.492   1695.224   2508.520   1695.042   2507.153   1657.057 N000224
   165.638   1695.502 -10.732    119.512   1839.373 -10.731   0.1385 -0.0308    165.620   1695.499    165.481   1695.530    119.367   1839.416 N000225
  3356.304   1697.675 -10.610   3345.991   1601.275 -10.609  -0.2199  0.1510   3356.338   1697.676   3356.558   1697.525   3346.207   1601.111 N000226
  1263.683   1704.812  -9.133   1253.322   1759.033  -9.132   0.1000 -0.1880   1263.683   1704.810   1263.583   1704.998   1253.218   1759.230 N000227
  2072.759   1707.174 -10.089   2071.571   1700.446 -10.088  -0.0161  0.1743   2072.771   1707.174   2072.788   1707.000   2071.588   1700.271 N000228
  1678.495   1715.895  -8.921   1674.435   1738.411  -8.920  -0.0049 -0.0054   1678.501   1715.894   1678.506   1715.899   1674.440   1738.416 N000229
  1516.224   1728.490  -9.176   1510.010   1763.336  -9.175   0.2237 -0.0102   1516.227   1728.489   1516.003   1728.499   1509.783   1763.363 N000230
  2963.128   1729.028  -9.997   2958.411   1659.075  -9.996   0.1276  0.0279   2963.155   1729.029   2963.027   1729.001   2958.285   1659.056 N000231
  2320.461   1730.623  -9.028   2319.554   1705.912  -9.027  -0.0395  0.1232   2320.477   1730.623   2320.517   1730.500   2319.594   1705.786 N000232
  3703.622   1745.179  -8.919   3686.912   1625.289  -8.918   0.1220  0.0794   3703.661   1745.182   3703.539   1745.102   3686.792   1625.218 N000233
  2118.876   1765.242  -9.313   2117.682   1755.060  -9.312  -0.1243  0.0420   2118.888   1765.242   2119.013   1765.200   2117.806   1755.009 N000234
  1931.157   1767.383 -10.536   1929.057   1771.046 -10.535   0.1566 -0.1165   1931.166   1767.383   1931.010   1767.500   1928.899   1771.174 N000235
  2248.666   1771.044  -8.829   2247.703   1751.409  -8.828   0.1664  0.0442   2248.681   1771.044   2248.515   1771.000   2247.537   1751.377 N000236
     0.000      0.000   0.000      0.000      0.000   0.000   0.0000  0.0000      0.000      0.000   1415.766   1773.175   1407.649   1815.932 N000237
  1996.223   1773.854 -10.961   1994.484   1772.692 -10.960   0.1982 -0.1457   1996.234   1773.854   1996.035   1774.000   1994.284   1772.852 N000238
  1544.862   1777.938  -9.140   1538.740   1810.776  -9.139  -0.0467 -0.1078   1544.865   1777.937   1544.912   1778.044   1538.787   1810.881 N000239
  1533.027   1785.242 -10.448   1526.686   1819.017 -10.447   0.0267  0.2418   1533.029   1785.241   1533.003   1784.999   1526.660   1818.776 N000240
  1644.642   1786.243 -10.037   1639.792   1811.496 -10.036   0.1418 -0.0233   1644.646   1786.243   1644.505   1786.266   1639.648   1811.530 N000241
  1957.924   1791.795  -9.928   1955.892   1793.478  -9.927  -0.0758 -0.2051   1957.934   1791.795   1958.010   1792.000   1955.968   1793.678 N000242
  1453.298   1795.109  -9.598   1445.649   1835.071  -9.597  -0.0953  0.1086   1453.299   1795.108   1453.394   1794.999   1445.747   1834.954 N000243
  1405.656   1799.479  -9.216   1397.170   1843.158  -9.214   0.1563 -0.0211   1405.657   1799.478   1405.500   1799.499   1397.011   1843.191 N000244
  1178.413   1805.550  -9.692   1165.365   1867.120  -9.691  -0.0867  0.0887   1178.410   1805.549   1178.497   1805.460   1165.455   1867.024 N000245
  2945.030   1806.690 -10.479   2940.677   1737.501 -10.477   0.0299  0.1899   2945.056   1806.691   2945.026   1806.501   2940.647   1737.314 N000246
  2038.650   1806.221 -10.061   2037.009   1801.922 -10.060  -0.8502 -2.2785   2038.661   1806.221   2039.511   1808.500   2037.856   1804.138 N000247
  1264.314   1808.826  -9.893   1253.072   1863.624  -9.892  -0.0195 -0.1742   1264.312   1808.824   1264.331   1808.999   1253.090   1863.798 N000248
   762.166   1811.741 -10.333    737.736   1907.047 -10.332   0.1661  0.1878    762.156   1811.738    761.990   1811.551    737.567   1906.871 N000249
  2449.590   1813.030  -9.936   2448.377   1778.835  -9.935   0.0901  0.0303   2449.608   1813.031   2449.518   1813.001   2448.287   1778.811 N000250
     0.000      0.000   0.000      0.000      0.000   0.000   0.0000  0.0000      0.000      0.000   2089.012   1816.357   2087.555   1808.340 N000251
  1857.805   1818.761  -8.723   1854.941   1827.969  -8.722  -1.6949  1.7605   1857.813   1818.760   1859.508   1817.000   1856.658   1826.078 N000252
  1274.904   1822.379  -9.790   1263.756   1876.438  -9.789  -0.0962 -0.1206   1274.902   1822.378   1274.998   1822.499   1263.853   1876.552 N000253
  1978.157   1822.267  -9.018   1976.130   1822.466  -9.017   0.0733  0.1001   1978.166   1822.267   1978.093   1822.167   1976.057   1822.371 N000254
  1193.011   1823.633 -11.797   1180.118   1884.184 -11.796   0.0115  0.1326   1193.008   1823.631   1192.997   1823.499   1180.107   1884.051 N000255
  2353.329   1823.663  -9.217   2352.274   1796.369  -9.216  -0.1711  0.2534   2353.345   1823.663   2353.516   1823.410   2352.445   1796.104 N000256
  2768.604   1823.620  -9.064   2765.831   1766.692  -9.062   0.1038  0.1196   2768.626   1823.621   2768.523   1823.501   2765.728   1766.580 N000257
  2273.116   1825.371  -9.405   2272.072   1803.882  -9.404   0.1159 -0.1288   2273.130   1825.372   2273.014   1825.500   2271.955   1804.019 N000258
  1870.809   1825.963  -9.699   1868.016   1834.207  -9.697  -0.1200 -0.0367   1870.816   1825.963   1870.936   1826.000   1868.137   1834.235 N000259
  2808.420   1832.594 -10.515   2805.353   1772.827 -10.514  -0.0803  0.0943   2808.443   1832.596   2808.523   1832.501   2805.433   1772.727 N000260
  2151.694   1833.816 -11.388   2150.415   1821.186 -11.387   0.1937 -0.1837   2151.706   1833.817   2151.512   1834.000   2150.220   1821.384 N000261
  1151.980   1837.056  -8.980   1138.023   1900.987  -8.979  -0.1034 -0.0272   1151.976   1837.055   1152.079   1837.082   1138.128   1901.006 N000262
  1465.769   1838.025  -9.309   1458.009   1877.252  -9.307  -0.2308 -0.0379   1465.770   1838.024   1466.001   1838.062   1458.243   1877.272 N000263
  3810.242   1846.890 -11.061   3791.917   1718.949 -11.060   0.0518 -0.1101   3810.282   1846.893   3810.230   1847.003   3791.868   1719.061 N000264
  1494.405   1847.981  -9.286   1487.032   1885.043  -9.285  -0.0950 -0.0186   1494.406   1847.981   1494.501   1847.999   1487.128   1885.054 N000265
  2993.112   1848.754 -11.056   2988.345   1775.995 -11.055   0.1117  0.1349   2993.138   1848.756   2993.026   1848.621   2988.234   1775.868 N000266
  1041.116   1852.381 -10.506   1024.291   1925.356 -10.505   0.1160 -0.1193   1041.110   1852.379   1040.994   1852.499   1024.171   1925.486 N000267
  1016.373   1855.458 -10.949    998.865   1930.466 -10.947  -0.1266 -0.0419   1016.367   1855.457   1016.493   1855.499    998.994   1930.498 N000268
  2242.438   1862.665 -11.189   2241.285   1843.384 -11.188  -0.0618  0.1649   2242.452   1862.666   2242.513   1862.501   2241.348   1843.215 N000269
  1761.487   1864.323 -10.848   1757.497   1880.938 -10.847  -0.0130 -0.1387   1761.492   1864.323   1761.505   1864.461   1757.510   1881.076 N000270
   272.551   1873.412 -10.046    228.354   2011.026 -10.045   0.0508 -0.0882    272.532   1873.409    272.481   1873.497    228.299   2011.120 N000271
  2148.690   1873.056 -14.247   2147.294   1860.656 -14.246   0.1899  0.0342   2148.702   1873.056   2148.512   1873.022   2147.104   1860.636 N000272
  1208.792   1876.738  -9.779   1195.735   1936.473  -9.777  -0.1724 -0.1188   1208.788   1876.737   1208.960   1876.856   1195.910   1936.579 N000273
  2280.440   1879.101  -9.213   2279.296   1857.042  -9.212  -0.0605  0.1006   2280.453   1879.101   2280.514   1879.001   2279.357   1856.937 N000274
  2585.684   1882.611 -13.221   2583.967   1838.496 -13.220   0.1843  0.1111   2585.703   1882.612   2585.519   1882.501   2583.784   1838.398 N000275
  1631.367   1887.205  -9.389   1625.724   1913.881  -9.387  -0.0828  0.1548   1631.370   1887.205   1631.453   1887.050   1625.809   1913.719 N000276
  1370.706   1888.154 -10.050   1360.867   1935.141 -10.049   0.1703  0.1541   1370.705   1888.153   1370.534   1887.999   1360.695   1934.999 N000277
  2720.497   1890.599  -9.563   2718.088   1836.840  -9.561   0.0286  0.0986   2720.518   1890.600   2720.490   1890.502   2718.060   1836.744 N000278
  1071.496   1896.445 -10.086   1054.976   1967.407 -10.085  -0.0037 -0.0552   1071.490   1896.444   1071.494   1896.499   1054.979   1967.462 N000279
   953.264   1899.425  -9.668    933.526   1980.046  -9.666  -0.1645 -0.0751    953.256   1899.424    953.420   1899.499    933.694   1980.108 N000280
  1788.198   1903.199 -10.174   1784.265   1917.921 -10.172   0.1985  0.1993   1788.204   1903.199   1788.005   1903.000   1784.066   1917.736 N000281
  2476.291   1903.895 -11.649   2474.925   1867.617 -11.648  -0.2086 -0.1047   2476.308   1903.896   2476.517   1904.001   2475.133   1867.706 N000282
  1733.303   1907.504 -11.333   1728.767   1926.440 -11.332  -0.1965  0.0042   1733.308   1907.504   1733.504   1907.500   1728.966   1926.421 N000283
  1281.418   1916.442  -8.968   1269.550   1970.729  -8.966   0.0182 -0.0583   1281.415   1916.441   1281.397   1916.499   1269.531   1970.789 N000284
   965.455   1925.787 -11.457    945.749   2005.715 -11.456  -0.0450  0.2243    965.446   1925.786    965.491   1925.561    945.798   2005.484 N000285
     0.000      0.000   0.000      0.000      0.000   0.000   0.0000  0.0000      0.000      0.000    488.484   1928.498     -1.000     -1.000 N000286
  2661.993   1934.291  -9.152   2659.912   1884.609  -9.150  -0.0067 -0.1377   2662.013   1934.292   2662.019   1934.430   2659.918   1884.746 N000287
  2625.257   1936.759  -9.039   2623.350   1889.709  -9.038   0.1739 -0.2408   2625.276   1936.761   2625.102   1937.002   2623.177   1889.962 N000288
  2719.986   1937.535 -10.122   2717.590   1883.699 -10.121  -0.0137  0.0347   2720.007   1937.536   2720.020   1937.502   2717.603   1883.663 N000289
  2285.269   1944.295  -9.016   2283.984   1921.905  -9.015   0.0192  0.2321   2285.282   1944.296   2285.263   1944.064   2283.966   1921.674 N000290
  2451.780   1954.357 -11.050   2450.396   1919.819 -11.049  -0.2202 -0.1434   2451.795   1954.358   2452.016   1954.501   2450.616   1919.946 N000291
  2648.111   1955.002 -10.459   2646.087   1906.285 -10.458   0.1110  0.0023   2648.130   1955.004   2648.019   1955.002   2645.977   1906.291 N000292
  3182.594   1956.489 -12.052   3175.868   1870.063 -12.051   0.0944 -0.0108   3182.622   1956.492   3182.528   1956.503   3175.775   1870.080 N000293
  1401.848   1961.614 -12.020   1391.964   2006.723 -12.019  -0.1525  0.1136   1401.846   1961.613   1401.998   1961.500   1392.120   2006.596 N000294
  3862.166   1961.724  -8.701   3843.513   1829.326  -8.700  -0.0337  0.2243   3862.205   1961.728   3862.239   1961.504   3843.545   1829.101 N000295
     0.000      0.000   0.000      0.000      0.000   0.000   0.0000  0.0000      0.000      0.000    522.984   1963.498     -1.000     -1.000 N000296
  2103.840   1963.592 -11.562   2101.951   1954.675 -11.560  -0.1601  0.0919   2103.850   1963.593   2104.010   1963.501   2102.112   1954.571 N000297
  1120.425   1966.047 -10.498   1104.376   2033.785 -10.497  -0.0745  0.0473   1120.419   1966.047   1120.493   1965.999   1104.453   2033.731 N000298
  2447.009   1973.395 -10.288   2445.605   1939.207 -10.286   0.0091 -0.1053   2447.024   1973.396   2447.015   1973.502   2445.596   1939.313 N000299
     0.000      0.000   0.000      0.000      0.000   0.000   0.0000  0.0000      0.000      0.000    583.484   1980.498     -1.000     -1.000 N000300
  2875.095   1979.712  -8.557   2871.639   1914.757  -8.556   0.2948 -0.0878   2875.117   1979.714   2874.822   1979.802   2871.347   1914.866 N000301
  2550.661   1999.175  -8.670   2548.982   1957.463  -8.668   0.0612  0.1747   2550.678   1999.177   2550.617   1999.002   2548.921   1957.293 N000302
     0.000      0.000   0.000      0.000      0.000   0.000   0.0000  0.0000      0.000      0.000   2820.521   2005.002   2817.481   1943.877 N000303
   167.956   2007.878 -13.364    121.112   2105.628 -13.363  -0.0438 -0.1222    167.933   2007.876    167.977   2007.998    121.156   2105.748 N000304
     0.000      0.000   0.000      0.000      0.000   0.000   0.0000  0.0000      0.000      0.000   1392.947   2011.500     -1.000     -1.000 N000305
  2010.389   2014.428 -10.969   2007.742   2012.719 -10.967  -0.1112 -0.0723   2010.396   2014.429   2010.508   2014.501   2007.854   2012.783 N000306
  3153.500   2021.465  -8.677   3147.309   1936.810  -8.675  -0.2002  0.0647   3153.526   2021.468   3153.726   2021.403   3147.506   1936.731 N000307
  2461.883   2030.091  -9.124   2460.364   1994.863  -9.123  -0.1173  0.0914   2461.897   2030.093   2462.015   2030.002   2460.482   1994.763 N000308
  2375.070   2030.895  -9.522   2373.622   2002.031  -9.521   0.0697 -0.0548   2375.083   2030.897   2375.013   2030.952   2373.552   2002.091 N000309
  3055.578   2046.099 -10.023   3050.541   1968.242 -10.021   0.0784  0.0987   3055.603   2046.102   3055.524   2046.003   3050.463   1968.149 N000310
  2157.585   2048.034  -9.426   2155.628   2035.374  -9.425   0.0852  0.0342   2157.595   2048.036   2157.509   2048.001   2155.543   2035.346 N000311
  2354.075   2056.225 -12.357   2352.568   2028.962 -12.356   0.0745  0.1623   2354.087   2056.227   2354.013   2056.064   2352.494   2028.805 N000312
  2557.689   2060.261  -9.317   2555.918   2018.076  -9.315   0.1176 -0.0966   2557.705   2060.263   2557.587   2060.359   2555.801   2018.181 N000313
  3119.619   2072.310 -11.581   3113.942   1989.892 -11.580   0.1190 -0.1899   3119.644   2072.313   3119.525   2072.503   3113.825   1990.090 N000314
     0.000      0.000   0.000      0.000      0.000   0.000   0.0000  0.0000      0.000      0.000   2527.515   2093.002     -1.000     -1.000 N000315
  1732.905   2095.075 -11.715   1730.856   2062.817 -11.714  -0.0955  0.0747   1732.906   2095.076   1733.002   2095.001   1730.953   2062.734 N000316
     0.000      0.000   0.000      0.000      0.000   0.000   0.0000  0.0000      0.000      0.000   1604.611   2101.001   1600.909   2078.841 N000317
  1967.792   2121.540 -10.992   1967.816   2071.281 -10.991  -0.2076  0.0398   1967.798   2121.541   1968.005   2121.501   1968.025   2071.225 N000318
  1368.383   2125.825 -10.549   1360.485   2122.803 -10.548  -0.1167 -0.1753   1368.379   2125.825   1368.495   2126.001   1360.603   2122.971 N000319
   811.427   2130.300 -11.926    788.922   2173.808 -11.925  -0.0731 -0.2001    811.413   2130.300    811.486   2130.500    788.995   2174.005 N000320
  1447.214   2138.978  -9.842   1440.715   2129.700  -9.840   0.0985 -0.0222   1447.210   2138.979   1447.112   2139.001   1440.615   2129.731 N000321
     0.000      0.000   0.000      0.000      0.000   0.000   0.0000  0.0000      0.000      0.000   1942.005   2139.439   1941.770   2091.248 N000322
  2323.966   2141.128  -9.465   2325.460   2063.984  -9.463  -0.0339  0.0867   2323.977   2141.131   2324.011   2141.044   2325.494   2063.894 N000323
     0.000      0.000   0.000      0.000      0.000   0.000   0.0000  0.0000      0.000      0.000   1969.505   2154.002   1969.424   2103.778 N000324
  2225.337   2155.891 -11.216   2226.622   2086.195 -11.215  -0.1364 -0.1085   2225.346   2155.894   2225.483   2156.002   2226.758   2086.294 N000325
   509.031   2157.389 -11.730    475.055   2227.666 -11.729   0.0310 -0.1108    509.012   2157.388    508.981   2157.499    475.021   2227.781 N000326
  2086.308   2159.364 -10.309   2086.990   2100.231 -10.307  -0.1924 -0.1359   2086.314   2159.366   2086.507   2159.502   2087.183   2100.353 N000327
  2050.810   2164.484 -12.466   2051.264   2108.087 -12.465  -0.1656 -0.0163   2050.817   2164.486   2050.982   2164.502   2051.431   2108.090 N000328
  2163.629   2166.198 -11.964   2164.669   2101.211 -11.963   0.1287  0.1977   2163.637   2166.200   2163.508   2166.002   2164.540   2101.022 N000329
  1638.293   2175.099 -11.154   1634.612   2150.857 -11.153  -0.2067  0.0994   1638.292   2175.101   1638.499   2175.001   1634.822   2150.740 N000330
  1728.547   2174.959 -10.609   1726.037   2143.593 -10.608   0.0473 -0.0414   1728.548   2174.960   1728.501   2175.001   1725.989   2143.638 N000331
  2448.894   2179.020 -11.496   2450.341   2092.648 -11.494  -0.1056  0.0196   2448.907   2179.022   2449.013   2179.003   2450.446   2092.620 N000332
  2248.181   2181.975  -9.579   2249.481   2110.647  -9.578   0.1810 -0.0252   2248.190   2181.977   2248.009   2182.002   2249.300   2110.686 N000333
  1763.280   2185.182 -11.271   1761.117   2151.168 -11.270  -0.1933  0.1557   1763.281   2185.184   1763.475   2185.028   1761.313   2150.996 N000334
  2502.624   2190.861  -9.806   2503.986   2100.524  -9.804   0.1237 -0.1392   2502.637   2190.864   2502.513   2191.003   2503.862   2100.673 N000335
  1449.164   2191.819  -9.967   1442.307   2182.902  -9.966   0.1644 -0.1812   1449.160   2191.820   1448.996   2192.001   1442.138   2183.098 N000336
  1330.171   2198.773  -9.739   1320.897   2199.646  -9.738   0.1714  0.2060   1330.165   2198.773   1329.994   2198.567   1320.724   2199.452 N000337
  1178.099   2200.357  -9.795   1165.341   2213.824  -9.793   0.0987 -0.1432   1178.090   2200.357   1177.991   2200.501   1165.239   2213.977 N000338
  3153.048   2200.396 -11.225   3150.119   2062.889 -11.224   0.0476 -0.1042   3153.072   2200.400   3153.024   2200.504   3150.072   2062.996 N000339
     0.000      0.000   0.000      0.000      0.000   0.000   0.0000  0.0000      0.000      0.000   3571.031   2200.505     -1.000     -1.000 N000340
  1108.098   2206.062 -11.775   1093.515   2225.457 -11.774   0.0985  0.0615   1108.089   2206.062   1107.990   2206.001   1093.414   2225.403 N000341
  1236.246   2216.765 -11.145   1224.717   2225.608 -11.144   0.0083 -0.0679   1236.238   2216.766   1236.230   2216.834   1224.708   2225.677 N000342
  2552.411   2220.848 -11.187   2553.679   2126.878 -11.186  -0.0886 -0.1519   2552.425   2220.851   2552.514   2221.003   2553.768   2127.024 N000343
  1499.187   2236.978  -9.894   1492.883   2224.483  -9.893   0.0986 -0.0218   1499.183   2236.979   1499.084   2237.001   1492.782   2224.513 N000344
  3033.911   2241.214  -9.298   3032.412   2112.124  -9.296  -0.0887  0.1751   3033.933   2241.218   3034.021   2241.042   3032.499   2111.943 N000345
  2149.896   2248.580 -10.053   2150.664   2185.050 -10.052  -0.1036  0.0796   2149.903   2248.582   2150.007   2248.502   2150.768   2184.962 N000346
   437.572   2251.701 -11.510    399.259   2330.116 -11.508   0.0721  0.2011    437.550   2251.701    437.478   2251.500    399.187   2329.917 N000347
  3181.307   2257.988  -9.085   3178.323   2118.335  -9.084   0.0565 -0.0123   3181.330   2257.992   3181.274   2258.004   3178.267   2118.351 N000348
  1379.227   2258.418 -10.418   1370.462   2255.968 -10.417   0.2272 -0.0823   1379.221   2258.419   1378.994   2258.501   1370.229   2256.070 N000349
  1305.795   2261.577 -12.384   1295.433   2265.228 -12.382  -0.2054  0.0765   1305.787   2261.578   1305.993   2261.501   1295.644   2265.134 N000350
  2148.707   2272.400 -10.327   2149.397   2209.103 -10.326   0.2066 -0.1000   2148.713   2272.403   2148.506   2272.503   2149.189   2209.220 N000351
  2591.388   2274.404 -11.142   2592.575   2177.670 -11.141  -0.1122 -0.0956   2591.401   2274.408   2591.514   2274.503   2592.687   2177.757 N000352
  1352.298   2277.173 -11.210   1342.803   2277.179 -11.209  -0.2018  0.1486   1352.291   2277.174   1352.493   2277.025   1343.010   2277.012 N000353
     0.000      0.000   0.000      0.000      0.000   0.000   0.0000  0.0000      0.000      0.000   3230.024   2277.504   3226.535   2134.346 N000354
  2303.287   2278.395  -9.510   2304.538   2203.315  -9.509  -0.1716 -0.1052   2303.295   2278.398   2303.467   2278.503   2304.710   2203.408 N000355
  2743.711   2279.656  -8.809   2744.369   2171.678  -8.808   0.2110  0.1556   2743.727   2279.659   2743.516   2279.504   2744.159   2171.538 N000356
   985.309   2282.662  -9.736    966.475   2313.602  -9.735  -0.1905  0.1617    985.296   2282.662    985.487   2282.501    966.673   2313.421 N000357
   389.754   2287.781 -10.471    348.813   2371.241 -10.470  -0.0241 -0.0249    389.731   2287.781    389.755   2287.805    348.838   2371.264 N000358
  1739.359   2287.900  -9.379   1736.344   2256.663  -9.378  -0.1408 -0.1504   1739.359   2287.902   1739.499   2288.052   1736.486   2256.804 N000359
  1240.080   2292.743  -9.172   1227.920   2302.283  -9.171   0.0795  0.1717   1240.071   2292.744   1239.991   2292.573   1227.840   2302.116 N000360
  2658.202   2295.478 -11.010   2659.211   2193.846 -11.009   0.1746 -0.0219   2658.217   2295.482   2658.042   2295.504   2659.037   2193.881 N000361
  1725.948   2301.039  -9.544   1722.679   2270.999  -9.543  -0.0524  0.0390   1725.947   2301.041   1725.999   2301.002   1722.732   2270.955 N000362
  1251.234   2303.914  -9.983   1239.232   2312.679  -9.982  -0.1506 -0.0862   1251.225   2303.915   1251.376   2304.001   1239.385   2312.754 N000363
  1716.185   2303.821  -8.975   1712.768   2274.587  -8.974   0.1845 -0.0125   1716.183   2303.823   1715.999   2303.835   1712.581   2274.615 N000364
  1986.731   2306.627 -10.466   1986.199   2256.107 -10.464  -0.0188  0.1267   1986.734   2306.629   1986.753   2306.502   1986.218   2255.978 N000365
  3437.446   2308.510  -8.778   3431.338   2150.647  -8.777  -0.0537  0.0102   3437.473   2308.515   3437.527   2308.505   3431.391   2150.633 N000366
  1397.033   2308.999  -9.434   1388.196   2305.725  -9.433   0.0334 -0.0008   1397.027   2309.001   1396.993   2309.002   1388.162   2305.729 N000367
   564.467   2309.495  -8.702    530.569   2377.748  -8.701  -0.0329 -0.1051    564.447   2309.495    564.480   2309.600    530.602   2377.852 N000368
   600.098   2309.751  -9.054    567.621   2374.835  -9.053   0.0979  0.1084    600.078   2309.751    599.980   2309.643    567.521   2374.733 N000369
   925.634   2309.704  -8.574    904.660   2346.228  -8.573   0.1341  0.0037    925.620   2309.704    925.486   2309.701    904.522   2346.236 N000370
  2253.312   2312.557 -10.954   2254.344   2241.479 -10.953  -0.1879  0.0571   2253.320   2312.560   2253.507   2312.503   2254.533   2241.407 N000371
  2705.058   2314.522  -9.272   2705.915   2209.471  -9.271   0.0578  0.0219   2705.073   2314.526   2705.015   2314.504   2705.857   2209.453 N000372
  1669.783   2315.766  -9.976   1665.647   2290.370  -9.975  -0.2621 -0.1431   1669.781   2315.768   1670.043   2315.911   1665.912   2290.494 N000373
  1187.770   2324.685 -10.240   1174.016   2339.082 -10.239  -0.2658  0.1850   1187.760   2324.686   1188.025   2324.501   1174.291   2338.872 N000374
  2428.826   2325.982  -8.881   2430.169   2241.618  -8.879  -0.1022  0.0533   2428.836   2325.985   2428.939   2325.932   2430.271   2241.557 N000375
     0.000      0.000   0.000      0.000      0.000   0.000   0.0000  0.0000      0.000      0.000   2105.005   2327.503   2105.251   2267.951 N000376
     0.000      0.000   0.000      0.000      0.000   0.000   0.0000  0.0000      0.000      0.000   1675.898   2334.002   1671.726   2308.313 N000377
  2144.113   2336.132 -11.572   2144.576   2273.617 -11.570   0.1128  0.1324   2144.118   2336.135   2144.005   2336.003   2144.463   2273.492 N000378
   560.074   2343.261 -10.198    525.497   2412.606 -10.197   0.0740 -0.2076    560.053   2343.261    559.979   2343.469    525.417   2412.825 N000379
  1097.405   2347.337  -9.818   1081.031   2369.749  -9.817  -0.1244 -0.1633   1097.393   2347.338   1097.517   2347.501   1081.157   2369.905 N000380
  1461.738   2349.533  -9.359   1453.840   2341.459  -9.358   0.0300  0.0743   1461.732   2349.534   1461.702   2349.460   1453.810   2341.386 N000381
  1657.252   2364.574 -10.937   1652.593   2340.740 -10.936  -0.1921  0.0744   1657.249   2364.577   1657.441   2364.502   1652.788   2340.649 N000382
     0.000      0.000   0.000      0.000      0.000   0.000   0.0000  0.0000      0.000      0.000   2445.010   2366.816   2446.293   2281.434 N000383
  2506.542   2367.110 -10.239   2507.834   2277.079 -10.237   0.0423  0.1101   2506.553   2367.114   2506.511   2367.004   2507.792   2276.971 N000384
  2015.929   2372.584 -11.768   2015.356   2320.337 -11.767  -0.0707  0.0838   2015.932   2372.587   2016.003   2372.503   2015.428   2320.247 N000385
  1267.570   2373.810  -9.607   1255.267   2382.239  -9.606   0.1205 -0.1401   1267.561   2373.812   1267.440   2373.952   1255.142   2382.391 N000386
  2680.499   2374.027  -9.590   2681.491   2270.991  -9.589  -0.0010  0.0268   2680.513   2374.031   2680.514   2374.004   2681.492   2270.964 N000387
   346.784   2387.062 -10.056    302.283   2476.685 -10.055  -0.2164  0.0618    346.759   2387.062    346.975   2387.000    302.510   2476.602 N000388
  2072.256   2386.868  -9.212   2072.062   2330.341  -9.211  -0.0565 -0.1324   2072.260   2386.871   2072.316   2387.003   2072.119   2330.471 N000389
  1688.184   2392.499 -10.413   1683.782   2366.499 -10.412   0.1836 -0.0010   1688.181   2392.501   1687.997   2392.502   1683.596   2366.515 N000390
  1180.257   2392.745 -10.185   1165.594   2408.853 -10.184   0.2278 -0.6957   1180.246   2392.747   1180.018   2393.443   1165.353   2409.580 N000391
   671.340   2394.307  -8.997    640.393   2454.784  -8.995  -0.1604 -0.1931    671.320   2394.308    671.480   2394.501    640.557   2454.967 N000392
   386.781   2407.834 -10.618    343.754   2494.301 -10.617  -0.1565 -0.1661    386.756   2407.834    386.913   2408.000    343.915   2494.457 N000393
  1635.537   2418.556 -10.323   1630.139   2397.155 -10.321   0.0365  0.0556   1635.532   2418.558   1635.496   2418.502   1630.103   2397.102 N000394
  2760.393   2425.733  -9.142   2761.146   2316.955  -9.141  -2.1074 -0.7671   2760.407   2425.737   2762.514   2426.504   2763.244   2317.568 N000395
  1724.462   2429.607 -11.321   1720.327   2401.130 -11.320  -0.0384  0.1072   1724.459   2429.610   1724.497   2429.503   1720.367   2401.018 N000396
  1602.274   2433.135 -10.256   1596.223   2414.646 -10.255  -0.1635  0.1354   1602.269   2433.138   1602.433   2433.002   1596.391   2414.495 N000397
  1671.974   2434.283 -11.271   1667.033   2410.121 -11.270  -0.0559 -0.2170   1671.970   2434.286   1672.026   2434.503   1667.088   2410.336 N000398
  1311.985   2435.033  -9.762   1300.105   2440.690  -9.761  -0.0154  0.0329   1311.975   2435.035   1311.990   2435.002   1300.121   2440.655 N000399
  2477.081   2440.460  -9.107   2478.301   2353.087  -9.106   0.1719  0.0512   2477.091   2440.464   2476.919   2440.413   2478.129   2353.049 N000400
  1978.116   2443.380 -10.569   1976.879   2394.787 -10.568   0.1158 -0.1199   1978.117   2443.383   1978.001   2443.503   1976.762   2394.917 N000401
  2961.088   2447.511 -12.542   2960.793   2323.920 -12.541   0.0879  0.0108   2961.105   2447.516   2961.017   2447.505   2960.706   2323.916 N000402
  3882.510   2452.613  -9.266   3869.703   2263.456  -9.264   0.0100  0.0568   3882.542   2452.619   3882.533   2452.562   3869.693   2263.400 N000403
  2506.420   2455.296 -11.064   2507.629   2365.788 -11.062  -0.0796 -0.1757   2506.430   2455.301   2506.510   2455.476   2507.708   2365.959 N000404
   462.602   2457.274 -11.013    422.125   2538.014 -11.012   0.1017 -0.2256    462.578   2457.275    462.476   2457.501    422.015   2538.254 N000405
  1639.209   2459.245 -12.793   1633.557   2438.091 -12.792   0.2095  0.0857   1639.205   2459.248   1638.995   2459.162   1633.345   2438.022 N000406
  1392.987   2475.157  -9.889   1382.526   2474.654  -9.888  -0.0132  0.1571   1392.978   2475.159   1392.991   2475.002   1382.541   2474.493 N000407
  2276.000   2477.771  -8.608   2276.657   2406.150  -8.607  -0.1995  0.1707   2276.006   2477.775   2276.206   2477.604   2276.858   2405.962 N000408
  1824.309   2490.609 -10.044   1821.099   2454.840 -10.043  -0.1911  0.1087   1824.307   2490.612   1824.498   2490.503   1821.293   2454.715 N000409
  2498.250   2490.389  -8.855   2499.415   2401.751  -8.854  -0.0504 -0.0106   2498.259   2490.394   2498.309   2490.404   2499.466   2401.758 N000410
  2378.463   2492.008  -9.568   2379.426   2412.576  -9.567  -0.0093  0.0081   2378.470   2492.012   2378.479   2492.004   2379.435   2412.567 N000411
  1743.804   2492.307 -11.138   1739.498   2463.077 -11.137  -0.1960 -0.1935   1743.801   2492.310   1743.997   2492.503   1739.695   2463.257 N000412
   704.772   2495.881  -8.515    673.596   2555.593  -8.514  -0.2277 -0.1195    704.752   2495.882    704.979   2496.001    673.831   2555.695 N000413
  2264.117   2497.522  -9.115   2264.657   2427.002  -9.114   0.1167  0.0217   2264.122   2497.526   2264.005   2497.504   2264.540   2426.989 N000414
  2120.923   2501.031  -9.213   2120.601   2441.764  -9.212  -0.0384  0.0700   2120.926   2501.035   2120.964   2500.965   2120.640   2441.690 N000415
  3015.509   2502.640  -9.969   3014.957   2375.225  -9.968   0.0091  0.1396   3015.527   2502.645   3015.518   2502.505   3014.948   2375.086 N000416
  1317.217   2505.216 -10.553   1304.738   2511.608 -10.552  -0.2240  0.2156   1317.207   2505.218   1317.431   2505.002   1304.970   2511.370 N000417
  4082.446   2514.192  -9.069   4066.006   2311.210  -9.068  -0.0540  0.1917   4082.481   2514.199   4082.535   2514.007   4066.057   2311.015 N000418
  2289.200   2514.237  -9.175   2289.797   2441.919  -9.173   0.1094  0.1466   2289.206   2514.241   2289.096   2514.095   2289.688   2441.780 N000419
  2656.240   2516.493  -9.054   2657.311   2416.031  -9.053   0.2403 -0.0066   2656.252   2516.498   2656.011   2516.505   2657.071   2416.056 N000420
  1998.620   2516.757 -10.471   1997.205   2467.345 -10.469   0.1203 -0.2763   1998.621   2516.761   1998.500   2517.037   1997.082   2467.634 N000421
  2267.678   2527.637  -8.947   2268.135   2457.126  -8.946   0.1776  0.1373   2267.682   2527.641   2267.505   2527.504   2267.957   2457.001 N000422
  2220.486   2527.954  -9.782   2220.695   2461.139  -9.781  -0.0143 -0.0458   2220.490   2527.958   2220.504   2528.004   2220.709   2461.184 N000423
  2180.786   2528.842  -8.907   2180.752   2465.153  -8.906  -0.1586 -0.1026   2180.789   2528.846   2180.948   2528.948   2180.911   2465.244 N000424
  2573.299   2533.841  -8.740   2574.431   2439.804  -8.739   0.1321 -0.1589   2573.309   2533.846   2573.177   2534.005   2574.299   2439.974 N000425
  2793.453   2533.812 -11.042   2794.165   2423.103 -11.041  -0.0466 -0.1879   2793.467   2533.817   2793.513   2534.005   2794.212   2423.288 N000426
  3088.688   2537.305 -11.707   3087.662   2404.630 -11.706   0.1883 -0.1952   3088.707   2537.310   3088.518   2537.506   3087.476   2404.840 N000427
   473.203   2547.885  -9.561    431.664   2629.934  -9.560   0.1646 -0.1150    473.178   2547.886    473.013   2548.001    431.490   2630.067 N000428
   792.277   2567.375  -8.623    763.299   2620.873  -8.622  -0.2229 -0.7255    792.257   2567.376    792.480   2568.102    763.519   2621.595 N000429
  1399.581   2568.763 -11.609   1388.324   2569.308 -11.608   0.0808 -0.2368   1399.571   2568.766   1399.490   2569.003   1388.239   2569.556 N000430
   802.175   2569.589  -9.829    773.524   2622.250  -9.828   0.1748  0.0887    802.155   2569.591    801.980   2569.502    773.344   2622.175 N000431
  1486.260   2571.590  -9.765   1476.814   2564.876  -9.764  -0.1898  0.0897   1486.251   2571.593   1486.441   2571.503   1477.008   2564.769 N000432
  2637.169   2573.961 -12.981   2638.236   2475.368 -12.980   0.1692 -0.0391   2637.179   2573.966   2637.010   2574.005   2638.067   2475.421 N000433
  1166.316   2576.553 -10.170   1149.167   2597.229 -10.169  -0.1579  0.0531   1166.302   2576.556   1166.460   2576.503   1149.330   2597.161 N000434
  2097.182   2582.940 -10.557   2096.295   2526.478 -10.556   0.1819 -0.0595   2097.183   2582.945   2097.001   2583.004   2096.112   2526.553 N000435
     0.000      0.000   0.000      0.000      0.000   0.000   0.0000  0.0000      0.000      0.000   2321.005   2583.504   2321.514   2509.390 N000436
   944.283   2589.340 -10.686    920.256   2629.771 -10.685  -0.2167 -0.1602    944.265   2589.342    944.482   2589.502    920.477   2629.916 N000437
  1718.725   2590.826 -11.048   1713.288   2565.089 -11.047   0.1198 -0.1739   1718.720   2590.830   1718.600   2591.004   1713.165   2565.276 N000438
  2504.553   2596.057  -9.387   2505.557   2507.827  -9.385   0.0532  0.0567   2504.561   2596.062   2504.508   2596.005   2505.504   2507.774 N000439
  1263.909   2597.871  -9.831   1249.107   2610.541  -9.830  -0.0910 -0.1290   1263.896   2597.874   1263.987   2598.003   1249.199   2610.665 N000440
  2159.741   2599.244  -8.885   2159.261   2538.012  -8.884   0.1405 -0.1557   2159.743   2599.249   2159.602   2599.404   2159.119   2538.181 N000441
  1702.070   2606.156 -10.429   1696.240   2582.038 -10.428   0.0698  0.1559   1702.064   2606.159   1701.994   2606.004   1696.170   2581.886 N000442
  1108.405   2608.283 -10.240   1089.217   2634.664 -10.239  -0.0946 -0.1647   1108.390   2608.285   1108.485   2608.450   1089.312   2634.824 N000443
  2854.380   2619.988  -8.901   2854.921   2505.247  -8.900  -0.0643 -0.0121   2854.393   2619.993   2854.458   2620.006   2854.985   2505.254 N000444
   671.852   2621.726  -8.928    637.439   2687.460  -8.927  -0.3483  0.2256    671.829   2621.728    672.177   2621.502    637.805   2687.197 N000445
  2571.444   2621.439  -8.556   2572.474   2528.296  -8.555  -0.1563  0.0396   2571.452   2621.445   2571.609   2621.405   2572.630   2528.244 N000446
  1419.999   2627.612 -12.313   1408.582   2627.514 -12.312  -0.0007  0.1120   1419.989   2627.615   1419.989   2627.503   1408.584   2627.400 N000447
  2569.421   2628.688  -9.246   2570.440   2535.770  -9.245  -0.0790  0.1885   2569.429   2628.694   2569.508   2628.505   2570.519   2535.573 N000448
   273.836   2638.527 -10.098    221.244   2741.745 -10.097  -0.1638  0.0272    273.807   2638.529    273.970   2638.501    221.417   2741.701 N000449
  1262.797   2645.525 -11.732   1247.413   2659.256 -11.730  -0.2025  0.0253   1262.784   2645.528   1262.987   2645.503   1247.621   2659.213 N000450
    92.058   2649.609 -10.125     29.674   2770.580 -10.124   0.0582  0.1095     92.025   2649.611     91.967   2649.501     29.615   2770.473 N000451
  3528.506   2658.211 -10.461   3523.130   2493.946 -10.460   0.0062  0.0439   3528.530   2658.218   3528.524   2658.174   3523.124   2493.902 N000452
  2958.257   2660.748 -10.266   2958.365   2538.466 -10.265  -0.2151 -0.2244   2958.271   2660.754   2958.487   2660.978   2958.579   2538.676 N000453
  3749.285   2660.700  -9.780   3740.533   2480.735  -9.778  -0.1811  0.1329   3749.313   2660.707   3749.494   2660.574   3740.710   2480.589 N000454
  2453.809   2663.089 -11.104   2454.569   2579.488 -11.103  -0.1694  0.0889   2453.815   2663.094   2453.984   2663.005   2454.739   2579.385 N000455
  2239.345   2663.778  -8.666   2239.130   2597.039  -8.664  -0.2552 -0.2215   2239.347   2663.783   2239.603   2664.005   2239.386   2597.243 N000456
  1359.582   2664.501  -9.525   1346.380   2670.284  -9.524   0.0821  0.0011   1359.570   2664.504   1359.488   2664.503   1346.296   2670.290 N000457
  2759.036   2670.231  -9.042   2759.889   2563.138  -9.041   0.0364  0.2307   2759.047   2670.236   2759.011   2670.006   2759.853   2562.908 N000458
  3616.312   2669.706  -9.423   3609.731   2499.194  -9.422  -0.0947  0.1123   3616.337   2669.713   3616.431   2669.601   3609.824   2499.075 N000459
  1419.207   2684.390  -8.893   1407.174   2685.469  -8.892   0.3734 -0.0267   1419.195   2684.394   1418.822   2684.420   1406.793   2685.528 N000460
  2685.565   2684.502 -13.423   2686.514   2583.179 -13.422   0.0651  0.0020   2685.575   2684.508   2685.510   2684.506   2686.449   2583.182 N000461
     0.000      0.000   0.000      0.000      0.000   0.000   0.0000  0.0000      0.000      0.000   3181.518   2686.406   3180.133   2547.603 N000462
  2938.573   2688.021  -8.725   2938.810   2567.428  -8.723   0.0730  0.1214   2938.587   2688.027   2938.514   2687.906   2938.738   2567.311 N000463
  1580.276   2693.610 -10.448   1571.515   2681.200 -10.446  -0.1904  0.1097   1580.267   2693.614   1580.458   2693.504   1571.710   2681.072 N000464
  1944.862   2699.822 -11.389   1941.754   2657.287 -11.388  -0.1378 -0.1775   1944.859   2699.827   1944.997   2700.004   1941.892   2657.456 N000465
  3009.094   2715.955  -8.577   3009.009   2590.260  -8.575   0.0939 -0.0454   3009.108   2715.961   3009.014   2716.006   3008.916   2590.313 N000466
   302.536   2717.682  -9.629    249.814   2820.598  -9.628   0.0362  0.1823    302.506   2717.684    302.470   2717.502    249.780   2820.413 N000467
  2035.973   2723.351 -11.682   2033.735   2673.775 -11.681  -0.0274 -0.1488   2035.971   2723.356   2035.998   2723.505   2033.762   2673.924 N000468
  2761.214   2729.929  -8.758   2762.045   2623.232  -8.757   0.0269 -0.0086   2761.225   2729.935   2761.198   2729.943   2762.018   2623.243 N000469
   483.724   2730.674 -10.645    439.403   2816.837 -10.644   0.0701  0.1736    483.697   2730.676    483.626   2730.502    439.333   2816.665 N000470
  1773.001   2734.285  -9.834   1767.237   2706.505  -9.833   0.0008  0.1971   1772.995   2734.290   1772.994   2734.092   1767.238   2706.305 N000471
   938.790   2751.095  -9.074    912.233   2795.915  -9.073  -0.1099  0.1447    938.770   2751.098    938.880   2750.953    912.349   2795.757 N000472
     0.000      0.000   0.000      0.000      0.000   0.000   0.0000  0.0000      0.000      0.000   1733.493   2751.504   1726.953   2727.334 N000473
  1623.104   2752.079  -9.534   1614.590   2737.193  -9.532   0.1035  0.0786   1623.095   2752.083   1622.991   2752.004   1614.485   2737.121 N000474
  2483.885   2764.686  -9.402   2484.478   2679.958  -9.401  -0.1145  0.1865   2483.891   2764.692   2484.005   2764.506   2484.593   2679.760 N000475
  2038.558   2768.846  -9.009   2036.064   2719.801  -9.008   0.0583 -0.1536   2038.556   2768.851   2038.498   2769.005   2036.004   2719.962 N000476
   807.423   2769.226  -8.972    775.877   2826.455  -8.971  -0.0775  0.0112    807.400   2769.229    807.477   2769.217    775.958   2826.436 N000477
  1163.537   2776.566  -8.813   1143.750   2801.941  -8.812   0.1794  0.2091   1163.520   2776.570   1163.340   2776.361   1143.568   2801.743 N000478
  3340.737   2779.733 -11.430   3338.161   2629.752 -11.429  -0.0523  0.0753   3340.756   2779.740   3340.809   2779.665   3338.212   2629.672 N000479
  2465.733   2784.426  -8.817   2466.211   2701.386  -8.815  -0.0170 -0.0739   2465.738   2784.432   2465.755   2784.506   2466.228   2701.460 N000480
     0.000      0.000   0.000      0.000      0.000   0.000   0.0000  0.0000      0.000      0.000   2231.501   2792.505   2230.648   2728.223 N000481
  1085.696   2793.238  -9.414   1063.328   2825.950  -9.413   0.1195  0.2377   1085.678   2793.241   1085.559   2793.004   1063.208   2825.717 N000482
  2761.333   2793.068  -8.873   2762.127   2687.031  -8.872  -0.1666  0.0682   2761.343   2793.074   2761.509   2793.006   2762.293   2686.949 N000483
  2000.953   2795.845  -9.369   1997.861   2750.340  -9.368  -0.0470 -0.1547   2000.950   2795.850   2000.997   2796.005   1997.907   2750.493 N000484
  1779.055   2796.848 -11.891   1772.860   2769.745 -11.889   0.0552 -0.1524   1779.048   2796.852   1778.993   2797.005   1772.803   2769.905 N000485
  1917.369   2801.180 -10.294   1913.180   2762.657 -10.293  -0.1310  0.1796   1917.364   2801.185   1917.495   2801.005   1913.314   2762.463 N000486
  3779.205   2803.192 -12.410   3770.926   2621.590 -12.409   0.2049  0.1922   3779.231   2803.200   3779.026   2803.008   3770.723   2621.412 N000487
  2455.645   2805.111  -8.578   2456.023   2723.150  -8.576  -0.6555  1.6111   2455.649   2805.117   2456.304   2803.506   2456.686   2721.465 N000488
  2687.592   2812.847  -9.869   2688.406   2712.770  -9.868   0.0922 -0.1528   2687.600   2812.854   2687.508   2813.006   2688.313   2712.931 N000489
  2577.317   2816.998  -8.991   2578.010   2725.598  -8.990  -0.2455 -0.0017   2577.323   2817.004   2577.568   2817.006   2578.256   2725.580 N000490
  2312.183   2829.176  -9.303   2311.732   2758.991  -9.302   0.1472  0.1044   2312.184   2829.182   2312.037   2829.077   2311.584   2758.897 N000491
  1950.208   2833.263  -9.366   1946.215   2792.618  -9.364   0.1662 -0.1541   1950.203   2833.268   1950.037   2833.422   1946.046   2792.788 N000492
  2102.235   2841.155 -10.351   2099.961   2788.157 -10.350   0.0681  0.1552   2102.233   2841.161   2102.165   2841.005   2099.893   2788.005 N000493
  2464.561   2842.697  -9.895   2464.862   2760.560  -9.894   0.0614  0.1966   2464.565   2842.703   2464.504   2842.506   2464.801   2760.366 N000494
  1089.202   2844.276  -9.219   1066.213   2877.995  -9.217   0.2023 -0.1334   1089.183   2844.280   1088.981   2844.413   1066.003   2878.150 N000495
   742.167   2848.698  -8.983    706.761   2914.211  -8.982   0.1672 -0.0164    742.142   2848.701    741.975   2848.718    706.587   2914.244 N000496
  2503.973   2851.291 -13.147   2504.389   2766.150 -13.145  -0.0265  0.2263   2503.978   2851.298   2504.004   2851.071   2504.416   2765.918 N000497
   756.180   2865.237  -9.146    721.043   2929.943  -9.145   0.1797  0.2374    756.155   2865.241    755.975   2865.003    720.860   2929.715 N000498
  1253.149   2872.257  -9.308   1234.659   2892.075  -9.307   0.1492  0.2570   1253.133   2872.261   1252.983   2872.004   1234.509   2891.824 N000499
  1217.192   2878.770 -11.265   1197.592   2901.949 -11.264   0.1667 -0.2300   1217.174   2878.774   1217.008   2879.004   1197.417   2902.199 N000500
  1954.520   2883.843  -8.903   1950.205   2843.810  -8.901   0.0197 -0.1570   1954.515   2883.848   1954.495   2884.005   1950.184   2843.972 N000501
  1918.800   2889.730 -11.494   1913.943   2852.789 -11.493  -0.2002  0.2304   1918.794   2889.736   1918.994   2889.505   1914.148   2852.537 N000502
  1765.565   2893.342  -9.069   1758.287   2869.334  -9.067   0.0649 -0.1585   1765.556   2893.347   1765.492   2893.505   1758.220   2869.501 N000503
   519.841   2893.843 -11.110    474.069   2981.691 -11.109  -0.1593 -0.1574    519.812   2893.846    519.971   2894.003    474.233   2981.838 N000504
  1543.243   2897.299  -9.694   1531.643   2892.350  -9.693  -0.2116 -0.2011   1543.231   2897.304   1543.442   2897.505   1531.857   2892.538 N000505
     0.000      0.000   0.000      0.000      0.000   0.000   0.0000  0.0000      0.000      0.000   2487.448   2907.451   2487.636   2824.453 N000506
  1044.349   2910.878 -10.578   1018.920   2950.463 -10.577  -0.1510 -0.1217   1044.328   2910.882   1044.479   2911.004   1019.074   2950.574 N000507
  1142.296   2912.307 -11.511   1119.991   2943.080 -11.509  -0.2035 -0.1929   1142.277   2912.311   1142.481   2912.504   1120.198   2943.260 N000508
  2042.965   2924.592  -9.296   2039.477   2878.022  -9.295  -0.0345  0.0924   2042.961   2924.598   2042.996   2924.506   2039.513   2877.925 N000509
  2538.726   2926.979  -9.434   2539.049   2840.196  -9.433   0.0723  0.0176   2538.730   2926.986   2538.658   2926.968   2538.976   2840.184 N000510
  2792.141   2931.232 -10.499   2792.796   2824.507 -10.497   0.1414  0.0215   2792.149   2931.239   2792.008   2931.218   2792.654   2824.496 N000511
   719.688   2933.904 -10.439    681.854   3004.140 -10.438   0.1128 -0.0959    719.661   2933.908    719.549   2934.004    681.735   3004.249 N000512
  1641.150   2940.539  -8.805   1631.112   2928.174  -8.804   0.1496  0.0392   1641.138   2940.544   1640.989   2940.505   1630.960   2928.147 N000513
  1407.307   2948.154 -10.360   1391.945   2956.286 -10.359  -0.1930  0.1543   1407.292   2948.159   1407.485   2948.005   1392.145   2956.111 N000514
  1827.738   2948.266  -8.553   1820.998   2920.194  -8.551   0.4048  0.0164   1827.730   2948.272   1827.325   2948.256   1820.587   2920.211 N000515
  2153.381   2948.391  -8.220   2150.975   2893.172  -8.218  -0.1193 -0.1086   2153.378   2948.397   2153.497   2948.506   2151.095   2893.273 N000516
  2315.733   2949.826 -11.186   2314.758   2881.368 -11.185   0.1854 -0.1736   2315.733   2949.833   2315.547   2950.006   2314.570   2881.560 N000517
  1658.301   2954.745  -9.922   1648.459   2941.240  -9.921  -0.1986  0.2171   1658.290   2954.750   1658.489   2954.533   1648.664   2941.001 N000518
  2884.617   2958.009 -10.801   2885.140   2844.432 -10.800   0.1166  0.0090   2884.626   2958.016   2884.509   2958.007   2885.024   2844.432 N000519
  1728.564   2988.532  -9.201   1719.720   2969.801  -9.199   0.0636  0.0318   1728.553   2988.537   1728.490   2988.506   1719.655   2969.774 N000520
  3795.467   2991.983  -8.712   3788.112   2810.476  -8.711  -0.0333 -0.0173   3795.490   2991.992   3795.524   2992.009   3788.145   2810.491 N000521
  2429.685   3029.731  -9.435   2429.135   2953.448  -9.434   0.1849 -0.0819   2429.686   3029.738   2429.501   3029.819   2428.949   2953.546 N000522
  1490.603   3031.062 -10.231   1476.264   3034.019 -10.230   0.1028  0.0344   1490.588   3031.068   1490.485   3031.033   1476.159   3033.992 N000523
   770.992   3032.522 -12.326    733.449   3101.147 -12.325  -0.0079  0.0221    770.965   3032.526    770.973   3032.504    733.458   3101.123 N000524
   607.074   3036.031 -10.444    562.473   3120.364 -10.442   0.0736  0.0309    607.044   3036.035    606.970   3036.004    562.397   3120.340 N000525
  3828.482   3039.812 -11.823   3820.919   2856.352 -11.821  -0.0178 -0.1876   3828.506   3039.822   3828.524   3040.009   3820.937   2856.540 N000526
  2170.591   3050.434 -11.316   2167.718   2995.837 -11.315   0.0908 -0.0662   2170.587   3050.440   2170.496   3050.507   2167.625   2995.912 N000527
  3529.399   3055.713 -10.619   3525.829   2894.299 -10.617  -0.1015  0.1173   3529.417   3055.721   3529.518   3055.604   3525.928   2894.173 N000528
  3438.705   3070.692  -9.698   3436.130   2916.211  -9.697  -0.7946 -1.8084   3438.722   3070.700   3439.517   3072.509   3436.922   2917.983 N000529
   248.768   3078.250  -9.358    185.424   3199.252  -9.357   0.0181  0.1431    248.732   3078.254    248.714   3078.111    185.408   3199.105 N000530
  1858.328   3083.865 -11.067   1850.861   3056.327 -11.066  -0.1724 -0.1020   1858.318   3083.871   1858.490   3083.973   1851.035   3056.417 N000531
  3333.293   3092.186  -8.605   3331.710   2945.903  -8.604  -0.0067 -0.2144   3333.308   3092.194   3333.315   3092.409   3331.717   2946.120 N000532
  1746.050   3109.829 -10.524   1736.303   3092.587 -10.522   0.0504 -0.1710   1746.039   3109.835   1745.988   3110.006   1736.250   3092.767 N000533
  1922.082   3114.446 -11.657   1915.381   3082.218 -11.656  -0.3907 -0.0539   1922.073   3114.453   1922.463   3114.507   1915.778   3082.240 N000534
  1963.786   3115.266 -10.665   1957.725   3079.507 -10.664  -0.2137 -0.2051   1963.778   3115.272   1963.992   3115.477   1957.940   3079.699 N000535
  1848.735   3116.409  -9.674   1840.795   3090.497  -9.673   0.1294 -0.0914   1848.724   3116.415   1848.595   3116.506   1840.663   3090.602 N000536
  1543.855   3119.887  -9.365   1529.703   3120.561  -9.363  -0.1446 -0.1129   1543.840   3119.893   1543.985   3120.006   1529.850   3120.664 N000537
  2342.545   3121.141  -9.097   2340.940   3053.775  -9.096   0.0445  0.0952   2342.542   3121.148   2342.498   3121.053   2340.895   3053.681 N000538
     0.000      0.000   0.000      0.000      0.000   0.000   0.0000  0.0000      0.000      0.000   2460.750   3132.508   2459.968   3055.643 N000539
  1853.933   3143.000 -11.331   1845.830   3117.318 -11.330  -0.0668 -0.0002   1853.923   3143.006   1853.990   3143.007   1845.898   3117.313 N000540
  2266.260   3148.886  -9.686   2263.788   3088.446  -9.685   0.0815 -0.1145   2266.256   3148.893   2266.175   3149.007   2263.705   3088.570 N000541
   443.497   3168.043 -11.275    388.326   3273.257 -11.274  -0.0034  0.0432    443.463   3168.048    443.466   3168.004    388.331   3273.212 N000542
   918.508   3179.096 -10.954    884.124   3238.821 -10.953   0.0080  0.0956    918.482   3179.101    918.474   3179.005    884.117   3238.723 N000543
  2339.125   3205.988 -10.589   2337.024   3140.750 -10.587   0.1248 -0.0116   2339.122   3205.996   2338.997   3206.008   2336.898   3140.772 N000544
  2133.623   3213.219  -9.632   2129.173   3165.434  -9.630   0.1229 -0.0309   2133.616   3213.227   2133.493   3213.257   2129.048   3165.476 N000545
   538.892   3246.150 -11.263    486.711   3345.064 -11.262  -0.1077  0.1276    538.859   3246.155    538.966   3246.028    486.827   3344.920 N000546
   875.341   3253.104 -10.127    837.899   3319.604 -10.126  -0.1310  0.1043    875.313   3253.110    875.444   3253.006    838.037   3319.483 N000547
  1867.061   3269.858  -8.958   1857.936   3246.457  -8.957   0.0609 -0.1420   1867.049   3269.865   1866.988   3270.007   1857.872   3246.608 N000548
   784.902   3276.224 -10.337    743.271   3352.285 -10.336  -0.0984  0.2237    784.872   3276.229    784.970   3276.006    743.378   3352.043 N000549
  2252.552   3345.307  -8.865   2248.621   3290.777  -8.863   0.0522 -0.1926   2252.546   3345.316   2252.493   3345.508   2248.567   3290.979 N000550
  2506.887   3346.613 -14.236   2505.405   3270.689 -14.235  -0.0653 -0.1965   2506.885   3346.622   2506.950   3346.818   2505.470   3270.885 N000551
  2419.512   3354.664  -8.739   2417.276   3286.247  -8.738   0.0120  0.1645   2419.508   3354.673   2419.496   3354.509   2417.265   3286.079 N000552
  1373.440   3356.554 -10.128   1351.529   3379.982 -10.127  -0.0601  0.0536   1373.419   3356.561   1373.479   3356.507   1351.592   3379.921 N000553
  2445.540   3411.927 -10.687   2443.196   3342.790 -10.686  -1.0153  1.9271   2445.536   3411.936   2446.551   3410.009   2444.232   3340.727 N000554
  1467.570   3410.648  -8.841   1447.536   3427.323  -8.839   0.0697  0.1479   1467.549   3410.655   1467.480   3410.507   1447.467   3427.176 N000555
  2330.131   3426.560 -11.392   2326.525   3367.606 -11.391   0.1314  0.0605   2330.125   3426.569   2329.994   3426.509   2326.392   3367.555 N000556
  2849.855   3439.873  -9.226   2849.654   3337.945  -9.224  -0.1446 -0.1267   2849.857   3439.883   2850.002   3440.010   2849.799   3338.063 N000557
  2333.603   3448.474  -8.883   2329.883   3389.831  -8.882   0.2461 -0.0258   2333.597   3448.483   2333.351   3448.509   2329.634   3389.879 N000558
  3227.557   3471.035  -9.601   3227.104   3339.540  -9.600   0.0573  0.0353   3227.565   3471.046   3227.508   3471.011   3227.047   3339.509 N000559
  1980.579   3481.488  -9.518   1971.372   3454.473  -9.516   0.0794 -0.0125   1980.567   3481.496   1980.487   3481.509   1971.291   3454.493 N000560
   607.596   3488.023  -8.920    553.238   3590.518  -8.919   0.0959  0.0235    607.560   3488.030    607.464   3488.006    553.138   3590.503 N000561
  1739.078   3488.912  -9.600   1724.839   3483.658  -9.599   0.0778 -0.0880   1739.061   3488.920   1738.983   3489.008   1724.758   3483.756 N000562
  1844.397   3501.544 -10.199   1832.310   3487.269 -10.198  -0.1030  0.0436   1844.382   3501.552   1844.485   3501.508   1832.416   3487.215 N000563
  1836.742   3514.330  -9.115   1824.345   3501.170  -9.114  -0.0077 -0.1389   1836.727   3514.338   1836.734   3514.477   1824.351   3501.313 N000564
  1019.950   3523.268  -9.079    983.003   3586.538  -9.077  -0.0505 -0.1319   1019.920   3523.275   1019.971   3523.407    983.053   3586.670 N000565
     0.000      0.000   0.000      0.000      0.000   0.000   0.0000  0.0000      0.000      0.000   3326.508   3546.511   3325.695   3408.906 N000566
  2186.185   3552.052  -9.029   2179.708   3509.215  -9.027   0.1853  0.1148   2186.175   3552.062   2185.990   3551.947   2179.521   3509.113 N000567
  2140.825   3557.118  -8.427   2133.611   3518.408  -8.426  -0.1745  0.1177   2140.814   3557.127   2140.989   3557.009   2133.790   3518.271 N000568
  1600.286   3593.306  -7.963   1581.204   3604.466  -7.961   0.1861 -0.3935   1600.265   3593.315   1600.079   3593.708   1581.008   3604.892 N000569
   835.837   3644.127  -9.094    788.601   3730.931  -9.093  -0.1005  0.1270    835.803   3644.135    835.903   3644.007    788.709   3730.788 N000570
   844.589   3644.023  -8.556    797.743   3729.946  -8.555   0.0893  0.0232    844.555   3644.031    844.466   3644.008    797.650   3729.930 N000571
  2581.910   3656.869  -8.449   2579.310   3583.168  -8.447  -0.0279 -0.0061   2581.904   3656.879   2581.932   3656.885   2579.338   3583.172 N000572
  4043.891   3666.734  -8.979   4037.290   3476.722  -8.978  -0.0529  0.0122   4043.910   3666.747   4043.963   3666.735   4037.342   3476.705 N000573
  2865.673   3674.120  -9.194   2864.791   3577.090  -9.193   0.1730  0.1201   2865.672   3674.131   2865.499   3674.011   2864.618   3576.981 N000574
   808.267   3687.173  -9.080    758.792   3778.808  -9.079   0.1311  0.0363    808.232   3687.180    808.101   3687.144    758.656   3778.783 N000575
  3546.253   3688.968 -10.251   3544.508   3537.523 -10.250   0.0963 -0.0318   3546.263   3688.980   3546.166   3689.012   3544.412   3537.563 N000576
  1981.086   3694.729 -10.464   1969.593   3674.923 -10.463   0.0862  0.1571   1981.070   3694.738   1980.984   3694.581   1969.507   3674.768 N000577
  1457.640   3695.988 -10.129   1432.866   3724.556 -10.128   0.1399 -0.0122   1457.615   3695.997   1457.476   3696.009   1432.721   3724.582 N000578
  2608.412   3703.790  -8.652   2605.767   3629.296  -8.651  -0.0880 -0.2105   2608.406   3703.800   2608.494   3704.011   2605.854   3629.506 N000579
  3489.514   3720.462 -10.590   3488.147   3574.259 -10.588   0.0142  0.2619   3489.523   3720.474   3489.509   3720.212   3488.132   3573.992 N000580
   758.276   3722.075  -9.009    705.630   3820.504  -9.007  -0.0017  0.1309    758.240   3722.083    758.241   3721.952    705.635   3820.366 N000581
  3857.824   3732.615 -10.439   3853.734   3558.119 -10.438  -0.1492  0.1154   3857.839   3732.628   3857.988   3732.513   3853.881   3557.989 N000582
  1977.705   3747.480  -9.848   1965.533   3729.939  -9.846   0.2046 -0.0202   1977.688   3747.490   1977.483   3747.510   1965.324   3729.978 N000583
  1944.978   3779.397 -10.082   1931.741   3766.054 -10.081  -0.0216 -0.1031   1944.961   3779.407   1944.982   3779.510   1931.762   3766.159 N000584
  1512.795   3798.434  -8.630   1488.029   3826.133  -8.629  -0.2047 -0.0661   1512.770   3798.443   1512.975   3798.509   1488.239   3826.182 N000585
  1629.735   3801.661  -9.449   1608.365   3818.429  -9.447   0.1172  0.1613   1629.712   3801.671   1629.595   3801.510   1608.247   3818.272 N000586
  2627.191   3825.391  -9.201   2623.966   3753.307  -9.200   0.1910 -0.1086   2627.184   3825.403   2626.993   3825.511   2623.772   3753.436 N000587
     0.000      0.000   0.000      0.000      0.000   0.000   0.0000  0.0000      0.000      0.000    917.365   3841.509    869.289   3929.790 N000588
  2034.930   3867.705 -10.431   2022.512   3849.655 -10.430  -0.0695  0.1695   2034.913   3867.716   2034.983   3867.546   2022.585   3849.472 N000589
  3376.380   3871.514 -10.267   3375.539   3738.516 -10.266  -0.1201  0.0144   3376.385   3871.527   3376.505   3871.513   3375.659   3738.491 N000590
  3846.713   3872.266  -8.239   3843.305   3702.140  -8.238   0.6126 -0.0337   3846.725   3872.280   3846.113   3872.313   3842.698   3702.222 N000591
  1310.822   3904.958 -11.521   1277.370   3957.068 -11.520  -0.1777 -0.0424   1310.793   3904.967   1310.970   3905.010   1277.553   3957.095 N000592
   961.400   3908.497  -9.874    913.689   3995.790  -9.873  -0.0725 -0.0035    961.364   3908.506    961.437   3908.509    913.765   3995.786 N000593
     0.000      0.000   0.000      0.000      0.000   0.000   0.0000  0.0000      0.000      0.000   1786.450   3908.677   1767.729   3915.302 N000594
  1002.723   3915.064  -9.852    956.684   3998.497  -9.851   0.1700  0.0641   1002.688   3915.073   1002.518   3915.009    956.508   3998.447 N000595
  3265.331   3919.454  -8.617   3264.590   3796.938  -8.615  -0.1689 -0.0464   3265.333   3919.467   3265.502   3919.513   3264.759   3796.972 N000596
  1338.248   3948.566 -12.554   1304.938   4000.107 -12.553   0.0744  0.0655   1338.219   3948.575   1338.144   3948.510   1304.862   4000.046 N000597
  1290.608   3957.110 -11.500   1255.371   4013.786 -11.498   0.1082  0.1098   1290.577   3957.120   1290.469   3957.010   1255.261   4013.681 N000598
  1938.509   3984.688 -11.630   1922.459   3980.457 -11.629   0.0087  0.1876   1938.488   3984.699   1938.480   3984.511   1922.453   3980.261 N000599
  3642.884   3990.045  -9.333   3641.200   3839.312  -9.332  -0.1163  0.0114   3642.891   3990.059   3643.008   3990.047   3641.316   3839.290 N000600
  1777.997   4024.917 -10.563   1757.251   4037.608 -10.562  -0.0033 -0.0831   1777.973   4024.928   1777.976   4025.011   1757.253   4037.695 N000601
  2733.075   4037.062  -9.671   2729.457   3963.549  -9.670   0.0749  0.0615   2733.067   4037.074   2732.992   4037.013   2729.382   3963.491 N000602
  2369.575   4113.187  -8.897   2360.586   4075.047  -8.896   0.1750  0.1867   2369.560   4113.199   2369.385   4113.012   2360.410   4074.868 N000603
